Car -1 -1 0 22.217877492840767 32.33327293395996 29.98068131453228 40.41399383544922 8.080721 1.0007737 7.759769 26.09928 40.413994 0.5122963 0.0030690283 40.61933292798 
Car -1 -1 0 5.6535588866931334 4.665526866912842 13.101487957789288 12.12034797668457 7.454821 0.99396527 7.4434214 9.377523 12.120348 0.52153194 -0.0046149893 32.130898736259404 
Car -1 -1 0 11.55919264412674 27.67313528060913 19.172630323402558 35.47406005859375 7.800925 0.98615605 7.609924 15.3659115 35.47406 0.50296533 0.003613771 55.715976471530496 
Car -1 -1 0 25.619609806432553 13.34106731414795 32.990749385461974 20.66225814819336 7.321191 0.99684095 7.365992 29.30518 20.662258 0.5398252 0.005266469 32.525597279365634 
Car -1 -1 0 6.370332619763293 14.35882568359375 13.755212881945692 21.331317901611328 6.972492 0.98379964 7.3787165 10.062773 21.331318 0.4974556 -0.0064200163 14.136320905182622 
Car -1 -1 0 30.116740262509747 23.604464530944824 37.12662216424806 30.582420349121094 6.977956 1.0227236 6.99596 33.62168 30.58242 0.53339946 0.014313716 15.796890770981891 
Car -1 -1 0 27.57389106858158 0.9249148368835449 34.17464408766842 7.2195000648498535 6.294585 1.0085818 6.5816097 30.874268 7.2195 0.51689947 -0.020330321 15.40667144381466 
Car -1 -1 0 20.38977501357299 24.134028434753418 28.142237925880135 31.82455062866211 7.690522 0.9990325 7.7249765 24.266006 31.82455 0.4567985 0.031307086 3.1388596156949116 
Car -1 -1 0 3.0710735214801335 22.872483253479004 10.259281169071624 29.97673797607422 7.1042547 0.9551981 7.1835375 6.6651773 29.976738 0.458777 0.0049824677 6.014655938051153 

