Car -1 -1 0 4.221385317583742 37.354270458221436 12.001768750409422 45.09137725830078 7.737107 0.9929112 7.776037 8.111577 45.091377 0.5127164 -0.004454749 54.732231224973624 
Car -1 -1 0 24.717858020107403 33.97878170013428 32.56266718741213 42.010520935058594 8.031739 1.0165571 7.843317 28.640263 42.01052 0.5007156 -0.0014761109 84.07714351278301 
Car -1 -1 0 34.906209234146296 30.103029251098633 42.28724169358808 37.63097381591797 7.5279446 1.0104554 7.375847 38.596725 37.630974 0.47538835 0.005232034 11.286519415618141 
Car -1 -1 0 28.36976467353463 18.186002731323242 36.092019689258336 25.929996490478516 7.7439938 1.0005897 7.7187924 32.230892 25.929996 0.512863 -0.0035079035 28.859853641485238 
Car -1 -1 0 20.507080785553363 13.17402696609497 27.67732168026695 20.520341873168945 7.346315 0.9877263 7.160822 24.092201 20.520342 0.5410125 -0.009890956 20.57873322395851 
Car -1 -1 0 37.67682176734144 19.221298694610596 44.74342817162341 26.279041290283203 7.0577426 1.0249891 7.0555687 41.210125 26.279041 0.5084302 -0.011200472 23.030974425922413 
Car -1 -1 0 16.85964378498263 36.090060234069824 23.985242994802526 43.53758239746094 7.447522 1.0001203 7.1243677 20.422443 43.537582 0.48470983 -0.0012368679 2.8545604440942127 
Car -1 -1 0 39.16360128098626 3.4746155738830566 45.44095194166999 9.606996536254883 6.132381 0.9901483 6.2743006 42.302277 9.606997 0.47862858 -0.0031110316 11.911902568162667 
Car -1 -1 0 9.662372809925087 13.519203186035156 16.067157524547568 19.97195816040039 6.452755 0.9452506 6.3915687 12.864765 19.971958 0.51554847 0.014713974 4.830116279284604 

