Car -1 -1 0 9.891309901541053 26.81709861755371 17.783927754098595 34.850616455078125 8.033518 0.99193674 7.8893623 13.837619 34.850616 0.5299554 0.003326075 41.055787709216546 
Car -1 -1 0 31.423275294191928 7.079951763153076 39.142581639401826 14.832679748535156 7.752728 1.0164254 7.717227 35.28293 14.83268 0.5152783 0.002062054 63.21601096825119 
Car -1 -1 0 8.777046931206298 9.900586128234863 16.485768544257567 17.499370574951172 7.5987844 0.9918549 7.7082014 12.631408 17.49937 0.4970289 -0.000525403 37.98173615845432 
Car -1 -1 0 22.330921162380072 17.88577365875244 29.770103465305475 25.307540893554688 7.421767 0.99523747 7.4267025 26.050512 25.30754 0.5205934 0.013188846 23.337593578781572 
Car -1 -1 0 18.35810807725504 21.060690879821777 25.923393692764492 28.72419548034668 7.6635046 1.0000768 7.553925 22.14075 28.724195 0.5015662 0.011894391 5.174953403676058 
Car -1 -1 0 5.5430439583545805 19.35229778289795 13.319852007221591 27.130266189575195 7.7779684 0.98658764 7.774274 9.431448 27.130266 0.48265517 0.0025954028 9.383704142328147 
Car -1 -1 0 29.38586438864239 35.73098087310791 35.73789964944355 42.13721466064453 6.406234 1.0200708 6.3323493 32.561882 42.137215 0.6054541 0.020619541 11.00214197176476 
Car -1 -1 0 27.537629673314484 1.8464975357055664 34.556478908228485 8.660545349121094 6.814048 1.0124515 7.0092897 31.047054 8.660545 0.5123583 -0.009772614 15.667082860680948 
Car -1 -1 0 17.095028315647667 9.668197631835938 24.746036137477333 16.84261703491211 7.1744194 0.9726597 7.650902 20.920532 16.842617 0.4715757 -0.0001090077 1.7007949257467627 
Car -1 -1 0 17.649503064505105 14.917261123657227 25.64806621039724 22.39202117919922 7.47476 0.98791337 7.983101 21.648785 22.392021 0.45913637 0.016791323 1.3075092823485877 

