Car -1 -1 0 5.084366017122997 15.251314163208008 13.008132762173878 23.144128799438477 7.8928146 0.99165297 7.919028 9.046249 23.144129 0.51570475 -0.0048735687 43.354935053744484 
Car -1 -1 0 10.299466169128962 32.0779914855957 17.74121948455756 39.47862243652344 7.400631 0.9731068 7.431528 14.020343 39.478622 0.50748384 0.0109673245 59.344714820875026 
Car -1 -1 0 28.420937499729547 26.961959838867188 35.89973358181342 34.73262023925781 7.7706604 0.9967996 7.47838 32.160336 34.73262 0.5202139 -0.00041766127 38.00102426572141 
Car -1 -1 0 18.09296514560548 5.270356178283691 25.796698550683583 12.949586868286133 7.6792307 1.0121593 7.693366 21.944832 12.949587 0.5156883 -0.010676129 56.20289539152452 
Car -1 -1 0 37.87995608194263 12.589740753173828 45.233180209561276 20.10133171081543 7.511591 1.0193955 7.347982 41.55657 20.101332 0.49568897 -0.005241299 52.995608699512594 
Car -1 -1 0 8.873657789701053 6.878931045532227 16.4658693404259 14.413280487060547 7.5343494 1.0030086 7.5769577 12.669764 14.4132805 0.4834056 -0.01620029 9.08391025403169 
Car -1 -1 0 29.12199860616061 3.7672033309936523 36.56060332255033 11.226361274719238 7.459158 1.0111809 7.428978 32.8413 11.226361 0.52592325 -0.00987911 37.78780713694386 
Car -1 -1 0 32.47367246694387 34.44746732711792 39.345549029638164 41.32618713378906 6.87872 1.0076466 6.8613806 35.90961 41.326187 0.45847648 -0.010814702 2.9637669331955174 
Car -1 -1 0 19.515886357484668 29.62721538543701 26.855745264829785 36.8402099609375 7.2129946 0.97639656 7.339554 23.185816 36.84021 0.5196731 0.00031289726 1.176021809065563 
Car -1 -1 0 7.747750962268258 24.329039096832275 15.4400256032835 32.1197624206543 7.7907233 0.96251345 7.6710415 11.593888 32.119762 0.5040275 -0.02444343 0.6181305694364143 
Car -1 -1 0 35.09424485471979 20.67633581161499 42.34742079469427 27.592918395996094 6.9165826 1.0243194 7.2312617 38.720833 27.592918 0.34379178 0.023314808 0.3184517714562543 

