Car -1 -1 0 31.572675003728854 31.536224842071533 39.012835250177396 39.26530075073242 7.729076 0.99537194 7.4361134 35.292755 39.2653 0.5015491 0.004129393 79.69179144039227 
Car -1 -1 0 2.3767297003494465 34.105255126953125 10.20072486660612 41.956932067871094 7.851677 0.98576534 7.8205843 6.2887273 41.956932 0.49852127 0.003508836 63.169804801723394 
Car -1 -1 0 36.69352449064776 5.892148494720459 44.16029631013349 13.388450622558594 7.496302 1.0019199 7.457884 40.42691 13.388451 0.50461066 -0.009185203 65.65052497602875 
Car -1 -1 0 11.76645794008871 6.1315436363220215 19.3256708135734 13.699136734008789 7.567593 1.0156953 7.5433135 15.546064 13.699137 0.4956428 -0.01668853 58.22144983126955 
Car -1 -1 0 17.96749443838308 19.5076847076416 25.52183966806223 27.032424926757812 7.52474 1.0032524 7.54786 21.744667 27.032425 0.5200294 0.0066295792 30.92687710247502 
Car -1 -1 0 0.3752379483798576 14.081417083740234 7.866960042037623 21.318965911865234 7.237549 0.96998876 7.486295 4.121099 21.318966 0.48422354 -0.0057213143 21.860149748183314 
Car -1 -1 0 10.693818133167518 24.3241548538208 18.014132458873497 31.62795639038086 7.3038015 0.9966151 7.311773 14.353975 31.627956 0.523932 0.008858369 15.754162705832142 
Car -1 -1 0 22.777454670704586 27.972000122070312 30.13950699921729 35.44529342651367 7.4732933 0.98472977 7.361378 26.45848 35.445293 0.53289974 -0.0006863718 8.616588248314326 
Car -1 -1 0 0.0 26.516152381896973 6.992856831241795 33.812313079833984 7.2961607 0.93622553 7.4126005 3.2766976 33.812313 0.5018593 0.02319242 6.120148468829544 
Car -1 -1 0 2.490734937757667 7.434988975524902 9.728044626146142 14.158254623413086 6.7232656 1.0180852 7.2372003 6.10939 14.158255 0.47198498 -0.000107484346 0.2719448563689923 

