Car -1 -1 0 35.17719344149591 30.41876745223999 42.6613838290119 38.03508377075195 7.6163163 0.9912274 7.4739666 38.91929 38.035084 0.5047929 0.010749972 62.25990954836791 
Car -1 -1 0 0.2365251955619545 36.04599952697754 7.9120954099067955 43.63044738769531 7.584448 0.97846794 7.667712 4.0743103 43.630447 0.5247533 0.008300997 31.313878812526372 
Car -1 -1 0 34.86606185926163 18.766560554504395 42.26588088976181 26.146678924560547 7.3801184 1.0017123 7.397708 38.56597 26.146679 0.49968737 0.0021242113 42.32324003164455 
Car -1 -1 0 22.639487943418885 12.998880863189697 30.249550142518615 20.5762882232666 7.5774074 1.0111616 7.6060743 26.444519 20.576288 0.53776073 -0.0040039364 26.284263739389438 
Car -1 -1 0 8.88743173201179 25.288833618164062 16.5654834596386 33.01027297973633 7.7214394 0.9937953 7.674037 12.726458 33.010273 0.52666986 0.0041047228 22.722767260124634 
Car -1 -1 0 15.795532806805104 16.792256832122803 23.540458098956616 24.589111328125 7.7968545 0.9977538 7.7377005 19.667995 24.589111 0.5240631 0.007456568 16.982900358665724 
Car -1 -1 0 7.138467053251267 11.555683612823486 14.63571431271553 18.929832458496094 7.374149 0.9865249 7.4881706 10.887091 18.929832 0.498057 -0.009546414 52.81844449385558 
Car -1 -1 0 5.2873801997846215 19.064701080322266 13.008277911787644 26.884601593017578 7.8199005 0.9933519 7.7002077 9.147829 26.884602 0.49372983 0.022854658 0.7629993520648171 
Car -1 -1 0 25.710725541281853 28.518217086791992 32.9973433063744 35.17540740966797 6.6571903 0.96945864 7.272171 29.354034 35.175407 0.45651773 0.015844146 0.28521886467933655 
Car -1 -1 0 2.2072213892842587 27.84273099899292 9.721174835691327 34.67975997924805 6.837029 1.0179908 7.48898 5.964198 34.67976 0.48873562 0.02727095 0.4047828115764833 

