Car -1 -1 0 6.703967942231181 32.81399059295654 14.453765975005147 40.708030700683594 7.89404 0.9918064 7.7489977 10.578867 40.70803 0.53924984 0.00080975064 48.188016377764576 
Car -1 -1 0 34.95261618907418 27.460819244384766 42.42487862293754 35.012733459472656 7.551914 1.0114205 7.468571 38.688747 35.012733 0.51928043 0.0037001919 40.77546183757442 
Car -1 -1 0 8.064610082504416 15.401265144348145 15.915610712173319 23.261903762817383 7.8606386 0.9960901 7.8462753 11.99011 23.261904 0.51153755 -0.0048358906 66.494257934472 
Car -1 -1 0 20.52986569273648 8.733619213104248 28.28946261536899 16.643463134765625 7.909844 1.0121754 7.756112 24.409664 16.643463 0.5223763 0.0034894994 30.027096595574836 
Car -1 -1 0 31.833770725924435 8.533630847930908 39.176681544583374 15.944464683532715 7.410834 1.0284219 7.3420105 35.505226 15.944465 0.48226926 0.00087799225 20.6761409195236 
Car -1 -1 0 22.22813712234146 19.54412603378296 29.83940209274643 27.127052307128906 7.5829263 0.9856705 7.6041336 26.03377 27.127052 0.51072985 -0.007449389 20.439519006421964 
Car -1 -1 0 26.30702633728749 35.44284152984619 33.43901782164806 42.49238586425781 7.0495443 0.97366613 7.12346 29.873022 42.492386 0.48534656 -0.009062996 21.602716350902387 
Car -1 -1 0 31.809861764935146 17.97514057159424 39.3326782130922 25.49639320373535 7.5212526 0.9943584 7.5092783 35.57127 25.496393 0.49597803 0.014398229 8.51047504870398 
Car -1 -1 0 8.032765500039318 24.531633853912354 16.062317736655018 32.52788543701172 7.9962516 1.0061724 8.024946 12.047542 32.527885 0.4931662 -0.004664781 3.0184935267180166 
Car -1 -1 0 11.89275404554587 8.324211120605469 19.25839570420999 15.68996810913086 7.365757 0.9882587 7.359464 15.575575 15.689968 0.53154254 0.0064036185 2.28957978063591 
Car -1 -1 0 27.776847381849908 25.434359550476074 35.32977340672431 33.5622673034668 8.127908 0.98537815 7.54785 31.55331 33.562267 0.499844 -0.00525716 0.42620934076937234 
Car -1 -1 0 19.25179694109629 25.9613094329834 26.29530312604238 33.26445388793945 7.3031445 1.005002 7.036571 22.77355 33.264454 0.4489939 -0.0070759775 0.5113778187139479 

