Car -1 -1 0 8.661095606723947 35.0140643119812 16.189364445766287 42.491363525390625 7.477299 0.9999526 7.5233936 12.42523 42.491364 0.48800814 -0.004968289 57.26080565322154 
Car -1 -1 0 15.022617498044703 15.384191513061523 22.658931574220922 23.159706115722656 7.7755146 1.0006757 7.6322136 18.840775 23.159706 0.529661 0.004163645 42.440591294925724 
Car -1 -1 0 33.86078789091089 2.701206684112549 41.15949103975317 10.108366012573242 7.4071593 0.9985121 7.291157 37.51014 10.108366 0.51718694 -0.0077788024 63.97301673897738 
Car -1 -1 0 8.510392742752625 4.366573810577393 16.2779621309046 12.229886054992676 7.8633122 1.0026363 7.767089 12.394177 12.229886 0.49480748 -0.00048015817 34.53290031328162 
Car -1 -1 0 37.66499805567816 26.45963478088379 43.80948924900934 32.41847229003906 5.9588375 0.96653473 6.144047 40.737244 32.418472 0.66018414 -0.00046055493 5.749472692793004 
Car -1 -1 0 1.1696286909141396 2.250833511352539 8.046445298954024 9.050939559936523 6.800106 0.96164364 6.8605037 4.608037 9.05094 0.46050733 -0.01813822 10.414275478678059 
Car -1 -1 0 1.9142024603406256 39.29397678375244 9.101868859239453 46.278106689453125 6.98413 0.98022985 7.158406 5.5080357 46.278107 0.4391114 -0.034103535 6.17564177270046 
Car -1 -1 0 17.085261975980252 8.040992259979248 24.55674775912717 14.96036148071289 6.919369 1.006625 7.436838 20.821005 14.9603615 0.43940273 0.040483747 0.5499460547270724 
Car -1 -1 0 11.434711501051588 23.631786346435547 18.638233140061693 31.028533935546875 7.3967476 1.0061325 7.153388 15.036472 31.028534 0.31704527 0.06479114 0.32239610581317923 

