Car -1 -1 0 10.81497787336635 30.8291597366333 18.836854707200054 39.14818572998047 8.319026 0.98322797 8.021161 14.825916 39.148186 0.49368972 0.00072990893 37.65775680541992 
Car -1 -1 0 28.431527552816366 32.347018241882324 36.04662186124614 40.09187698364258 7.7448587 1.014762 7.608348 32.239075 40.091877 0.5075431 0.006823063 67.33423020106046 
Car -1 -1 0 20.244089052449688 37.781646728515625 28.009698941935078 45.82779312133789 8.046146 1.0050118 7.7584305 24.126894 45.827793 0.5321586 -0.0073521123 16.502366727269273 
Car -1 -1 0 3.34431379286321 19.8742995262146 11.13176328690974 27.70821189880371 7.8339124 0.98202026 7.784496 7.2380385 27.708212 0.4754566 -0.0030446006 35.36667495964543 
Car -1 -1 0 28.891356291507925 13.428335189819336 36.250680146480356 20.790042877197266 7.3617077 1.0001564 7.3553123 32.57102 20.790043 0.5124298 -0.004071821 62.743427029193214 
Car -1 -1 0 14.530967295671614 14.743563652038574 22.03258174607643 22.115055084228516 7.3714914 1.0005915 7.496632 18.281775 22.115055 0.53436434 -0.005075887 32.031027567009446 
Car -1 -1 0 37.75756438822931 5.83598518371582 44.28810516743475 12.258667945861816 6.422683 1.0267403 6.5067987 41.022835 12.258668 0.505926 -0.025126826 15.486930093266892 
Car -1 -1 0 27.710955761910668 23.905922889709473 35.137902117728004 31.327653884887695 7.421731 0.9814748 7.388559 31.424429 31.327654 0.47976694 0.04768872 3.470166344891392 
Car -1 -1 0 22.162827361919128 13.454423427581787 29.532546173237122 20.651927947998047 7.1975045 0.9940262 7.361364 25.847687 20.651928 0.5331919 0.008684655 0.5112282934605763 
Car -1 -1 0 11.146206720713586 23.362607955932617 18.98770250475028 31.242389678955078 7.8797817 0.97667766 7.8273096 15.066955 31.24239 0.48140222 0.015486652 0.7665496445626176 

