Car -1 -1 0 37.59175983033054 25.801737308502197 45.04822430052884 33.61058807373047 7.808851 1.0110104 7.452376 41.319992 33.610588 0.5010468 0.004106016 74.66546389726138 
Car -1 -1 0 3.2716332058933753 20.385701179504395 10.715892734048031 27.77689552307129 7.3911943 0.979214 7.4353285 6.993763 27.776896 0.4947632 -0.009460661 74.14226638168333 
Car -1 -1 0 18.305488416170395 35.04380130767822 25.60975663998195 42.47802734375 7.434226 0.9986645 7.297146 21.957623 42.478027 0.562414 0.007327957 33.35041217106598 
Car -1 -1 0 23.598977505283884 18.916549682617188 31.013361514491507 26.22905158996582 7.312502 0.9975177 7.405392 27.30617 26.229052 0.5418314 -0.009338257 35.01500410109931 
Car -1 -1 0 4.772776554780992 1.7504563331604004 11.849938441556898 8.573416709899902 6.8229604 0.9918573 7.061923 8.3113575 8.573417 0.48562947 -0.0163119 41.358080511490066 
Car -1 -1 0 8.12223375224336 35.895270347595215 15.041031476028124 42.82062530517578 6.925355 0.9669739 6.9026546 11.581633 42.820625 0.52780724 0.017830133 14.569600106457532 
Car -1 -1 0 39.499465831694636 9.909509181976318 45.542343250336614 15.788233757019043 5.8787246 0.99389106 6.0191183 42.520905 15.788234 0.5605639 -0.025946468 4.605865453279695 
Car -1 -1 0 22.046504294990875 27.74859619140625 29.43622657048764 35.0782356262207 7.3296394 1.008006 7.376597 25.741365 35.078236 0.46457464 0.013709398 0.5902631236331983 
Car -1 -1 0 2.584817240536477 28.170268535614014 9.952959706485007 35.543792724609375 7.373524 0.93922013 7.35188 6.2688885 35.543793 0.4185385 0.018681968 0.5735096395096884 
Car -1 -1 0 30.59185469436278 25.014620304107666 37.7017930717505 32.906585693359375 7.8919654 0.9999019 7.106574 34.146824 32.906586 0.45451277 -0.0034057472 0.2891252781318365 
Car -1 -1 0 12.962792704837781 19.396273612976074 19.846415211421984 26.266918182373047 6.8706446 0.96510047 6.8604846 16.404604 26.266918 0.5567236 0.026467383 0.29598353437224706 

