Car -1 -1 0 34.46728901525872 26.353418827056885 42.03707499841315 34.03963088989258 7.686212 1.0009066 7.568763 38.252182 34.03963 0.4978428 -0.0010263339 79.29685712215134 
Car -1 -1 0 7.5912640944201275 27.82682514190674 15.4943262681287 35.7843132019043 7.957488 0.99447304 7.899555 11.542795 35.784313 0.51662326 -0.0035771267 34.83860104380219 
Car -1 -1 0 0.9209550940249547 21.977035522460938 8.486582366302194 29.531143188476562 7.5541077 0.97427744 7.5592623 4.7037687 29.531143 0.5025461 0.006707442 51.697854061339314 
Car -1 -1 0 17.99703337230233 8.111791610717773 25.361189589123452 15.552757263183594 7.4409657 0.9962871 7.3589926 21.679111 15.552757 0.49032426 -0.0052859304 66.01716318297083 
Car -1 -1 0 4.3139051038379925 36.2875542640686 11.514666215742086 43.5433349609375 7.2557807 0.97740626 7.1990724 7.9142857 43.543335 0.49253333 0.0017387645 12.434300422668457 
Car -1 -1 0 0.23229700800163666 5.5061187744140625 7.212131435907055 12.23069953918457 6.724581 0.9657667 6.966368 3.7222142 12.2307 0.5360205 -0.014726168 22.346078482641722 
Car -1 -1 0 24.74268866265912 19.6285719871521 31.98377084051471 26.72599983215332 7.097428 0.9819264 7.2361565 28.36323 26.726 0.5033035 0.005112596 24.34751679302271 
Car -1 -1 0 26.39651009389844 7.70052433013916 33.03004172494922 14.05788516998291 6.357361 1.0164902 6.6062984 29.713276 14.057885 0.29155672 -0.029652648 0.7894657952935847 
Car -1 -1 0 8.345792802605127 6.814176559448242 15.526111570563819 13.86559772491455 7.051421 0.9738537 7.175464 11.935952 13.865598 0.5624466 0.005079836 1.1098659161683027 
Car -1 -1 0 0.1342130959169907 13.048646926879883 7.719202393279787 20.490222930908203 7.441576 0.9470957 7.559848 3.9267077 20.490223 0.42560583 0.030186769 0.44941458106040955 

