Car -1 -1 0 15.320531131824417 36.268667221069336 23.101191280284958 44.183956146240234 7.915289 1.0061295 7.7760277 19.210861 44.183956 0.51105917 0.0046890266 68.19943539480721 
Car -1 -1 0 7.080991462794168 3.5277867317199707 14.657522483739035 11.202886581420898 7.6751 0.9930869 7.5674686 10.869257 11.202887 0.5244313 -0.00946716 49.767829593653204 
Car -1 -1 0 30.884594332057084 10.43124532699585 38.273227323216354 17.886940002441406 7.4556947 1.0060965 7.382933 34.57891 17.88694 0.5089448 -0.0057882518 49.45059226326018 
Car -1 -1 0 19.6691233022365 26.056044101715088 27.17262016700178 33.37422180175781 7.3181777 0.9817705 7.4992137 23.420872 33.37422 0.5112994 0.004437836 27.55597506505484 
Car -1 -1 0 35.463937530194976 25.676695346832275 42.1666471866019 32.283729553222656 6.607034 0.9943454 6.685235 38.815292 32.28373 0.60006493 0.018757682 16.077452786819983 
Car -1 -1 0 22.623479396954213 11.42350721359253 29.536165683612193 18.34943389892578 6.9259267 0.9814813 6.911025 26.079823 18.349434 0.5325264 -0.0017026574 10.834994338017035 
Car -1 -1 0 31.910345276357415 18.584702491760254 39.37491015577149 26.225929260253906 7.641227 0.9761097 7.4601436 35.642628 26.22593 0.5136093 -0.004610628 0.4420520013464513 
Car -1 -1 0 13.039516918642406 20.638625621795654 19.89475966216814 27.033098220825195 6.3944726 0.9428727 6.847924 16.467138 27.033098 0.45022655 -0.007994047 4.637809640311022 
Car -1 -1 0 38.67380486346174 8.401616096496582 45.168335334292166 14.613389015197754 6.211773 1.0111772 6.469703 41.92107 14.613389 0.38546485 -0.026864838 0.8437703513924085 
Car -1 -1 0 21.71623715813776 18.151010990142822 29.47616472784857 25.91193389892578 7.760923 0.9901957 7.7275257 25.5962 25.911934 0.3827576 0.038522016 0.44878605388851567 
Car -1 -1 0 14.28766485192502 9.652385711669922 22.120019474246853 16.279970169067383 6.6275845 0.98868805 7.805834 18.203842 16.27997 0.5918743 -0.030500961 0.5344818348369208 

