Car -1 -1 0 7.306765710040156 28.70399284362793 15.196434820965703 36.864681243896484 8.160688 0.9847691 7.888173 11.2516 36.86468 0.49809396 0.001528695 39.34738540649414 
Car -1 -1 0 25.84379386303803 30.210530281066895 33.631021505614314 38.21556091308594 8.005031 1.009864 7.778882 29.737408 38.21556 0.49908948 0.008545649 60.090368797071086 
Car -1 -1 0 3.409359964768784 7.493635177612305 11.148995366652114 15.102630615234375 7.6089954 0.9917346 7.7279425 7.2791777 15.102631 0.48469558 -0.012388464 74.6607080563899 
Car -1 -1 0 23.049272797083937 11.219425678253174 30.451154449009813 18.648273468017578 7.428848 1.0199783 7.3990993 26.750214 18.648273 0.5076337 0.002755481 44.13612023696774 
Car -1 -1 0 1.94202098468666 19.96493911743164 9.692384151421738 27.615636825561523 7.6506977 0.968548 7.740827 5.8172026 27.615637 0.48568577 0.010267045 25.495805970264513 
Car -1 -1 0 13.295137666006863 13.709190368652344 20.93659374878806 21.300495147705078 7.591305 0.99910367 7.6360383 17.115866 21.300495 0.50534207 0.005539745 31.816081549753033 
Car -1 -1 0 23.75486656558282 21.96351194381714 31.51943305599921 29.734664916992188 7.771153 1.0058506 7.746498 27.63715 29.734665 0.50269216 0.019415997 25.372281979275925 
Car -1 -1 0 16.280223416703997 28.574359893798828 24.166248751264753 36.367469787597656 7.79311 1.0079062 7.88003 20.223236 36.36747 0.49840835 0.0060931165 3.465530593638441 
Car -1 -1 0 33.23122824224955 25.91301679611206 40.07766305413717 32.726905822753906 6.813889 1.0213579 6.8463583 36.654446 32.726906 0.40601537 7.4912656e-05 1.5162818038199473 
Car -1 -1 0 14.174031809517963 37.92842102050781 21.347235127737896 45.22275924682617 7.294338 0.9822881 7.1678133 17.760633 45.22276 0.43192673 -0.005601624 0.4434695681794366 
Car -1 -1 0 28.53633516265719 39.17665910720825 35.78081113861234 46.189430236816406 7.012771 1.0221756 7.2331605 32.158573 46.18943 0.39511555 0.011541378 1.0732111486614349 

