Car -1 -1 0 23.658107510267577 32.087294578552246 31.328151950181642 39.914512634277344 7.827218 1.0030797 7.6684394 27.49313 39.914513 0.519726 0.0016101493 46.989883910151306 
Car -1 -1 0 27.303282100197492 7.655670642852783 34.99972693300563 15.370576858520508 7.714906 1.0174084 7.6914 31.151505 15.370577 0.5198584 -0.0050549125 66.92643202090329 
Car -1 -1 0 11.183334014727604 12.621222972869873 19.005760528729425 20.502782821655273 7.88156 0.99467355 7.819721 15.094547 20.502783 0.5105874 0.0027493034 29.892270360215637 
Car -1 -1 0 9.062207871966194 23.59929084777832 16.419021910138298 30.83660125732422 7.2373104 0.9720736 7.356448 12.740615 30.836601 0.5015906 -0.00037682653 7.619711399078369 
Car -1 -1 0 13.101367400415576 38.1017484664917 20.08631951975044 44.988956451416016 6.887208 0.9651924 6.974903 16.593843 44.988956 0.5417414 0.01083589 12.387912722487421 
Car -1 -1 0 15.240237910631715 5.781648635864258 22.416378300305787 12.866569519042969 7.084921 0.99789107 7.1727962 18.828308 12.8665695 0.50947076 0.0033927725 14.840915873144423 
Car -1 -1 0 20.3068945670521 23.450178146362305 27.96315166707876 31.16707992553711 7.716902 0.9779864 7.627615 24.135023 31.16708 0.50138617 0.03372953 11.477522083060716 
Car -1 -1 0 13.534992455749858 30.13758373260498 21.223636389464986 38.162723541259766 8.02514 0.9577468 7.6825404 17.379314 38.162724 0.4238233 0.0065444782 0.2905963869119655 
Car -1 -1 0 22.637982344440527 40.41594123840332 29.58121397513955 47.188697814941406 6.7727566 0.98603547 6.943118 26.109598 47.188698 0.5196677 0.00011514322 0.27012353510886206 

