Car -1 -1 0 34.67804894292643 34.40784740447998 42.296957160589194 42.302513122558594 7.8946657 1.0184283 7.61425 38.487503 42.302513 0.50201714 0.00465487 85.59094482585978 
Car -1 -1 0 7.434246398471185 6.740469932556152 15.083902023770026 14.458390235900879 7.7179203 0.99053067 7.6469936 11.259074 14.45839 0.51576287 -0.0027159692 40.732662325738545 
Car -1 -1 0 19.226261568692614 3.235982894897461 26.7951770299402 10.724567413330078 7.4885845 1.0133331 7.5599833 23.01072 10.724567 0.5179488 -0.00912564 61.84581017644414 
Car -1 -1 0 37.1998972837999 12.742141246795654 44.33799028944229 20.0450382232666 7.302897 0.9975889 7.1371565 40.768944 20.045038 0.5360609 -0.0009417678 31.619364235253038 
Car -1 -1 0 24.299878069998545 34.605977058410645 31.836833050606923 42.33435821533203 7.728381 0.9715148 7.5295672 28.068356 42.33436 0.4834274 0.0078428 12.845029082566247 
Car -1 -1 0 19.62913352892262 26.483352661132812 26.83558052137035 33.75365447998047 7.270302 0.99109083 7.206172 23.232357 33.753654 0.53481734 -0.00027790846 16.976050481221826 
Car -1 -1 0 7.996418214340887 30.155508995056152 15.200259947280207 37.17132568359375 7.0158167 0.97682 7.1905117 11.598339 37.171326 0.5364528 0.014411168 20.049741840849187 
Car -1 -1 0 10.266146116345126 17.722957134246826 17.60174328795175 24.88877296447754 7.165816 0.97467774 7.3224382 13.933945 24.888773 0.49623805 0.014265665 4.681794572620286 
Car -1 -1 0 24.903889782751012 14.269474983215332 31.90886198726852 21.059772491455078 6.7902975 0.9657147 6.999801 28.406376 21.059772 0.5558384 0.005462666 9.988962944264378 

