Car -1 -1 0 1.8950395575374492 9.855089664459229 9.664488793292628 17.729677200317383 7.8745875 0.99115074 7.7620974 5.779764 17.729677 0.4862105 -0.007646317 65.39449803326012 
Car -1 -1 0 32.694389888034124 27.164997100830078 40.461173466458064 35.1684684753418 8.003471 1.0255797 7.760415 36.57778 35.16847 0.530323 0.0063630496 61.229097533898546 
Car -1 -1 0 14.231356584361343 7.8289031982421875 22.08289436168358 15.517335891723633 7.6884327 0.9992072 7.8484197 18.157125 15.517336 0.49824762 -0.003159917 62.68535306923732 
Car -1 -1 0 7.690780612687232 39.010273456573486 15.28754618479812 46.6572151184082 7.6469417 0.9795304 7.592458 11.489163 46.657215 0.5051754 0.004475454 48.03204673048344 
Car -1 -1 0 23.44579592530763 28.28533935546875 31.309487430405262 36.32408905029297 8.03875 0.99974865 7.859933 27.377642 36.32409 0.5070851 0.0038167299 37.97405719624492 
Car -1 -1 0 29.94285296171673 15.20725393295288 37.51786328584186 22.866283416748047 7.6590295 1.0058067 7.5634875 33.73036 22.866283 0.4999954 0.011997556 44.4432780961586 
Car -1 -1 0 14.833684445217807 24.58451795578003 22.657999514743132 32.38872528076172 7.8042073 0.99607897 7.822191 18.745842 32.388725 0.49312732 0.002150448 27.215255033402727 
Car -1 -1 0 35.510738899296776 7.08518648147583 42.578799674921974 13.902398109436035 6.8172116 1.0199835 7.0665526 39.04477 13.902398 0.53172827 -0.0014864358 14.670032797570075 
Car -1 -1 0 20.976127704985156 14.484387874603271 28.84212104379414 22.152315139770508 7.6679273 0.99784344 7.839342 24.909124 22.152315 0.4822207 0.03032571 4.749156064011721 
Car -1 -1 0 21.314040721207697 10.568969249725342 28.981140553206366 17.646047592163086 7.0770783 0.9821805 7.663181 25.14759 17.646048 0.502961 -0.0040542935 1.6473134519862758 
Car -1 -1 0 16.83722547130227 36.739524841308594 24.30912157459617 44.00897979736328 7.269455 0.9572555 7.467725 20.573174 44.00898 0.086050764 -0.0044343024 0.45547547374107017 
Car -1 -1 0 34.874807867992736 2.186934471130371 41.46142717839398 8.676641464233398 6.489707 0.96368885 6.5533156 38.168118 8.676641 0.53577495 -0.040011924 0.4526112244978131 

