Car -1 -1 0 25.859379218843717 6.682303428649902 33.42638738271878 14.405403137207031 7.7230997 1.0024189 7.56284 29.642883 14.405403 0.522568 -0.0042255875 43.74399108363535 
Car -1 -1 0 4.977272480465803 33.78958988189697 12.845840007327165 41.73878479003906 7.949195 0.98943305 7.8680563 8.911556 41.738785 0.5189671 0.00051763735 44.88892331467439 
Car -1 -1 0 7.96422965056613 3.644801616668701 15.606624536445588 11.314375877380371 7.6695743 0.9886203 7.6330285 11.785427 11.314376 0.5061396 -0.009848955 79.97563587343843 
Car -1 -1 0 19.699321704510652 33.26911497116089 26.743431133624114 40.34415054321289 7.0750356 0.9853062 7.0419145 23.221376 40.34415 0.5167333 0.002245593 22.51614034161782 
Car -1 -1 0 36.84746050729495 20.02104949951172 43.67059826956052 26.690021514892578 6.668972 0.98862684 6.821028 40.25903 26.690022 0.60776544 0.0021498378 18.493218339022228 
Car -1 -1 0 10.808356123474905 24.55764865875244 17.92483632037275 31.467872619628906 6.910224 1.0091413 7.107325 14.366596 31.467873 0.5331643 -0.009382132 23.532990923440362 
Car -1 -1 0 13.274775109951731 33.329524517059326 20.583623327548267 41.03384017944336 7.7043157 0.9822864 7.2967343 16.9292 41.03384 0.49580398 -0.012956106 2.913676849398251 
Car -1 -1 0 16.08424762769917 6.1867523193359375 23.453372916734423 13.590940475463867 7.404188 0.9927167 7.3626094 19.76881 13.59094 0.47683227 -0.0067317435 3.400873685151979 
Car -1 -1 0 28.751919935112127 27.83165740966797 35.29500847064959 34.25092315673828 6.4192657 0.97112155 6.5286655 32.023464 34.250923 0.5277306 0.0156788 4.564236354765517 

