Car -1 -1 0 13.852751128417136 28.701636791229248 21.520749695557473 36.4560432434082 7.7544065 0.9823922 7.665962 17.68675 36.456043 0.5172485 0.0020900571 32.08090409936187 
Car -1 -1 0 34.972250315177206 15.45860242843628 42.68826451636576 23.3756103515625 7.917008 1.0124575 7.7109237 38.830257 23.37561 0.49312425 0.00512824 54.01262205530037 
Car -1 -1 0 37.721560828494454 24.994240283966064 45.23977340002117 32.76407241821289 7.769832 1.0172098 7.513467 41.480667 32.764072 0.45678687 0.0047486722 25.61076541688152 
Car -1 -1 0 22.10736805808328 3.788506507873535 29.660847121360078 11.377119064331055 7.5886126 0.9955249 7.5521355 25.884108 11.377119 0.47697785 0.0013564185 37.557381155167135 
Car -1 -1 0 23.55753734046517 15.238121032714844 31.335376477894204 23.091182708740234 7.8530617 1.0070983 7.7749023 27.446457 23.091183 0.4876982 -0.0029496897 46.21459278712112 
Car -1 -1 0 36.048083164959806 35.23478698730469 43.41037478181754 42.70503234863281 7.4702454 1.0143266 7.360776 39.72923 42.705032 0.52519864 0.0015024805 15.264332946225604 
Car -1 -1 0 26.072563222996354 37.27781867980957 33.3314055880388 44.6575813293457 7.3797626 0.96845853 7.2440076 29.701984 44.65758 0.53055024 0.01631421 14.977370878522512 
Car -1 -1 0 3.4357014413861977 21.526809215545654 10.535827565571811 28.44886016845703 6.922051 0.9619877 7.0864787 6.9857645 28.44886 0.5669469 -0.015017982 18.35443470732021 
Car -1 -1 0 22.602858395419744 27.92472791671753 30.18913760677752 35.227169036865234 7.302441 0.9911698 7.563721 26.395998 35.22717 0.3657568 0.025181003 0.7719618350966211 
Car -1 -1 0 18.892283401865384 20.902431964874268 26.054135360341647 27.868650436401367 6.9662185 1.0086192 7.148738 22.47321 27.86865 0.47191447 0.013663977 5.077787024245328 
Car -1 -1 0 4.532646848549589 28.47494411468506 12.085561082968965 36.00258255004883 7.5276384 0.94369996 7.552094 8.309104 36.002583 0.3643049 0.0008720491 0.268360231260395 

