Car -1 -1 0 31.41637583335883 20.965428829193115 39.22847585121148 28.88486671447754 7.919438 1.0148593 7.808152 35.322426 28.884867 0.5045967 0.0039501013 69.89736996098569 
Car -1 -1 0 23.836597745185035 14.026755332946777 31.70133560442434 22.0249080657959 7.9981527 1.0150992 7.857915 27.768967 22.024908 0.51106757 0.006906062 39.42149156685214 
Car -1 -1 0 6.179050286984621 17.041085243225098 13.908718267702879 24.875858306884766 7.834773 0.9941232 7.7244654 10.043884 24.875858 0.5080831 0.005344544 40.87927179051312 
Car -1 -1 0 4.189898398271682 39.22752285003662 11.491271111616014 46.54310989379883 7.315587 0.9879796 7.296341 7.8405848 46.54311 0.5492085 -0.0051924963 33.03281044991809 
Car -1 -1 0 2.9209159295478235 2.1448850631713867 10.622899683245144 9.722705841064453 7.577821 0.9916923 7.690609 6.771908 9.722706 0.4978336 -0.0120315105 54.67965682543811 
Car -1 -1 0 21.049106028823807 31.068471431732178 28.457058521957443 38.493629455566406 7.425158 0.9939133 7.4009247 24.753082 38.49363 0.52542007 0.0072675296 19.555475178614042 
Car -1 -1 0 16.878882404077807 21.30737018585205 24.567543987523756 29.163372039794922 7.856002 0.9981587 7.680905 20.723213 29.163372 0.4959706 0.008018332 16.43436627287648 
Car -1 -1 0 19.4545255556927 8.215703964233398 27.0132478818073 15.8209867477417 7.605283 1.0165654 7.552059 23.233887 15.820987 0.50961256 0.006722446 28.859287307002145 
Car -1 -1 0 11.17363247300515 8.561789989471436 18.788508563982155 16.062164306640625 7.5003743 0.99901426 7.61179 14.9810705 16.062164 0.49964094 -0.0031262008 15.07443047728513 
Car -1 -1 0 25.965209093963757 22.376483917236328 33.650345715606555 30.409700393676758 8.033216 1.0115377 7.6691103 29.807777 30.4097 0.61015666 0.016931156 0.6704462322888776 
Car -1 -1 0 13.562979736657596 31.58786392211914 20.447205505041623 38.348506927490234 6.760643 1.0175773 6.8720717 17.005093 38.348507 0.44088143 0.012469306 2.3779280863522247 

