Car -1 -1 0 4.858813167295855 5.8180341720581055 12.537577747621137 13.597415924072266 7.7793818 1.004475 7.6767473 8.698195 13.597416 0.49389726 -0.0020237607 61.45789962325621 
Car -1 -1 0 34.436945543202285 11.969587802886963 42.07652033814537 19.78597640991211 7.8163886 1.0181599 7.638365 38.256733 19.785976 0.50770235 -0.0011937877 76.82763154857179 
Car -1 -1 0 3.004154647011063 32.1863317489624 10.317403351646163 39.37416458129883 7.187833 0.97520196 7.3079605 6.660779 39.374165 0.49754244 -0.005537487 58.67877250333214 
Car -1 -1 0 20.82279840371733 35.12321090698242 28.41009649374361 42.92456817626953 7.8013573 1.0028892 7.583374 24.616447 42.92457 0.5229366 0.003972265 41.05449571183649 
Car -1 -1 0 14.01099962269346 10.730713844299316 21.804266032824117 18.506486892700195 7.775773 0.98546666 7.790798 17.907633 18.506487 0.50496566 0.002530072 28.91796008285095 
Car -1 -1 0 24.675615530385986 11.525010108947754 32.122571725473385 19.097599029541016 7.572589 0.98505145 7.4400167 28.399094 19.097599 0.50800014 -0.007242904 22.170364469916436 
Car -1 -1 0 33.1878886042326 27.593125343322754 40.31864215748615 34.778114318847656 7.184989 1.0150739 7.121539 36.753265 34.778114 0.493372 0.00938677 22.574556555078082 
Car -1 -1 0 11.58258684984824 2.8840880393981934 18.59868184216836 10.286059379577637 7.4019713 1.0069937 6.998279 15.090634 10.286059 0.534318 -0.018939724 1.9511024423931247 
Car -1 -1 0 12.914215891771235 29.778532028198242 20.354018361158452 36.88849639892578 7.1099644 0.9894041 7.4308057 16.634117 36.888496 0.48880234 -0.009426778 2.610929361968496 
Car -1 -1 0 26.044368876500002 27.73212957382202 33.484905110316404 35.094085693359375 7.361956 0.9882138 7.4307384 29.764637 35.094086 0.50410783 0.010314608 0.5151245401502677 

