Car -1 -1 0 32.258895371378735 33.41307067871094 39.88900807100408 41.21503448486328 7.801964 1.002064 7.622826 36.07395 41.215034 0.51803684 0.007484769 84.18166846854626 
Car -1 -1 0 4.073087896888863 5.874914169311523 11.973373208457817 13.869550704956055 7.9946365 0.9985734 7.89566 8.023231 13.869551 0.48416436 -0.004720145 45.95143662736525 
Car -1 -1 0 3.9175970440405004 32.20337104797363 11.403401147792996 39.70552444458008 7.5021534 0.9741837 7.480938 7.660499 39.705524 0.52335393 0.005094905 36.57045967611454 
Car -1 -1 0 21.43565849236839 16.895262718200684 29.20663353033669 24.735416412353516 7.8401537 0.9970565 7.7698064 25.321146 24.735416 0.51224715 0.0011776771 31.109153404935263 
Car -1 -1 0 15.56176180673792 33.153507232666016 22.659643222558955 39.89967727661133 6.74617 0.96424496 7.08571 19.110703 39.899677 0.52728736 0.01327001 14.270532732533786 
Car -1 -1 0 15.970733537408918 6.836963653564453 23.57868968036452 14.370569229125977 7.5336056 1.0053854 7.600287 19.774712 14.370569 0.5034597 0.007862037 15.372149623116929 
Car -1 -1 0 22.127282896161894 8.408173561096191 29.444921693681856 15.567634582519531 7.159461 0.9942292 7.3148355 25.786102 15.567635 0.48244345 0.002849344 6.37931972351346 
Car -1 -1 0 37.009497260572424 13.367873668670654 43.875817680833826 20.013423919677734 6.6455503 0.9936727 6.8568964 40.442657 20.013424 0.5258118 -0.00981652 11.728842067304422 
Car -1 -1 0 12.791108564208237 20.96196746826172 20.087889238526138 28.412498474121094 7.450531 0.9885568 7.2830124 16.439499 28.412498 0.44996816 0.014726965 2.173205037862931 
Car -1 -1 0 28.823998293854416 24.98185396194458 36.2573768282159 32.31189727783203 7.3300433 0.98012537 7.418484 32.540688 32.311897 0.52043074 0.016189115 4.705585904700114 
Car -1 -1 0 10.561680529728648 15.939661026000977 18.157767559870962 23.6912784576416 7.7516174 0.9750061 7.567889 14.359724 23.691278 0.51641303 -0.03320576 1.878166473190069 
Car -1 -1 0 23.2837942692274 33.421847343444824 30.69106687579213 40.927127838134766 7.5052805 0.985803 7.3969975 26.98743 40.927128 0.5401726 0.010866119 0.5054086304424079 

