Car -1 -1 0 21.454125566988264 35.68495845794678 29.30501826235744 43.72809982299805 8.043141 1.0147483 7.8464975 25.379572 43.7281 0.5168096 0.00440642 80.74367047676816 
Car -1 -1 0 34.14984453428821 1.7752180099487305 41.435230844129755 8.957221984863281 7.182004 1.0112908 7.2710037 37.792538 8.957222 0.5552795 -0.0150351 43.01541904858538 
Car -1 -1 0 9.433559032843853 21.20987367630005 17.14150276525185 29.01155662536621 7.801683 0.9933275 7.7071867 13.287531 29.011557 0.5101893 -0.00076443114 38.5210986945708 
Car -1 -1 0 20.671074635184212 12.696892738342285 28.344119304024773 20.374622344970703 7.6777296 1.0021477 7.672884 24.507597 20.374622 0.5173231 -0.00016033706 31.770273454501343 
Car -1 -1 0 1.8243551346640903 5.16416597366333 8.783913603128878 11.935751914978027 6.771586 0.9686546 6.953582 5.3041344 11.935752 0.52466685 -0.006313015 22.250158498865726 
Car -1 -1 0 32.36307535150735 19.463764190673828 39.53747549077781 26.35517120361328 6.891407 1.0030446 7.166643 35.950275 26.355171 0.5065993 -0.007959671 24.834726651482196 
Car -1 -1 0 18.694644146393493 21.44679021835327 26.668106860686585 29.24925994873047 7.8024697 0.9891963 7.958915 22.681376 29.24926 0.51339316 0.015698278 9.716131490213264 
Car -1 -1 0 16.690783273010535 29.15266752243042 24.44555782196017 36.922943115234375 7.7702756 0.9933327 7.7286263 20.56817 36.922943 0.5328926 0.029777609 4.480234926921465 
Car -1 -1 0 0.6130933627552455 31.109557151794434 7.571000112586551 37.67912292480469 6.569566 0.95012987 6.9518085 4.0920467 37.679123 0.5209882 0.006576738 9.928991189257879 
Car -1 -1 0 16.205437461342 38.3797402381897 23.37905045369706 45.45945739746094 7.079717 0.98722947 7.160713 19.792244 45.459457 0.5393436 -0.013753211 3.2648758065383734 
Car -1 -1 0 25.716141392312622 17.902294158935547 33.50749904958191 25.615665435791016 7.7133713 0.9918019 7.788909 29.61182 25.615665 0.5314757 -0.0024932828 1.4402963832745497 

