Car -1 -1 0 3.5264605040318573 7.074712753295898 10.910230780147831 14.337593078613281 7.2628803 0.9878299 7.372367 7.2183456 14.337593 0.52161163 -0.01208953 63.8451406851582 
Car -1 -1 0 23.662261750511465 9.196788787841797 31.23076650876588 16.762317657470703 7.565529 0.99545574 7.565031 27.446514 16.762318 0.4966238 -0.0035371333 70.61493623060797 
Car -1 -1 0 29.5729563738552 24.23591661453247 37.053836533859645 31.84305763244629 7.607141 1.0048242 7.478365 33.313396 31.843058 0.5030937 0.0025270975 54.62460459695203 
Car -1 -1 0 30.921953391061827 1.9478025436401367 37.72697239018817 8.483543395996094 6.535741 1.0115181 6.790933 34.324463 8.483543 0.5441259 -0.014645887 17.90048766756964 
Car -1 -1 0 20.020650090250744 24.521721839904785 27.31961709114574 31.651901245117188 7.1301794 0.9682744 7.28774 23.670134 31.651901 0.5008519 -0.012150302 29.174777008417855 
Car -1 -1 0 14.588086338095977 36.69207763671875 20.62405660623996 42.649696350097656 5.9576187 0.9659734 6.031972 17.606071 42.649696 0.54986477 -0.0041942764 4.897353648197033 
Car -1 -1 0 28.24082126845046 16.555907249450684 36.25331935654954 24.30561065673828 7.7497034 1.0141273 8.012287 32.24707 24.30561 0.48355085 -0.0002080096 0.4115757200256388 
Car -1 -1 0 35.891500113973166 22.212754249572754 42.4681113972573 28.529834747314453 6.3170805 1.017976 6.5516396 39.179806 28.529835 0.46412292 0.02685446 0.9708671560333444 
Car -1 -1 0 14.780487385868842 9.275943756103516 22.11994520080108 16.310565948486328 7.034622 1.0017494 7.331894 18.450216 16.310566 0.30054772 0.0077719428 0.46062852810902893 

