Car -1 -1 0 4.894531589442341 16.479703903198242 12.71129002005473 24.396656036376953 7.916952 0.9953393 7.8155727 8.802911 24.396656 0.5107142 0.0011968606 36.425340409326296 
Car -1 -1 0 21.975096641815707 34.91412830352783 29.568150581084684 42.636322021484375 7.7221937 0.9925855 7.591207 25.771624 42.636322 0.5232507 0.0018739288 29.759458546311933 
Car -1 -1 0 23.737054518484534 21.0122971534729 31.445642777658044 28.85609245300293 7.8437953 0.99619097 7.6988134 27.591349 28.856092 0.47979602 0.010215433 49.348994317308055 
Car -1 -1 0 15.347069162675837 10.657365322113037 23.113402944257757 18.398935317993164 7.74157 0.9974179 7.7658234 19.230236 18.398935 0.5052991 -0.0005126668 26.71391226940723 
Car -1 -1 0 5.14071348997437 3.029909610748291 12.658728801285395 10.405721664428711 7.375812 0.988268 7.506792 8.899721 10.405722 0.5346328 -0.011894173 30.51422838335671 
Car -1 -1 0 31.53687279774724 15.121651649475098 38.10665137217463 21.96684455871582 6.845193 1.0458763 6.5684433 34.821762 21.966845 0.51312685 0.0012819467 12.255323582161338 
Car -1 -1 0 24.65609219504533 3.9086599349975586 31.017636747825765 10.02515697479248 6.116497 1.038041 6.3463554 27.836864 10.025157 0.5162224 -0.015353886 12.232855809787551 
Car -1 -1 0 22.5958803356913 14.315994262695312 30.43956964599815 21.60466194152832 7.2886677 1.0187455 7.8241453 26.517725 21.604662 0.29313943 0.020856302 0.5120675514585283 
Car -1 -1 0 15.938008507964922 20.328078269958496 22.96719245028703 27.841960906982422 7.5138826 0.96244216 7.013113 19.4526 27.84196 0.44131124 -0.017861271 0.3181036816888076 

