Car -1 -1 0 8.255974686569473 34.368544578552246 16.1166754599149 42.41371154785156 8.045167 0.99201405 7.8552184 12.186325 42.41371 0.5268247 0.005653017 36.771919398526606 
Car -1 -1 0 29.926339082247996 13.752302169799805 37.64227969216607 21.49815559387207 7.7458534 1.0134369 7.711197 33.78431 21.498156 0.52326536 -0.004767457 68.32341834469521 
Car -1 -1 0 4.910854025385145 6.570446968078613 12.39924843738341 14.093217849731445 7.522771 0.99926215 7.4766493 8.655051 14.093218 0.5427782 -0.012322281 73.1922127582734 
Car -1 -1 0 7.358343543529296 21.84241819381714 15.10861354875586 29.533973693847656 7.6915555 0.9937104 7.7497153 11.233479 29.533974 0.5082306 0.0005595824 35.811894171588264 
Car -1 -1 0 37.92692587712775 35.217403411865234 44.588882228341 41.8657112121582 6.648308 1.0141628 6.656163 41.257904 41.86571 0.5048768 0.005823759 21.27369077586059 
Car -1 -1 0 17.298465601563844 27.320387840270996 24.626155980467406 34.64150619506836 7.3211184 1.0011955 7.313066 20.96231 34.641506 0.51907647 0.015483062 24.080231094377027 
Car -1 -1 0 28.79553209883145 6.467348098754883 36.053138860641205 13.573678970336914 7.106331 1.0065004 7.256717 32.424335 13.573679 0.5171248 0.00088681997 13.496230063463543 
Car -1 -1 0 3.686109373214461 14.36967420578003 11.493586709854387 21.993362426757812 7.623688 0.9801847 7.798517 7.589848 21.993362 0.46036744 0.009500377 0.5828075408935547 
Car -1 -1 0 28.41563399674629 22.087393760681152 35.506485143878706 28.770578384399414 6.6831846 0.98920494 7.0846643 31.96106 28.770578 0.42796472 -0.006401211 0.7790977748394644 

