Car -1 -1 0 23.930616083317034 31.56361961364746 31.65095740301109 39.42823028564453 7.8646107 1.0111442 7.714834 27.790787 39.42823 0.5095198 0.0055646803 74.71152045526509 
Car -1 -1 0 36.39536139095495 4.21419620513916 43.925118955724734 11.904096603393555 7.6899004 1.0204499 7.526635 40.16024 11.904097 0.5126511 0.0030949973 62.93919589091559 
Car -1 -1 0 14.384199936980421 1.9531269073486328 22.006333510285206 9.535146713256836 7.58202 0.995185 7.608056 18.195267 9.535147 0.48771822 -0.015006939 62.23605276242588 
Car -1 -1 0 26.1893347385393 1.740462303161621 33.631145608140386 9.274913787841797 7.5344515 1.0092435 7.4332633 29.91024 9.274914 0.49433196 -0.008751231 36.564639495204304 
Car -1 -1 0 9.92756094811131 28.92284393310547 17.415712214730487 36.3394775390625 7.4166336 0.98036385 7.475939 13.671637 36.339478 0.5033921 -0.01311288 34.689035238041384 
Car -1 -1 0 23.576002203440943 18.963024616241455 30.296312249684057 25.242183685302734 6.279159 0.96199334 6.7153387 26.936157 25.242184 0.54344845 0.0052643027 9.971140830620877 
Car -1 -1 0 8.82793843868214 28.399166584014893 15.92334329959911 35.19886779785156 6.799701 0.9752209 7.0835085 12.375641 35.198868 0.548752 0.012793413 2.812136392534125 
Car -1 -1 0 32.54261514007128 31.59473752975464 39.295717989811536 38.13905334472656 6.544316 1.0698313 6.700409 35.919167 38.139053 0.31909597 -0.06090452 0.3915964295931786 
Car -1 -1 0 12.133547011563106 9.418756484985352 19.169908341220097 16.35101318359375 6.9322567 0.97151613 7.010579 15.651728 16.351013 0.51645124 0.029731808 0.8214586757229468 

