Car -1 -1 0 37.75125582390195 30.96305751800537 44.98541562385196 38.514183044433594 7.5511255 1.0184543 7.2326593 41.368336 38.514183 0.51772565 -0.0014808916 33.40010827956038 
Car -1 -1 0 5.123763387288899 31.020569801330566 12.87496822587028 38.984886169433594 7.9643164 0.99190956 7.7508764 8.999366 38.984886 0.5160004 0.0003315563 38.93047081549806 
Car -1 -1 0 4.8831200958146015 6.672115325927734 12.148938620005712 13.907886505126953 7.235771 0.98517025 7.249839 8.516029 13.9078865 0.51003516 -0.01732557 55.85789494353782 
Car -1 -1 0 12.71428394538404 23.149197578430176 19.937724111256586 30.151472091674805 7.0022745 0.9976007 7.220682 16.326004 30.151472 0.5160495 -0.0027927011 26.16022250836191 
Car -1 -1 0 27.593893768904703 13.46418285369873 34.69243359315585 20.341331481933594 6.8771486 0.9704442 7.0895524 31.143164 20.341331 0.55489624 0.0095978845 12.062418399074119 
Car -1 -1 0 29.86038044473447 32.9377007484436 36.47044536092959 39.517425537109375 6.579725 0.9688723 6.5895424 33.165413 39.517426 0.47250122 0.022979753 18.249028725350524 
Car -1 -1 0 32.50250058879569 2.170146942138672 38.79616731891915 8.368589401245117 6.1984425 1.0062778 6.285054 35.649334 8.368589 0.51910496 -0.008800889 11.241427449854385 
Car -1 -1 0 21.5567903701165 1.6485981941223145 28.422305088867876 8.215117454528809 6.5665193 0.9817396 6.861494 24.989548 8.215117 0.54332733 0.0041558556 8.657951708069831 
Car -1 -1 0 14.948529109744236 35.849706172943115 21.558451786251858 42.83325958251953 6.9835534 1.0054743 6.604279 18.25349 42.83326 0.50304043 0.005720211 2.4326972719169064 
Car -1 -1 0 29.556394074292957 19.390089988708496 36.81228115764064 26.089082717895508 6.6989927 0.988347 7.231343 33.184338 26.089083 0.49764615 -0.027629564 2.8254367445280413 
Car -1 -1 0 18.971212837882977 12.885968208312988 26.130528952888508 20.010311126708984 7.124343 0.9850262 7.1349235 22.55087 20.010311 0.36429802 0.027507178 0.3141470891004468 

