Car -1 -1 0 34.69707540591124 36.02281618118286 42.25701852719423 43.87336730957031 7.850551 1.0012025 7.550311 38.477047 43.873367 0.4870962 0.009997306 68.84113537790263 
Car -1 -1 0 2.8270826595431364 32.12717056274414 10.717051480471511 40.160499572753906 8.033329 0.9965763 7.886301 6.772067 40.1605 0.5084007 0.0037355754 58.23112255102089 
Car -1 -1 0 13.621978288757619 23.791848182678223 21.34178590191621 31.538331985473633 7.746484 1.0027881 7.71739 17.481882 31.538332 0.52174944 0.0024337692 26.461739209485064 
Car -1 -1 0 27.490790023131574 4.553411960601807 35.12199150152663 12.176565170288086 7.623153 1.0122583 7.624848 31.30639 12.176565 0.54163146 -0.006432486 39.48401485867316 
Car -1 -1 0 37.51304148104819 24.663211822509766 44.88467885586587 32.03795623779297 7.3747444 1.0203781 7.369158 41.19886 32.037956 0.4877109 0.0024515893 50.519318607687445 
Car -1 -1 0 36.410992297318344 9.077906608581543 43.48385938725197 16.219449996948242 7.1415434 1.0178376 7.0670223 39.947426 16.21945 0.55744845 0.0058615576 16.088252435031627 
Car -1 -1 0 1.215309119860902 16.4181170463562 9.056482338268982 24.25568389892578 7.837567 0.9811624 7.8391113 5.1358957 24.255684 0.4723966 -0.002119575 29.642748965728483 
Car -1 -1 0 6.644551234976836 8.33561897277832 14.286511463387422 15.760088920593262 7.42447 0.9995402 7.636705 10.465531 15.760089 0.5457873 -0.0053679547 29.48309349430925 
Car -1 -1 0 17.46964213489795 12.6958909034729 24.9576649940083 20.124252319335938 7.4283614 0.99682736 7.4749002 21.213654 20.124252 0.51441604 0.013888001 30.157602899513876 
Car -1 -1 0 17.820624448406058 24.254684448242188 25.306439302814645 30.930023193359375 6.6753387 1.0248194 7.4611397 21.563532 30.930023 0.45759895 -0.026669681 1.8270720342519438 
Car -1 -1 0 20.721246098499723 32.201470375061035 27.58117165662723 38.652305603027344 6.450835 0.95129764 6.84785 24.151209 38.652306 0.51013637 -0.01333406 3.4169805250235767 
Car -1 -1 0 36.543494933417016 14.77254056930542 43.83067346257908 22.14124298095703 7.3687024 1.003925 7.2520876 40.187084 22.141243 0.34406352 0.041051354 0.3600939176472366 
Car -1 -1 0 8.47293569159028 2.040649890899658 15.09547136712554 9.61227035522461 7.5716205 1.0477095 6.611986 11.784204 9.61227 0.6247549 -0.010411239 0.2635250058716796 

