Car -1 -1 0 12.182417203364158 28.442842483520508 20.077417086186625 36.533790588378906 8.090948 0.98697186 7.8943033 16.129917 36.53379 0.4903645 0.0007076627 39.83770751435616 
Car -1 -1 0 37.58679606207096 2.7120604515075684 44.799152119081384 9.804647445678711 7.092587 1.0244386 7.193432 41.192974 9.804647 0.543571 -0.019858569 46.285748143076084 
Car -1 -1 0 8.461156768657679 19.893607139587402 15.951776580951696 27.293865203857422 7.400258 0.98554975 7.4868774 12.206467 27.293865 0.4963967 -0.003853851 23.903310474981147 
Car -1 -1 0 30.110842829882955 34.915101051330566 36.974049443066264 41.79561996459961 6.880519 0.993356 6.856168 33.542446 41.79562 0.5239091 0.0072682095 21.633089746021994 
Car -1 -1 0 31.783974238662438 17.02454376220703 38.914344242782875 24.094585418701172 7.0700417 0.9967747 7.1250715 35.34916 24.094585 0.557407 0.005420887 19.818158398937257 
Car -1 -1 0 25.332952376810045 6.252686023712158 32.63762104848293 13.500741958618164 7.248056 0.981172 7.2944508 28.985287 13.500742 0.5541563 -0.010852008 28.78481404200853 
Car -1 -1 0 22.16209314335274 20.16829776763916 29.041855831256633 26.95490074157715 6.786603 0.98960274 6.876011 25.601974 26.9549 0.51509726 0.0038425752 12.296980087753662 
Car -1 -1 0 15.981001303374326 14.51685380935669 23.30439145785614 21.468975067138672 6.9521213 1.0179033 7.306529 19.642696 21.468975 0.3821802 0.01768856 0.760528252396593 
Car -1 -1 0 24.759204236140484 28.067232608795166 32.29027238739467 35.149356842041016 7.082124 1.0245527 7.4966307 28.524738 35.149357 0.27801308 0.03926097 0.2638618938733486 

