Car -1 -1 0 7.29842257498142 35.04436111450195 15.219828844085963 43.15808868408203 8.113728 1.0164964 7.9213715 11.259126 43.15809 0.4927402 3.4244236e-05 70.23904152062461 
Car -1 -1 0 35.530592139140104 26.03192138671875 42.93062764845755 33.52545928955078 7.493538 0.9961332 7.3998394 39.23061 33.52546 0.5128567 0.00019686933 33.294422208863466 
Car -1 -1 0 37.676906180059824 4.335561275482178 45.099697518670645 11.964810371398926 7.629249 1.025488 7.4137774 41.3883 11.96481 0.5123686 -0.009088696 62.039691114499135 
Car -1 -1 0 37.780539015748474 39.12903451919556 45.03199150182965 46.539329528808594 7.410295 1.0034516 7.250862 41.406265 46.53933 0.5356059 0.00058962597 27.375555457795258 
Car -1 -1 0 31.338925596214832 12.134871482849121 38.74001574900001 19.572721481323242 7.43785 0.9774157 7.39625 35.03947 19.572721 0.504864 -0.0050487677 18.736495971679688 
Car -1 -1 0 1.0446931803999289 1.0838332176208496 7.606919101399388 7.419847011566162 6.336014 0.98746043 6.5474453 4.325806 7.419847 0.4983735 -0.01579616 16.034201162527925 
Car -1 -1 0 0.5136384994701189 29.56215810775757 7.90736102750742 36.79863357543945 7.2364755 0.98441935 7.385297 4.2105 36.798634 0.45210266 -0.008852965 16.92119902723047 
Car -1 -1 0 25.84201639148447 7.169386863708496 32.710817165644436 13.853078842163086 6.683692 0.9754003 6.8679004 29.276417 13.853079 0.5222013 -0.0009260487 6.071354080740546 
Car -1 -1 0 16.763593978691357 12.694127559661865 23.020646743964893 18.506391525268555 5.812264 0.9428828 6.2452545 19.89212 18.506392 0.4085022 0.013079858 4.886897208985456 
Car -1 -1 0 0.2044449228989329 40.03858709335327 7.307588539625481 47.26974868774414 7.2311616 1.0224056 7.0721197 3.7560167 47.26975 0.2628073 -0.034456875 0.4079159869657351 
Car -1 -1 0 12.663586720730612 26.649197101593018 19.519450083468605 33.638099670410156 6.9889026 1.0307276 6.837709 16.091518 33.6381 0.4229213 -0.018784717 0.30147522894034406 

