Car -1 -1 0 15.725758045546598 28.98975658416748 23.13013795054715 36.592811584472656 7.603055 1.0019293 7.396779 19.427948 36.59281 0.5014092 0.0078115854 60.47995935565311 
Car -1 -1 0 2.0065985396398758 28.99524211883545 9.747716836641862 36.750633239746094 7.755391 0.96955186 7.738536 5.8771577 36.750633 0.49241486 0.0026925383 39.4210205078125 
Car -1 -1 0 11.592811208419194 5.209833145141602 19.301662821121823 12.931380271911621 7.721547 1.0028105 7.7069616 15.447237 12.93138 0.50869954 -0.0018984277 34.397981095334124 
Car -1 -1 0 35.629835550169 24.085017204284668 42.55516963781928 30.922998428344727 6.837981 0.9963692 6.919508 39.092503 30.922998 0.51562166 -0.0059711407 32.65656994695223 
Car -1 -1 0 39.1242931331758 39.945794105529785 45.56673164709764 46.35213088989258 6.406337 0.9887132 6.4339924 42.345512 46.35213 0.53227127 -0.00879439 12.954295287207 
Car -1 -1 0 2.3444203256464875 15.74252986907959 10.014529335608396 23.281871795654297 7.539342 0.98023754 7.6684074 6.179475 23.281872 0.5107834 -0.0017479993 28.329308428049575 
Car -1 -1 0 16.488060899572297 19.385343074798584 24.09864716927536 26.806455612182617 7.4211125 0.9937042 7.6064897 20.293354 26.806456 0.5210916 -0.0041896477 14.025464413363057 
Car -1 -1 0 20.118061469437556 22.80626153945923 27.504645897505803 29.729907989501953 6.9236465 0.97143745 7.371414 23.811354 29.729908 0.5372864 -0.016671795 0.9609065125854678 
Car -1 -1 0 28.38560638459313 23.501837730407715 35.16098632780921 30.40031623840332 6.8984785 0.9781404 6.7695637 31.773296 30.400316 0.4638152 -0.006073755 2.435110066409792 

