Car -1 -1 0 34.792856070067984 28.50082015991211 42.54187598559608 36.47114562988281 7.9703255 1.0213267 7.7432747 38.667366 36.471146 0.48496312 0.005750466 69.39024275777938 
Car -1 -1 0 6.678920854645657 33.45626401901245 14.349712263030124 41.182125091552734 7.725861 0.9921839 7.6682587 10.514317 41.182125 0.512751 -0.0025784934 35.47135986162086 
Car -1 -1 0 10.558058756910324 15.499662399291992 18.340779286302567 23.313169479370117 7.813507 0.99271053 7.7771225 14.449419 23.31317 0.4869279 -0.005769451 69.81257023553306 
Car -1 -1 0 18.860602949119873 27.070260047912598 26.739773180030518 35.03241729736328 7.9621572 1.0035706 7.8725996 22.800188 35.032417 0.50977594 0.006724513 47.57556136743175 
Car -1 -1 0 26.302105385815352 28.859673500061035 33.944007437670976 36.64346694946289 7.7837934 0.9967858 7.6346393 30.123056 36.643467 0.48990634 0.007501759 22.972374261968305 
Car -1 -1 0 14.721533485274907 2.5278987884521484 21.636189750809077 9.302481651306152 6.774583 1.002532 6.899071 18.178862 9.302482 0.5105599 -0.01648123 28.009205444727346 
Car -1 -1 0 33.23821153791672 11.088046073913574 39.626015757005156 17.257802963256836 6.169757 1.0095707 6.378931 36.432114 17.257803 0.54463685 -0.009047911 12.911036073496897 
Car -1 -1 0 26.928164039588356 21.599002838134766 34.42750307466946 28.879335403442383 7.2803326 0.9847655 7.4838476 30.677834 28.879335 0.4723447 0.016804956 7.9284098284807945 
Car -1 -1 0 36.45452150910944 37.109586238861084 43.6496883907929 44.060997009277344 6.951411 1.0362406 7.191202 40.052105 44.060997 0.38154817 0.0038781876 1.1873394470533754 

