Car -1 -1 0 22.768045331551 36.226301193237305 30.633012865470484 44.29901885986328 8.072718 1.0072938 7.863944 26.70053 44.29902 0.4796783 0.0010202575 44.869126764009096 
Car -1 -1 0 23.117100694180525 7.311816692352295 30.74252226114174 15.0201997756958 7.708383 1.0101944 7.6236315 26.929811 15.0202 0.5081483 0.0017841709 60.74368953265803 
Car -1 -1 0 0.18805011755786527 32.71117162704468 7.903211746150631 40.41559600830078 7.7044244 0.9821122 7.71208 4.045631 40.415596 0.48713595 0.0031775436 41.13125211085871 
Car -1 -1 0 14.393951608473426 4.01851224899292 21.94141368693673 11.620867729187012 7.6023555 0.9946225 7.542983 18.167683 11.620868 0.51965 -0.004582812 32.07378709992201 
Car -1 -1 0 17.752853410275907 31.93319797515869 25.41027830359128 39.64622116088867 7.713023 0.9886736 7.6555924 21.581566 39.64622 0.48758614 -0.0018668302 8.35343352940639 
Car -1 -1 0 17.559878373416133 23.59630823135376 25.10463426086121 30.952672958374023 7.3563647 0.9922762 7.5321984 21.332256 30.952673 0.5215994 0.013329748 16.829570348764022 
Car -1 -1 0 17.44433574876291 14.113017082214355 25.061989019303496 21.78778076171875 7.6747637 0.99728495 7.61398 21.253162 21.78778 0.5251001 -0.003736706 8.69320251846294 
Car -1 -1 0 10.30499487087018 24.871501922607422 17.48648233249896 31.963504791259766 7.092003 1.0049462 7.176398 13.895739 31.963505 0.555992 -0.0051595513 13.627745518309167 
Car -1 -1 0 3.6540517806967934 2.331347942352295 10.533064842228011 9.122312545776367 6.7909646 0.95944685 6.8654943 7.0935583 9.122313 0.53309214 -0.014883221 7.455605381602023 
Car -1 -1 0 24.44127440013381 0.0 31.523714308362283 7.272814750671387 7.7048397 1.0705428 7.048663 27.982494 7.2728148 0.45011818 -0.03577085 0.33563580627862377 

