Car -1 -1 0 37.295317046342916 9.72026014328003 44.746926911176615 17.317211151123047 7.596951 1.0319765 7.444907 41.021122 17.317211 0.51940143 -0.006654569 68.38014479174079 
Car -1 -1 0 4.081769181481667 7.394039154052734 11.7440984714114 14.853473663330078 7.4594345 0.97568285 7.6564817 7.912934 14.853474 0.51260847 -0.00614113 36.32818316557753 
Car -1 -1 0 1.078658025447722 36.271873474121094 8.654199678714875 43.7882080078125 7.5163345 0.98604476 7.5703764 4.866429 43.788208 0.50262636 0.005348213 38.62594427025925 
Car -1 -1 0 9.121513251500264 23.433817386627197 16.873821373743876 31.199230194091797 7.765413 0.9867203 7.7512574 12.997667 31.19923 0.52008903 -0.001069526 35.551847067760804 
Car -1 -1 0 37.7418221406362 29.562515258789062 45.005896670398954 37.0502815246582 7.4877663 1.017133 7.2597923 41.37386 37.05028 0.52185917 0.0042751743 54.36126165251999 
Car -1 -1 0 27.233776669105602 20.546067237854004 34.866916079917836 28.247386932373047 7.7013197 0.9878887 7.626235 31.050346 28.247387 0.51639307 0.007188348 37.45961041895958 
Car -1 -1 0 25.214798544807977 37.29711723327637 32.39308872325843 44.48707962036133 7.1899624 0.97386694 7.1598864 28.803944 44.48708 0.5439192 0.02043372 37.897954473306285 
Car -1 -1 0 22.74109621074164 6.499502182006836 29.843124675488827 13.380706787109375 6.8812046 1.0000108 7.0986166 26.29211 13.380707 0.54930806 -0.0034541453 18.230626136570294 
Car -1 -1 0 26.47578978495256 28.972142219543457 33.930063486531814 36.6081657409668 7.6360235 0.98401356 7.4182076 30.202927 36.608166 0.48286077 0.043943692 2.312727185246025 
Car -1 -1 0 13.87421606000072 14.065905094146729 21.57487299029225 21.306781768798828 7.2408767 0.9750979 7.6698093 17.724545 21.306782 0.54249614 0.037038684 5.2691174467407 
Car -1 -1 0 19.087269743332453 24.083139896392822 26.672526399245672 31.492748260498047 7.4096084 1.0110395 7.5771327 22.879898 31.492748 0.4691158 0.00829309 0.7644271273612644 
Car -1 -1 0 16.498015661123716 6.707883358001709 23.481686334725893 13.847387313842773 7.139504 1.017531 6.9732475 19.989851 13.847387 0.5279164 -0.010631002 0.4206808358953508 

