Car -1 -1 0 325.32705866679703 176.2245405742728 616.8612216430399 369.07530013762727 1.5504925 1.5927944 3.6888936 -1.1992059 1.5965625 7.866558 1.8632654 129.33490911167758 
Car -1 -1 0 601.7857924076237 177.8588246037278 719.3532131817622 263.53548558167176 1.448489 1.5610805 3.6597629 1.1425638 1.5621476 14.407879 1.8674717 140.55385069165496 
Car -1 -1 0 942.3191263744343 197.3837878688932 1242.0 375.0 1.4605596 1.4853188 3.0811393 3.8949523 1.7284203 6.1888995 1.8666221 75.05653341595347 
Car -1 -1 0 886.1362969667844 178.76750648212726 955.4917269798935 244.07399886016609 1.6417007 1.6314123 3.133255 8.633408 1.8216951 20.20893 1.9288212 48.2008203122634 
Car -1 -1 0 740.9001806637552 168.32720149907718 786.8188138615349 208.08924970782016 1.7119329 1.699233 4.0692973 7.1665335 1.5170339 33.261024 1.874508 29.804896508373236 
Car -1 -1 0 860.7476096317927 173.27258933223507 887.3242856003437 195.3508039302241 1.6200485 1.6587594 4.1123347 20.205805 1.653373 55.235817 1.8601682 9.496431647588167 
Car -1 -1 0 879.674762709868 181.72185969038196 933.4620199555882 230.6334488131036 1.4826938 1.5759728 3.528804 10.036903 1.8075526 24.502323 1.9411422 5.189189837247007 
Car -1 -1 0 770.7200992968342 174.1627796192391 799.9600788349434 202.28112334369078 1.4995788 1.521548 3.7225955 9.938145 1.5769491 40.660393 1.8311782 6.640720191237152 
Car -1 -1 0 591.6721364655161 168.3100485612537 702.6063348279674 208.77470893160674 1.5198953 1.6144466 4.1006393 1.4956487 1.3492196 28.48569 0.30401224 10.819435153876661 

