Car -1 -1 0 384.4419690488779 191.7545937384604 463.53681692058973 244.39162188818418 1.4518218 1.5558226 3.6793933 -5.8336315 2.1045783 23.073147 1.5791054 57.63656068673978 
Car -1 -1 0 315.5630983862393 194.65675614345565 427.8584388500749 263.73437320645354 1.4432733 1.5854357 3.8304152 -5.851928 2.0513637 18.205359 1.5663495 80.11889570849064 
Car -1 -1 0 166.07335343047131 199.32669931514803 364.8497749429464 306.2676084226629 1.4643652 1.6318424 3.9171124 -5.845558 2.0069127 12.8207855 1.5810834 99.67635032476845 
Car -1 -1 0 807.5893761606719 159.91165120676953 947.5642957704671 204.5555893256348 1.4863458 1.6723671 4.2120104 9.181391 1.0554516 24.919697 -0.029191911 61.05682631622814 
Car -1 -1 0 430.3575635413067 190.21961837706792 492.0387423808013 230.2869989081349 1.3981967 1.6272651 4.123693 -5.8811436 2.1465478 29.030588 1.5725207 29.47921472122649 
Car -1 -1 0 472.52486686935396 186.63287029849286 521.181902543969 220.08684293192744 1.5216384 1.5645117 3.9097955 -5.6356654 2.2568061 36.486423 1.6505878 17.480609100177674 
Car -1 -1 0 656.5056775798946 175.85348358428138 696.4093620345865 211.49801063389157 1.6829143 1.6100543 3.9245267 3.3178906 1.8422897 36.368286 1.5608695 19.610357744061357 
Car -1 -1 0 807.4298226251371 157.02064492919018 921.9697412563916 201.17010179293385 1.6253817 1.6164124 3.7754626 9.635919 1.0424696 27.420734 -0.02599829 12.711756961966561 
Car -1 -1 0 663.8476143933935 176.730818021037 714.537762355226 215.02195853851165 1.5193796 1.6088233 3.8892756 3.3546085 1.6965693 31.00397 1.5326552 16.167270440827874 
Car -1 -1 0 778.6374051847679 167.81705471692092 882.5798219258575 204.22214316061454 1.449591 1.5954397 3.8919683 9.181715 1.249028 30.02672 -0.27505872 5.113106656242768 
Car -1 -1 0 1081.5897417780723 141.98489685537862 1192.6674396733927 178.45831405592705 1.5900667 1.5705554 3.8461752 23.543686 0.24432114 32.278534 -0.019663341 7.859153125597313 
Car -1 -1 0 1113.126084412394 141.98745461407643 1239.730712780759 179.11578421180107 1.4896079 1.5881966 3.9873104 23.312067 0.2512259 29.759481 -0.008498314 8.084990413684482 
Car -1 -1 0 651.5022106232763 178.29390813165608 679.8600104884351 204.29900980024573 1.5731068 1.509521 3.6041572 3.5590668 1.9351391 46.21148 1.5632262 2.803583973873674 
Car -1 -1 0 736.3146738347136 172.44707475650918 787.1676408246457 204.9519134119394 1.429984 1.54025 3.5745778 7.012956 1.412082 33.54619 1.5490527 2.2108843212910867 

