Car -1 -1 0 664.6122865881929 184.06626079033228 768.1202806534175 258.1618695893505 1.4252565 1.5339991 3.9752638 2.3083544 1.7137438 16.529913 1.5030539 55.2611996713995 
Car -1 -1 0 48.53272332635835 193.5600537204517 440.4875579077586 375.0 1.4693332 1.6307229 4.0706677 -2.6637657 1.7123668 6.384234 1.5047789 101.59929641714847 
Car -1 -1 0 749.2477078722121 149.64301057666626 1136.4833983848812 375.0 1.8332505 1.608286 3.7626991 2.4569669 1.6887019 6.397541 1.5415008 119.15708116794565 
Car -1 -1 0 448.7507233891849 184.24005523941017 534.7564294750388 245.43011946270948 1.4572396 1.6915741 4.049999 -3.140268 1.8044305 19.970448 1.5781305 79.83956308377869 
Car -1 -1 0 529.9814396261312 178.16426780089975 564.3162465698806 206.92075982107025 1.5429268 1.6353924 3.880156 -3.5323033 1.8616873 41.371334 1.5701725 18.982920900856918 
Car -1 -1 0 706.222309430437 182.25510073997177 875.8993826305907 304.46379598046536 1.531227 1.6049025 4.0514235 2.6288288 1.7062007 11.391688 1.5556787 40.97409347432715 
Car -1 -1 0 626.0398035153196 173.92849684590217 654.9220501602964 201.0407462550648 1.6847436 1.652418 4.123773 1.9762962 1.7579309 47.073326 1.5571482 11.039802897695521 
Car -1 -1 0 557.1105221463287 177.58969588734922 577.8654846105632 196.69464823867827 1.4989741 1.6585311 4.2981515 -3.5052745 1.9065413 59.899567 1.506317 1.856372982177414 
Car -1 -1 0 508.8311659829591 178.9799602865664 533.9345145144331 198.70457190105796 1.4882417 1.5458426 4.2500596 -7.038748 1.9979521 57.901077 1.5583355 9.722092149924064 

