Car -1 -1 0 363.37343069916835 191.8922442547862 449.2084393778806 246.67269420071574 1.469306 1.5323358 3.5313342 -6.2080135 2.1078413 22.401552 1.6160879 83.5645061922024 
Car -1 -1 0 659.2151035636366 175.33349711442727 721.4394927691521 224.0142678376212 1.6033278 1.6387148 3.8821812 2.8218188 1.6992629 25.941418 1.5259125 71.4384825347669 
Car -1 -1 0 463.84916901056357 182.92429961160232 509.1582595354851 217.725742425158 1.5851293 1.6439981 4.2075415 -6.1094985 2.1201615 36.21366 1.5486522 32.66223546069584 
Car -1 -1 0 414.11270788487053 189.84262098852523 482.1663186187679 232.92116348216896 1.4529234 1.5944726 3.8775744 -6.145026 2.1555762 27.868065 1.6189125 51.14364397661411 
Car -1 -1 0 0.0 205.09571661049716 94.15298620624468 246.96367143409776 1.4606265 1.5959603 3.676415 -23.430017 2.8809333 29.917032 1.5316453 21.434111772931434 
Car -1 -1 0 40.65893796598375 201.6121318661255 146.43893968114912 246.14066049573987 1.5358604 1.5989528 3.727402 -20.721762 2.7727375 29.165922 1.5751504 30.694445492001744 
Car -1 -1 0 532.082274217998 182.06569242966333 556.6916205034918 198.79205241356777 1.4864199 1.5947537 4.019086 -6.1536083 2.3873649 68.49037 1.6711065 2.1398471044041885 
Car -1 -1 0 627.6031069788096 175.14710404213395 645.4419260299285 189.55192568872894 1.4479389 1.6262906 3.7288208 2.7802837 1.6923149 75.01068 1.5464197 2.028556165133424 
Car -1 -1 0 108.52480634725154 201.58420370918725 203.3902494569554 244.3446254494494 1.4540774 1.6271667 3.8744185 -18.229366 2.696312 29.205517 1.4964545 2.489860485315661 
Car -1 -1 0 513.3336010298384 181.28858335739068 535.6466089078807 203.2816768764485 1.4859695 1.5406617 4.2914505 -6.174278 2.1273904 52.65886 1.4713397 0.5662097796157848 

