Car -1 -1 0 675.2726027937032 181.69941930567123 740.9599195538151 228.26741569242117 1.4285276 1.56701 3.505636 3.2845473 1.7522964 24.613548 1.5104117 65.22066017161875 
Car -1 -1 0 744.2070383853448 175.92089491751787 924.6769837667346 302.4477349149344 1.6054032 1.627933 3.7246192 3.229537 1.6605536 11.110252 1.5738727 122.92142626396272 
Car -1 -1 0 829.5970516936202 186.25127541951517 1242.0 375.0 1.521862 1.5882572 3.5422854 3.1783063 1.6677338 6.079913 1.5773532 89.10790802202148 
Car -1 -1 0 0.0 185.57779337140948 304.43927896175165 307.94138538577903 1.4140372 1.6366307 4.3374634 -6.531517 1.5983995 9.496126 -0.06556504 125.66894450397096 
Car -1 -1 0 729.5150127447421 180.6822783681866 825.3411270148096 214.30410229324318 1.4262612 1.5901197 3.8997126 7.362415 1.7818506 31.896143 0.043337233 20.95922799607278 
Car -1 -1 0 172.92689447747324 179.58113670782598 400.72685279039376 257.5958448829757 1.5150452 1.6639209 4.0139785 -6.600111 1.6640666 15.076236 -0.037933595 68.60191934339615 
Car -1 -1 0 307.2760594772889 174.9774083147645 464.0089967041198 237.54137533630114 1.626828 1.6272689 3.759741 -6.022852 1.6872578 19.677124 0.023221934 24.494376356342478 
Car -1 -1 0 376.93097407424915 171.5862265546084 504.75448775134043 225.12108685527525 1.7517285 1.6394356 3.9321856 -5.667181 1.7102453 24.514198 0.04356658 25.72262703421277 
Car -1 -1 0 400.5838130428262 171.59815337372717 510.35370334335147 215.0463410857189 1.7057481 1.6818898 4.195972 -6.190669 1.6564442 29.353874 -0.09032733 7.56877852282508 
Car -1 -1 0 484.53735175435133 174.88968226405092 551.6226228226346 199.78307390409745 1.6290588 1.6844229 4.2674074 -6.071765 1.7674217 48.19923 0.00033128657 6.489238396355317 
Car -1 -1 0 719.2661680001697 175.04082735704839 807.4771861308908 210.26188246730953 1.6276727 1.652958 3.9490335 7.2860804 1.7351496 34.465015 0.08797886 5.4938370625661666 
Car -1 -1 0 257.6713826096471 181.09904636975384 456.26592235300603 247.26673783893338 1.4684069 1.6203418 4.180379 -5.8861475 1.675447 17.18214 -0.0610995 8.239085772170894 
Car -1 -1 0 343.9274124975918 181.65343775962066 492.9919997421762 232.14613329122307 1.469795 1.6028634 4.1423645 -5.796464 1.7507704 22.172478 0.03186102 7.55451004083858 
Car -1 -1 0 454.9211713501602 167.3132946450921 534.5645904183682 201.80096449702188 1.8015628 1.6417444 3.9619117 -6.099636 1.5121279 38.589367 0.03914371 0.5913636841472015 

