Car -1 -1 0 787.2442892785919 185.23951085286615 1098.120819506351 302.5048664356318 1.4710648 1.598122 3.6734655 4.563647 1.6621062 10.189718 -0.07797337 117.26884010418232 
Car -1 -1 0 452.48893132909535 177.28859707447 491.251992931067 203.56564275199102 1.6880391 1.6442422 3.850384 -9.415626 2.0029554 49.14816 1.1177592 18.796725227666975 
Car -1 -1 0 0.0 183.41572516681046 285.43752730713805 286.2544475553833 1.4696434 1.6089045 3.8873267 -7.435334 1.6502936 11.420874 -0.060490284 137.4895595694347 
Car -1 -1 0 734.8617065492991 187.28336369559813 986.1385179822908 280.2824105575584 1.4564146 1.5533335 3.7779393 4.1968164 1.7217927 12.417263 -0.04072256 34.58098638690407 
Car -1 -1 0 37.36690537442383 179.15502447462188 291.0956961892991 271.3601204334152 1.5999925 1.634369 3.7821312 -8.304551 1.7298095 13.768009 -0.15394866 26.098250275660583 
Car -1 -1 0 1010.4288112385225 182.50116391184758 1080.167683975913 207.92122718976833 1.4821452 1.7112901 3.8278663 27.471577 2.1193027 45.630608 1.4138215 32.04755335557433 
Car -1 -1 0 123.47523143544582 172.6917424521347 330.3058781889816 255.06459196193347 1.7374488 1.6673774 3.813495 -8.51399 1.7340263 16.3625 -0.16954587 35.28989581157372 
Car -1 -1 0 1108.876543970848 189.21557109420448 1168.3594926935614 227.4758431159202 1.3684981 1.5878226 3.928962 21.67369 2.0827851 29.506344 2.300691 16.28193997153952 
Car -1 -1 0 190.18859958427632 167.167325097685 363.27287399170075 240.36880257761717 1.7903206 1.6159979 3.8311021 -8.540778 1.651239 18.820717 -0.20075646 6.486894392509267 

