Car -1 -1 0 693.1232328880966 178.40909083599556 802.8117049320088 258.30628111515745 1.5566382 1.6630216 3.9774542 2.983823 1.6978323 16.337729 1.5549471 104.98364033063828 
Car -1 -1 0 160.43219723583385 197.45119764528582 347.23460219170937 300.7543352876218 1.4650661 1.5411197 3.4474301 -6.094796 1.9612129 12.809021 1.599365 104.58032102945192 
Car -1 -1 0 411.10588394420444 177.92326755661222 480.7955172512462 229.33763187386495 1.7235873 1.7205017 4.176161 -5.9550066 1.9260557 26.711239 1.5478568 60.94036500752886 
Car -1 -1 0 304.3711894036667 191.65612803553554 426.07296875571984 260.19826824902304 1.4460374 1.6064355 4.046415 -6.0625434 1.9789441 18.399113 1.6075505 104.67866672213353 
Car -1 -1 0 559.7932442341427 180.5541138308246 583.8644088377599 198.9516298942154 1.4421711 1.6847032 4.0670166 -3.121811 2.1080666 60.34035 1.6000667 3.2890307079686902 
Car -1 -1 0 524.1217437773255 180.93015512290876 545.5440612977121 200.058330737136 1.4669061 1.5467788 3.5923562 -6.053549 2.1446073 58.714123 1.5203204 3.953556986369397 
Car -1 -1 0 448.9895343393983 181.85651780119704 501.7744760767222 219.22444292150868 1.569409 1.6057925 4.1202 -6.132141 2.0117419 33.3778 1.5891684 5.295825286433269 
Car -1 -1 0 635.773748009674 177.2022630642421 653.7764041556501 194.42889335688838 1.4935582 1.583609 3.725647 3.169193 1.8990935 65.40276 1.6074857 2.853697824942518 
Car -1 -1 0 1056.2943366808972 152.54252813633653 1132.7403012354716 173.80120160033752 1.4541659 1.6114528 4.1808653 33.75086 0.06479156 50.289314 0.061983127 0.250348836183548 

