Car -1 -1 0 678.3167296691589 183.78441831897908 750.2336721298764 240.77354477774725 1.4215004 1.571614 3.4822683 2.8763056 1.7573683 20.420273 1.5835488 86.32672935479468 
Car -1 -1 0 777.4564213457523 177.2877905736348 1152.1627149752135 375.0 1.6431223 1.5818572 3.4540179 2.8136904 1.694552 6.6006703 1.5144744 148.41631643084378 
Car -1 -1 0 730.0329033673196 175.47134964701425 855.4719826890508 225.77760631235796 1.7075173 1.7098306 4.0687704 6.4092903 1.8039051 25.582714 0.06692162 62.29052908724874 
Car -1 -1 0 220.46504549816717 186.7641964622683 432.1746499941224 258.2005787891428 1.451393 1.5927058 4.0189548 -6.1017904 1.7726617 15.825514 0.021346094 81.38640183467385 
Car -1 -1 0 0.0 187.6018032429795 276.40676162747127 344.6658683269919 1.5173907 1.620361 3.974358 -6.088421 1.7024899 8.102869 0.07308748 64.81852448136706 
Car -1 -1 0 288.0396561941917 184.1224411759064 466.83619702690004 247.5491385880357 1.4832624 1.5771524 3.9480705 -5.699918 1.7774603 18.003931 0.02315804 69.34987976031759 
Car -1 -1 0 635.9880655677609 178.8646779805094 660.4191106517758 200.52979347896374 1.5288552 1.7102435 4.30499 2.8711722 1.9992521 54.295193 1.5949658 6.393558303591342 
Car -1 -1 0 340.2520961596958 181.61383320087324 486.23353181013897 231.19921721583484 1.4794612 1.6098487 4.1555185 -6.141408 1.7679985 22.815405 0.071399875 36.375287682524196 
Car -1 -1 0 351.19388758068925 179.53857491347875 474.8001038277675 227.0458898516876 1.604218 1.6335735 3.9216914 -6.8594418 1.8477501 25.44445 -0.013194375 7.432379699512577 
Car -1 -1 0 0.0 164.8723883102114 288.23808869984543 300.7447608526841 1.7839911 1.6631992 3.8613746 -6.9231973 1.6791933 10.380771 -0.039424613 26.57142173074436 
Car -1 -1 0 81.01064568824138 186.2676104642846 344.68624198717174 275.2433666036957 1.48116 1.5919248 3.904909 -7.057192 1.7408448 13.11828 -0.028122751 17.472579695131405 
Car -1 -1 0 315.456320594773 180.70181883566264 465.4513284036942 239.3301711361818 1.5691053 1.5580606 3.7674527 -6.1588926 1.8021574 20.49393 0.08335844 10.63592141010628 
Car -1 -1 0 381.9083882697923 180.7735210682328 500.52174923128666 220.56317145926852 1.4606543 1.6064992 4.161318 -6.4132986 1.7749255 27.73813 0.04436773 4.523262323180926 
Car -1 -1 0 401.07964662692 179.78951199057016 504.3112577678347 217.06693443655448 1.5001876 1.6229982 3.9436307 -6.5643234 1.8019321 30.399452 0.09380466 2.6867816428840343 
Car -1 -1 0 679.5299920503699 180.8803349213527 757.911224356534 209.8960013367068 1.5069783 1.6117595 3.9621482 5.815799 1.9467988 38.729885 -0.0012559211 2.4329338057507464 

