Car -1 -1 0 686.9718382056064 186.90851253334733 797.2810682953226 260.772873017276 1.4234649 1.5687068 3.4500585 2.8845372 1.7775078 16.381897 1.4717386 107.56048257342579 
Car -1 -1 0 647.7000778322296 181.796525497594 708.8557304201671 225.86624620738058 1.4125551 1.6098915 4.154004 2.3998616 1.7622902 26.10246 1.5183772 51.436299640331164 
Car -1 -1 0 83.99202091758985 193.6931486166763 369.93237176047217 286.5938323823305 1.4273202 1.6086066 4.011666 -6.347842 1.8051912 12.267576 0.0057802238 130.8493119947676 
Car -1 -1 0 395.4070695379763 183.69273389103873 510.9674875448386 221.61380640127265 1.4840521 1.674889 4.3736715 -6.4230924 1.9483538 29.87003 0.09384567 29.109087728949266 
Car -1 -1 0 272.7742114936634 186.95628328078712 442.8465858053821 246.13606011707304 1.4720254 1.6209136 3.9695194 -6.636048 1.8660011 19.265165 0.041679163 38.32548968471909 
Car -1 -1 0 173.55912777184133 189.85352371998476 391.05677933809795 268.87400557833035 1.4712708 1.5365622 3.7008195 -6.501263 1.8336056 14.578849 0.01737082 35.86131481697301 
Car -1 -1 0 304.76385305305934 184.72769388287367 452.199812326157 236.86711092794246 1.476299 1.5935292 3.936938 -6.8583994 1.8475313 21.691906 -0.035976887 17.54584884436801 
Car -1 -1 0 340.9228038938635 184.65685244960275 466.7406103803272 232.01304312687054 1.4903258 1.5459853 3.7342303 -6.8138866 1.8994153 24.087513 0.08078936 14.51201542086787 
Car -1 -1 0 229.43464423985557 190.05245734258787 414.48346289004104 256.33909622824706 1.4314961 1.5472025 3.7379246 -6.675332 1.8571115 16.953297 0.07021408 24.014605144221846 
Car -1 -1 0 643.1509752108985 179.6387921301482 681.6726486017535 211.1628378211071 1.4881542 1.5389993 4.1191735 2.6592212 1.8560915 37.043922 1.5363256 6.874510170891596 
Car -1 -1 0 454.5681145066704 178.33778070816066 527.6440634416973 209.15368264634 1.640624 1.6220421 3.6592562 -6.533869 1.9527782 39.94405 0.18164289 3.5977709484654006 
Car -1 -1 0 628.800706158622 176.84260079666083 652.0658278094959 197.65834903477594 1.5454733 1.5803554 3.7692795 2.3745322 1.8666314 56.198143 1.5516901 2.062761740831295 

