Car -1 -1 0 3.471578692562664 187.03959294349414 243.9810198598281 292.0969063005942 1.5772439 1.6612415 3.9848533 -8.31713 1.6149664 12.864752 1.5579956 128.90910183129643 
Car -1 -1 0 266.4797400287436 193.90913860193646 436.6421901066052 296.4844582316243 1.4148619 1.5909898 3.9147882 -4.114402 1.5866576 12.22818 1.5446548 108.55440414473301 
Car -1 -1 0 263.81855872927633 187.72638201974152 361.86619542335785 240.45548285010432 1.3932364 1.5572773 3.542172 -8.464765 1.472801 20.973473 1.5214149 22.61955181751225 
Car -1 -1 0 431.64657483427885 186.28497949520087 505.8210755474218 234.21883700095424 1.4284277 1.5854394 3.5275998 -4.3984966 1.4657571 23.298939 1.6146836 67.97114443740143 
Car -1 -1 0 578.2561107177753 180.09524987338344 609.2768966446819 208.51800863127318 1.4874316 1.6237429 3.6927955 -0.7359545 1.2194662 39.48024 1.5527245 17.337363765063934 
Car -1 -1 0 479.4893508802658 183.43744330588342 521.9234074067529 216.5170753216893 1.4451995 1.5470773 3.928537 -4.888881 1.3675102 33.400787 1.5287511 20.681335359285455 
Car -1 -1 0 381.73639872955266 183.16533320676814 437.6381970346075 220.2726061050107 1.5439649 1.6030712 3.534396 -8.640959 1.458653 31.704159 1.5361638 30.536017824011697 
Car -1 -1 0 506.55798829296026 181.9973672861152 540.9061823396429 207.49420663975587 1.4508256 1.5851715 3.7701986 -4.9235992 1.2676955 42.79438 1.5769111 10.243901631071346 
Car -1 -1 0 361.8123772994458 181.06230256083435 417.4878544606102 208.0226329124487 1.4807549 1.580943 3.8449626 -12.489997 1.252636 41.500652 1.7199199 7.267022994790839 
Car -1 -1 0 248.11567999058846 172.47487408851512 340.5877591443646 226.0250712137182 1.9811394 1.8564758 4.474273 -12.41181 1.5097808 28.854174 1.5460432 3.394683487859821 
Car -1 -1 0 614.0758569884704 181.60693342489208 636.2047930908577 200.23640004220806 1.523098 1.554672 4.071029 1.4885101 1.2280545 60.84661 1.5164045 0.2587856352329254 

