Car -1 -1 0 329.42723718752904 182.923653536269 477.83196753668204 278.008970126106 1.4847047 1.6153816 3.700054 -3.515096 1.4489157 13.083943 1.5825642 102.3647098563085 
Car -1 -1 0 82.31213584969318 175.3949337634784 288.7814777092224 274.496226680431 1.6096618 1.636004 3.943886 -7.725328 1.4501472 13.655361 1.561732 119.13727972310532 
Car -1 -1 0 581.9607309266868 176.77759091772143 620.0643253078422 212.34625020983074 1.5145634 1.6236719 3.2721944 -0.3021279 1.155257 32.26503 1.546766 22.9349027971564 
Car -1 -1 0 279.18125480868287 184.45100786915717 389.770303605605 239.65278119445364 1.4223905 1.5921072 3.7004006 -7.603363 1.4026866 20.408781 1.6183294 33.00252548764755 
Car -1 -1 0 0.0 187.2730416607043 148.50170047089424 264.796223474271 1.4229307 1.650981 4.2187247 -12.089999 1.4732699 15.448581 1.6104622 33.831784672272256 
Car -1 -1 0 480.53062436372824 179.84541943666426 542.7902844987693 225.54200512476547 1.4849505 1.6470786 4.2258844 -3.2937517 1.3104386 25.4733 1.5701847 55.88220513316491 
Car -1 -1 0 446.40767289001127 179.24907626234432 486.73462428948363 207.06568571690434 1.4529611 1.6190268 3.55715 -7.6474853 1.1413031 39.352528 1.5380777 19.947611703170924 
Car -1 -1 0 182.74562845395604 181.52225637550998 292.2696848495663 231.28968718297634 1.4503083 1.5949423 3.5586467 -11.559536 1.3426751 22.739445 1.5853583 7.519955761685263 
Car -1 -1 0 386.99083209400646 183.75386589852283 450.4473753776717 221.78483113297605 1.4146562 1.5293156 3.7284272 -7.418535 1.3602797 28.60808 1.576369 3.0467978872688257 
Car -1 -1 0 361.6840941351287 174.51708613021933 399.9941800370501 202.81404467030987 1.4806083 1.5292821 3.7672465 -12.416439 0.9208148 39.600388 1.3980786 1.4547830411916813 

