Car -1 -1 0 697.9316789923971 181.040369381609 846.1989366424658 279.5707114936357 1.4734434 1.635118 4.2687798 2.7819872 1.6490104 13.311829 1.5347507 92.79229873825426 
Car -1 -1 0 672.899261949534 177.81603262705764 739.0775643958066 224.82091519153417 1.4108052 1.5582097 4.0391397 3.1332917 1.59079 24.129671 1.5404899 50.339833377310036 
Car -1 -1 0 259.85883663377945 185.88016526805833 460.3056729877181 250.82404129457973 1.428914 1.6193244 4.2073407 -5.839199 1.7554865 17.16733 0.053983178 97.3012923157248 
Car -1 -1 0 46.58625003896615 180.4055026551048 342.1194081521433 291.5024686140047 1.6025245 1.6150384 3.8963423 -6.5264297 1.7340062 11.553978 0.105917916 55.54697063235193 
Car -1 -1 0 0.0 189.9234305968442 277.96036658494086 322.8217999537169 1.4875107 1.6019721 3.8397737 -6.4774294 1.7228767 9.119175 0.015121684 56.872316834594564 
Car -1 -1 0 293.3975513631879 179.69924792535366 456.4755764397015 238.52149491232063 1.5335289 1.6210638 3.9522753 -6.351351 1.7292525 19.815624 -0.0022809468 15.463943118074841 
Car -1 -1 0 646.897337171138 172.3331973600011 682.4380846936721 200.42422496882384 1.613206 1.6389741 3.8799443 3.2695384 1.5832973 43.41839 1.5158331 8.778115259927421 
Car -1 -1 0 330.86241992508286 167.71189523233264 469.6746347049238 228.29321600850315 1.7886118 1.6587176 3.772116 -6.366201 1.6367954 22.199913 0.036228083 4.172996144030974 
Car -1 -1 0 455.5570012218538 175.9174949522719 532.5226782455559 204.78237498005768 1.4925908 1.5697122 3.7891145 -6.1168118 1.6596148 38.42193 0.070789546 1.9720245859405923 

