Car -1 -1 0 261.6846424620044 185.44910427431435 391.80654456241643 267.1610931135174 1.4908682 1.6863425 4.1319656 -6.0685997 1.8072925 15.977267 1.4546341 68.96094462448062 
Car -1 -1 0 579.1543912865521 174.69066408090052 637.2697622509082 219.6986682858917 1.550031 1.5953548 3.5423875 -0.11506739 1.6232482 26.88308 1.4009163 81.95162669667859 
Car -1 -1 0 744.344710203039 175.43225895260937 1028.8468611338287 356.21456318890813 1.526485 1.5823365 3.2705848 2.708673 1.5606313 7.84861 1.4687076 99.38790899583618 
Car -1 -1 0 405.94054058170667 181.27438717650335 450.567075825422 217.39816992238488 1.4661396 1.5679008 3.701539 -8.01516 1.8638862 32.13719 1.4240857 24.57096055260021 
Car -1 -1 0 557.5779968336903 174.2228351072859 594.5943101204934 204.65099897971504 1.4794993 1.5663958 3.66231 -1.768477 1.5536802 37.17915 1.4298425 28.21404713559835 
Car -1 -1 0 150.7611988203047 193.96562525723277 337.0357911264952 319.1646853603053 1.4180562 1.541669 3.6419535 -5.2030635 1.7894871 10.759716 1.3783766 30.85343013079692 
Car -1 -1 0 646.0204009017194 165.08223656363944 775.574079997978 258.24505018379415 1.6689088 1.6066478 3.6370528 1.9355998 1.5296862 14.854334 1.3996307 97.67134359733784 
Car -1 -1 0 422.6088316689205 176.6703491172451 460.0454023532375 205.9597150678211 1.5601945 1.5992697 3.8647325 -9.498676 1.7874553 40.962307 1.4670511 4.458542161211305 
Car -1 -1 0 536.2686448958606 175.4871119817106 566.7425449003275 198.01816169613863 1.5642186 1.6248951 3.775857 -4.2662506 1.7635524 52.594604 1.3280711 4.050777636034082 

