Car -1 -1 0 232.06202266366273 185.64603704789263 426.91003629619496 251.3770671563064 1.4830911 1.6225044 4.094818 -6.688282 1.8086543 17.491474 0.029849758 84.73477248820119 
Car -1 -1 0 658.6903871091522 174.0832539513521 736.8828585517041 237.68753688219675 1.801465 1.7289288 4.41269 2.6668525 1.8440793 22.768173 1.522821 97.19693312017772 
Car -1 -1 0 289.16892826831327 186.43619175254727 462.7874653513752 243.4062137867381 1.4700547 1.6140184 4.245393 -6.316867 1.8582609 19.813717 -0.0010680472 16.37737286854284 
Car -1 -1 0 645.6587651698237 180.86000172527451 686.1564825797711 216.21770383006566 1.5236733 1.5845795 3.6243706 2.5838022 1.9181554 33.734577 1.5634129 7.870420779228537 
Car -1 -1 0 336.7827605046187 186.95732397257976 473.10313607923536 237.56973285261046 1.468549 1.564696 3.7453895 -6.240276 1.9198117 22.245808 0.03162582 15.26450730156482 
Car -1 -1 0 386.39222386778613 181.74090056175652 485.8053121353427 225.7907329146051 1.5778289 1.558768 3.3572483 -6.4307365 1.9201312 26.981844 -0.018371215 4.843491098338224 
Car -1 -1 0 437.00287062085533 178.44081234020416 522.6629557395868 211.6345369962686 1.6165988 1.6636434 3.9852757 -6.4891157 1.9049809 36.34403 0.03476876 3.301386248549672 
Car -1 -1 0 814.1769515926743 195.62298658725203 1181.8299528566272 375.0 1.4777794 1.4871466 2.9188933 3.5598152 1.7539918 7.121434 1.1876748 3.149057608713528 
Car -1 -1 0 515.0419740912355 177.77770616618903 543.1279136199265 201.95385007941013 1.5838444 1.6816769 4.1242537 -5.560735 1.9408942 50.22418 1.5239553 2.980224579081849 
Car -1 -1 0 102.81666370097406 186.1335536791077 372.61072731708765 288.0023566694717 1.4933381 1.5265138 3.556694 -5.841585 1.7231232 11.64131 -0.045841336 0.8395258545890057 
Car -1 -1 0 636.8503186868138 180.2222428290877 662.6837844150375 205.26640356266435 1.4824312 1.5686492 3.712895 2.562776 1.9688709 45.73208 1.6346657 0.6183425220342009 
Car -1 -1 0 401.23374888796286 176.2646630571171 503.26616342677204 219.131140346096 1.8128965 1.6778984 4.119802 -6.8160114 1.9662865 31.553963 -0.027993564 1.1038345725792948 
Car -1 -1 0 380.28985624180035 173.71343411319015 492.9775423427097 220.79221050801812 1.853235 1.6718926 4.2008324 -6.95961 1.8892375 29.330868 -0.028362203 1.0557381517462021 
Car -1 -1 0 664.5908730495473 170.4225504369803 705.3553436463926 184.22190943865715 1.4560767 1.6395935 4.288417 8.032223 1.1995153 77.11486 0.075817145 0.2715182304382324 

