Car -1 -1 0 424.9102868955873 183.11203641431618 507.7070261852843 241.0394685151569 1.4615202 1.5832032 3.5817575 -3.8030176 1.4084444 19.930256 1.5739686 84.96880345318125 
Car -1 -1 0 308.6817846194191 176.8099327519343 400.09234506201534 233.25936887188482 1.6695335 1.6156576 3.8724794 -8.036613 1.4209268 23.203434 1.5626707 79.68537946329909 
Car -1 -1 0 0.0 171.20997157152814 406.55900643306086 375.0 1.6070447 1.6669115 4.2877245 -3.1188216 1.5274098 6.2556076 1.5403019 69.51675774756352 
Car -1 -1 0 570.170358778198 178.8921393289897 611.8308294139583 218.37821361461417 1.5695813 1.6561153 3.3415115 -0.6542219 1.3182182 30.250687 1.5644451 20.39181419486608 
Car -1 -1 0 386.5713421893877 185.18724320874864 438.05562655336405 222.38092280571388 1.4514531 1.5851519 3.6559796 -8.05529 1.4503427 29.966536 1.4435985 20.615156770648017 
Car -1 -1 0 11.90492879874918 178.90789765010274 183.93164494001817 242.037180301599 1.3813462 1.5876145 3.7437496 -12.250246 1.2433238 17.609034 1.5609744 9.38107635919512 
Car -1 -1 0 498.1201941283463 179.46409405585868 544.8547505735264 217.12354447306538 1.5827982 1.6438107 4.021375 -3.777009 1.3410627 32.2296 1.5635087 34.555933445336095 
Car -1 -1 0 0.0 188.5734853169382 198.66737273483224 303.75295738751663 1.4355757 1.5349653 3.5535853 -7.9175806 1.4946678 10.85752 1.5487581 10.773883559025666 
Car -1 -1 0 137.97566597786587 187.73066092263463 293.152162908486 258.26586355189517 1.3943183 1.5227135 3.6095576 -8.600683 1.45712 16.144796 1.5693336 8.647438693610843 
Car -1 -1 0 196.8642817922397 185.70022431956897 297.78018252178606 230.31400441459718 1.4266789 1.5960081 3.895582 -12.371914 1.4448407 24.987854 1.5585134 0.2508141100406647 

