Car -1 -1 0 662.6740998041587 178.82992769872482 717.081211500278 223.13633607093817 1.4949759 1.5250348 3.973505 2.91812 1.7341838 26.883604 1.5550114 91.3770311539918 
Car -1 -1 0 709.5293249353421 183.1457481624348 877.3697789029012 305.20953612768466 1.5011711 1.5558113 3.7948577 2.6117015 1.686857 11.10703 1.5528146 75.4848031825428 
Car -1 -1 0 765.1189157919862 170.62383951441134 1242.0 375.0 1.6647024 1.6451207 3.8189874 2.4440715 1.6532292 5.6225977 1.5721619 126.246114228732 
Car -1 -1 0 231.6415039930066 177.9702645374918 490.47605988800905 367.4489349738004 1.607567 1.6804576 4.4252105 -2.5206 1.6836722 8.487938 1.5299679 104.4862123760176 
Car -1 -1 0 394.6292555328936 183.54225825006256 539.4969198634436 282.8099463823164 1.4898996 1.6426582 4.3405128 -2.4564593 1.722895 13.517344 1.6250485 95.71283792069578 
Car -1 -1 0 554.0076052066336 177.99306784455098 584.6891926866103 209.08411174424677 1.6362877 1.6441677 4.2405834 -2.2540905 1.9425328 40.841972 1.525114 18.09481310475793 
Car -1 -1 0 648.4884691416905 177.62699228214677 689.6449479595259 210.28602371789842 1.668627 1.6319002 3.9917257 3.2042422 1.9436225 39.51826 1.4932239 29.19624367533272 
Car -1 -1 0 637.2270138934648 175.62736269284048 663.3860688509757 201.31437760562184 1.9137651 1.6698499 3.8906622 3.1368642 2.1372228 56.160034 1.5318208 1.9545586656502698 
Car -1 -1 0 442.61303853975176 186.4355432144997 529.806190797028 253.23661750868172 1.4528382 1.5773504 3.6300638 -3.009999 1.830517 18.247978 1.5729481 0.8376035485478949 

