Car -1 -1 0 676.1069037797558 181.62311620474 734.7620875792429 224.9218394534761 1.4426115 1.5853057 3.4686277 3.4535885 1.7862258 26.513035 1.5369456 67.40480102311348 
Car -1 -1 0 790.8186229438869 188.75712169263116 1076.4142372200565 366.4924799441882 1.4325093 1.5849113 3.6330712 3.2193587 1.6486771 7.975516 1.5910313 67.5550946394769 
Car -1 -1 0 728.9441875320231 177.0121636247237 874.6639978448984 280.82566066684575 1.5810623 1.6452558 3.8383992 3.2876403 1.6674784 13.069201 1.5791597 104.27655894091437 
Car -1 -1 0 22.59259066391638 184.7243577334682 358.5220513455461 282.648875381653 1.4071418 1.6338736 4.361503 -6.446637 1.6098516 11.450564 -0.024965798 139.28725830304148 
Car -1 -1 0 230.37562785238288 179.9688999626323 429.46056975812263 248.27151682048319 1.5129027 1.6640396 4.054497 -6.479132 1.6892896 17.024817 -0.0153166475 65.21066742325164 
Car -1 -1 0 721.7374147998256 180.47795246866735 818.9519456480951 212.49453089361262 1.4454236 1.59847 4.189096 7.4772873 1.8111455 33.78939 -0.0113138165 16.72763236802605 
Car -1 -1 0 337.82412580332 175.8815700460607 480.7057232514735 231.15820760014344 1.5790055 1.6310427 3.806261 -5.901658 1.672919 21.542385 0.012552962 22.137957331250423 
Car -1 -1 0 396.87577894693607 172.66011475209464 512.5498118792385 220.9167068587669 1.711497 1.6295466 3.875348 -5.6117134 1.7046204 26.440094 0.018047437 14.896816966141246 
Car -1 -1 0 293.63302101582025 180.90922178494904 473.21813333830846 241.14290498595406 1.4926256 1.6262764 4.252705 -5.8551207 1.7155676 19.048206 -0.051534053 14.289647942801318 
Car -1 -1 0 493.5598680918544 175.39625927783584 558.9011871354239 199.3873695077352 1.6310796 1.6911912 4.30276 -5.7623653 1.8112235 50.190887 0.042955443 4.1285984131515425 
Car -1 -1 0 477.79847924127904 173.7976814540946 519.3710258689703 211.21074188164735 1.5735065 1.6112367 3.5173638 -4.909245 1.6180822 32.260395 1.4834331 1.5939255395848066 
Car -1 -1 0 717.751622845489 175.55269021772372 804.5038149705013 209.0855879001573 1.6334106 1.6969705 4.1111093 7.5734525 1.7732422 36.349846 0.09336374 2.1348885173969614 
Car -1 -1 0 516.23833607211 174.54296165868755 571.3781156760932 197.76834117252864 1.7385811 1.7144762 4.1367836 -5.025654 1.8702633 55.210026 -0.09309744 0.4167045056819916 
Car -1 -1 0 367.27237334925064 182.0913563717544 503.4217180157133 228.2916846642519 1.4651663 1.6041133 4.1420307 -5.725935 1.7831582 24.023476 0.0063287476 2.10160513970033 

