Car -1 -1 0 960.3967533716286 151.6535915553772 1133.5634849580224 256.98272991827326 1.6764171 1.6153647 4.039618 8.007246 1.3389916 13.633688 1.7976084 141.47000578079948 
Car -1 -1 0 928.4487770340133 160.40919346642008 1022.0044304134703 228.62673276895526 1.6422191 1.6218784 4.038236 9.761608 1.3426318 19.539211 1.8757463 68.36922374451221 
Car -1 -1 0 0.0 215.11032389209234 315.46838515564565 375.0 1.4983968 1.6042582 3.5370226 -5.601927 2.100625 8.888225 0.37561905 129.1046668676991 
Car -1 -1 0 708.6332788736124 172.62662808820366 792.7866077352726 250.08056440662202 1.5406594 1.6490977 3.9520075 3.3218086 1.5361366 16.472052 1.824579 78.25359966292021 
Car -1 -1 0 772.2442010499213 172.379183473686 813.0845837625636 212.09453878031866 1.5287154 1.5352589 3.3745785 7.553097 1.5104387 29.605637 1.8458549 20.29331921283379 
Car -1 -1 0 902.7020630498785 155.17478333902972 961.1148127885749 207.76041134753174 2.0017004 1.5776594 3.940682 13.126379 1.3287313 29.572636 1.830801 40.521271957066936 
Car -1 -1 0 891.866752342659 159.6191615468164 929.0663170704665 197.377505418815 1.970983 1.6430117 4.0479794 16.560745 1.2801251 39.845413 1.9025483 9.271546171410035 
Car -1 -1 0 730.4561820982212 167.1963642529447 793.4496631040945 230.72414572725015 1.669144 1.6376045 3.7915063 4.4993725 1.5204939 20.99598 1.8169336 3.935829142392627 
Car -1 -1 0 545.494550496772 179.02626470569132 585.2651202105782 198.31854392148634 1.4744956 1.6904957 4.026087 -3.5526478 1.9955277 58.725983 1.9450456 1.103396998421412 
Car -1 -1 0 774.6608360104806 172.73568540674694 817.2332022880704 206.5871067124538 1.485158 1.5465162 3.483003 8.708774 1.479967 33.558395 1.9328505 0.3235324025154114 
Car -1 -1 0 586.5467044755824 173.20672016836605 646.8186996032787 197.02783467452102 1.6121418 1.597051 3.903779 0.5043038 1.6373229 50.191257 0.28835833 0.5097800454508811 

