Car -1 -1 0 778.8895843336326 197.21858883117724 1097.0705944912133 375.0 1.4391217 1.5549388 3.4522586 2.9500833 1.7449241 7.3037195 1.5356642 99.03485022256017 
Car -1 -1 0 791.1113870358641 183.81516435925528 988.049394507074 256.87317929401416 1.6008987 1.687674 4.070676 6.52308 1.8778313 17.177984 0.104527235 55.029986690613775 
Car -1 -1 0 401.4188787243125 179.81202009225132 503.9395947173617 218.70261996245407 1.593165 1.7208799 3.9904113 -6.621464 1.897886 30.733486 0.0026411056 47.337656929276065 
Car -1 -1 0 69.13430965497936 182.00056904250724 352.5396286817416 291.3386344962155 1.6308787 1.6823138 3.7478924 -6.4033537 1.7952336 11.948898 -0.0957364 115.49250967908695 
Car -1 -1 0 818.5626190586922 193.785651776878 1052.8258920257417 270.66908044269815 1.4088806 1.563071 4.0230627 6.450348 1.8577493 14.588398 0.05179019 56.18210582207131 
Car -1 -1 0 719.1635091044028 176.63143250040753 865.0873896867098 230.92395341880103 1.8008657 1.7277564 4.6071 6.2639933 1.9371724 25.053171 -0.05232919 59.624887374755005 
Car -1 -1 0 431.9313996694878 174.32731921864476 522.9717544159839 211.7497032114722 1.8002319 1.7434626 4.2913465 -6.494666 1.8755126 35.829803 -0.07881428 31.147275662128916 
Car -1 -1 0 316.45262951184975 184.611561105644 450.3958034773238 233.46312320111096 1.501323 1.5877426 3.8901896 -7.2820225 1.8988392 23.500011 -0.052455842 4.284365301514869 
Car -1 -1 0 484.6061822517324 180.8110366781263 541.6529375739793 201.88255827029747 1.5076935 1.6100886 3.912673 -7.203372 2.117455 53.96223 0.2897761 0.8199885537792672 
Car -1 -1 0 304.9411702966412 170.97093129457318 454.5114502649621 234.28043696577384 1.7791868 1.665013 3.846755 -6.6664085 1.7262669 21.177176 0.035265237 0.2514873445034027 

