Car -1 -1 0 394.90361245797106 184.89883575892372 484.1582809734437 239.4831321509144 1.364651 1.5818434 3.5469282 -4.4984264 1.3567291 19.756243 1.5846734 88.33858702579512 
Car -1 -1 0 160.0778793435424 190.1149903123869 391.87011057849224 310.4965477951058 1.4025229 1.5887959 3.9897966 -4.533586 1.487999 10.539837 1.5620575 102.51751019626441 
Car -1 -1 0 57.79171042156055 179.73174096759806 213.58798956750158 244.34895127894129 1.5169705 1.6289 3.6941528 -12.081982 1.3882277 18.72509 1.5732118 78.80975518810571 
Car -1 -1 0 436.277382692954 178.26049567338086 498.1675290712793 219.59759062441108 1.490006 1.605206 3.796495 -5.335932 1.239304 27.82116 1.585462 37.24106728694769 
Car -1 -1 0 337.8781809827573 181.01268024373545 404.42826952228216 221.100122773422 1.4437529 1.5332593 3.4317079 -8.992107 1.2923808 27.630821 1.5364659 37.582499069226984 
Car -1 -1 0 574.7580638372688 176.13305455569403 611.3659334859377 208.26668953670833 1.4863031 1.6493561 3.818877 -0.64317995 1.0661962 35.173576 1.5885093 14.283104420596839 
Car -1 -1 0 185.2910141497321 187.18110158828392 322.47385904773057 250.86075654395069 1.3986421 1.5958679 3.7041562 -8.5528145 1.45229 17.76277 1.5617118 12.475225867376635 
Car -1 -1 0 419.1102158246816 172.70526764435718 465.0950724960618 203.01044552235754 1.538145 1.6017041 3.9666007 -8.773423 0.9031757 38.48009 1.5566638 5.4498814003808524 
Car -1 -1 0 335.20468639471164 178.58794722685104 390.20301067839034 209.12443836272337 1.4751914 1.5357925 3.7282891 -12.374052 1.1550105 36.592457 1.5694886 1.0035050512708195 

