Car -1 -1 0 696.6184658690685 189.69836497094118 798.7551252885894 260.9556118293405 1.3716838 1.5387491 3.4640822 2.9645422 1.4810256 15.795501 1.5617623 98.96790763189068 
Car -1 -1 0 373.9662795684093 181.27312240287975 489.97510134570365 265.81451593309913 1.5950449 1.598141 3.3825612 -3.5852292 1.5206602 15.264746 1.5844966 101.25019705028187 
Car -1 -1 0 157.8953611984222 187.9856151115879 314.4550576545307 263.65902893607364 1.4340606 1.5565449 3.4868643 -7.8106236 1.5005249 15.499912 1.578109 105.15752563022498 
Car -1 -1 0 452.21271716581344 180.9444582972962 522.2375298601027 232.4393996661903 1.5272658 1.6105257 4.116617 -3.8018079 1.400587 23.382652 1.5656592 58.12230014858614 
Car -1 -1 0 643.5529686741414 181.37359171293312 686.1620009453836 213.10235799387985 1.4655908 1.6076734 3.812412 2.764034 1.2881192 35.146477 1.5241276 21.70998473704343 
Car -1 -1 0 335.3147260307672 181.27852759343193 410.2724346269597 225.91908676978696 1.4809244 1.6305928 3.8728848 -8.318664 1.350311 25.828407 1.5123205 24.358400827197702 
Car -1 -1 0 491.37351140642625 183.05179299665184 534.5381514398672 214.93682146602998 1.4409832 1.5734609 3.6439269 -4.443342 1.3431896 34.311375 1.5734504 23.26504041601047 
Car -1 -1 0 587.3701010031956 179.0398187156399 610.5736322388556 201.15667591304467 1.5134022 1.5599375 3.7471569 -0.6140418 1.090802 51.089504 1.5354769 11.49921064282038 
Car -1 -1 0 439.3424426865196 173.08745174392382 476.3451376174223 199.91177395897466 1.5438612 1.6234629 3.7661316 -8.945536 0.8458257 43.29529 1.5199687 7.471295585199424 
Car -1 -1 0 573.8596361370616 180.80835836521803 600.5280500798608 199.85463453070273 1.4892843 1.5908599 3.9306395 -1.586359 1.1446614 58.257084 1.69299 1.7086012426842294 

