Car -1 -1 0 692.39067125758 180.37902230043315 834.1137149684366 273.68823685825123 1.4326128 1.6328511 4.2501807 2.6858842 1.5966334 13.576076 1.5375232 104.8639421629003 
Car -1 -1 0 45.99517800955588 192.69063390674657 362.02502871992175 300.1561590582867 1.4225633 1.5704602 3.8924708 -5.9209805 1.7441714 10.791994 0.06298728 78.36853605178548 
Car -1 -1 0 659.5233526921037 174.7288046757153 708.4008217949961 213.6052597836464 1.4402807 1.5769076 3.6354034 2.9004993 1.5196464 28.725742 1.572488 36.69722571766808 
Car -1 -1 0 217.53632898029161 183.75788340577776 409.1441148593113 256.775224667366 1.4992981 1.581038 3.618368 -6.50163 1.7559707 16.041084 0.0863499 75.70496226853712 
Car -1 -1 0 402.9183939634618 176.7148717593458 506.3740749101676 210.42181126659096 1.4466244 1.6064773 4.2869434 -6.8205643 1.6230016 32.06702 -0.043268323 17.273363598393434 
Car -1 -1 0 371.5245593705176 179.04234095803017 498.6996974760391 223.86155090001924 1.4862621 1.6344293 4.0163565 -6.0715055 1.7126039 25.308315 0.13620509 27.351151120617676 
Car -1 -1 0 442.37638469487047 174.9561599479819 519.245477666128 205.8286579776162 1.5723525 1.6395421 3.7434886 -6.6846876 1.6847239 37.717213 -0.01770671 6.689332638952776 
Car -1 -1 0 111.08915196902679 190.45419406787397 366.3588723311138 277.4388043856058 1.4375931 1.5474843 3.9244587 -6.677558 1.7820997 13.209114 0.072731026 8.251380037160736 
Car -1 -1 0 520.9238412364097 176.37971637250823 554.5999317122973 200.56273520396482 1.4570327 1.6192704 3.9022975 -4.53557 1.6916348 46.030838 1.6088313 5.088964331852162 
Car -1 -1 0 652.9815634821783 172.95649450799937 693.8230244976079 207.71305540437908 1.5406729 1.5777144 3.5455046 2.9381585 1.5457225 33.771877 1.5648631 5.974120945612359 
Car -1 -1 0 454.6626901775164 176.16846195918797 534.6618809735604 204.76560056587624 1.5306505 1.6190459 4.159325 -6.2693367 1.7167633 39.66627 -0.019231228 1.405344235967254 

