Car -1 -1 0 725.4611802389413 176.92429261654019 819.9194687696603 216.5132869769299 1.409461 1.536171 3.557606 6.257504 1.5782528 28.002354 1.0256958 77.51043105751887 
Car -1 -1 0 623.9220839795668 175.83651702292096 664.4038703622629 204.31772867950556 1.5020196 1.5470835 3.4171405 1.8867142 1.6758924 40.24797 1.3987181 48.475595127847505 
Car -1 -1 0 0.0 182.11224782584787 349.84277573057545 311.37273968174344 1.5350084 1.6370871 4.09104 -5.7897286 1.6692734 9.579528 0.032391313 64.6177774709822 
Car -1 -1 0 56.862900100849735 185.06955911910163 346.0044926972453 280.64048007429324 1.4558928 1.5817412 3.913542 -6.634967 1.6732671 12.02038 -0.014570243 26.588850201760838 
Car -1 -1 0 267.8321151683266 174.9457799260261 423.3755709781114 234.74794232228157 1.5158495 1.6030997 3.5443978 -6.93784 1.573919 19.189365 0.022473585 42.903247517102926 
Car -1 -1 0 421.1372664634506 174.49078707153572 505.93470381898874 206.74539859235776 1.5594339 1.6518183 3.8773115 -7.1968517 1.6425462 35.803707 -0.0043772734 14.25899747530693 
Car -1 -1 0 608.5633336118568 174.41902010424843 637.9340196369649 197.07039308983934 1.4925225 1.589904 4.142867 0.9075867 1.6055442 49.972805 1.4800912 3.045780371351067 
Car -1 -1 0 298.6370898388246 175.83379141592593 448.4937121227076 231.3351286556631 1.5499084 1.6158884 3.8667204 -6.8132496 1.6406323 21.105148 -0.028701745 12.003449966908354 
Car -1 -1 0 651.1285594318111 165.25718496531692 691.8305915591724 180.1174759505424 1.462744 1.6053796 4.0045595 6.1924434 0.7149658 72.03385 0.106342606 0.27443355321884155 

