Car -1 -1 0 701.5359356859835 181.46034469219057 838.128708163536 285.34086051951925 1.5739329 1.5874909 3.4010727 2.7176135 1.7489667 12.946537 1.5348915 128.01242196818453 
Car -1 -1 0 654.3304723151964 183.92784225415423 714.6583751389333 233.04498864330398 1.4176822 1.5785803 3.361518 2.346727 1.8006986 23.271008 1.5651563 80.65114795832623 
Car -1 -1 0 396.14571729083605 192.9895137858064 481.22344674632944 256.9363077921871 1.4359269 1.528649 3.5390491 -4.423945 2.0197947 19.127445 1.5361662 67.87854789578293 
Car -1 -1 0 497.15015839065853 185.20942186527623 530.8412158802417 213.5161303341163 1.5209279 1.5185075 3.6781874 -5.549581 2.2756236 42.226685 1.5610582 22.85102316926893 
Car -1 -1 0 457.0405718460075 181.07224666213975 514.271459375223 229.98593223433485 1.7299099 1.6144679 3.9784741 -4.762003 2.0738363 28.193445 1.5542884 40.99693729819041 
Car -1 -1 0 633.9091495864241 180.353717737905 666.8801142621115 211.71528919380157 1.5779818 1.6006392 3.6014667 2.1644945 2.0018582 38.974556 1.5774798 16.601961039453556 
Car -1 -1 0 696.5036044478483 178.1439703835724 745.397339277705 211.27305398633686 1.511123 1.607857 3.9703104 5.4274526 1.7868361 35.582325 1.5188186 0.837803475801709 
Car -1 -1 0 545.5872085033506 183.40689336445328 561.7377046900508 199.48432929274412 1.6041845 1.6121032 4.1983795 -5.9887004 2.7623167 77.01468 1.467963 0.2708193361759186 
Car -1 -1 0 521.1675033730127 183.45109423839898 543.1996791370212 203.6897625693325 1.5060794 1.5923206 4.160851 -6.192703 2.3899143 58.05066 1.505198 0.2588527798652649 

