Car -1 -1 0 665.8383359331185 168.9595722496848 853.8362410928439 236.88643582246854 1.46183 1.6570466 3.919762 3.4111545 1.3780193 16.679256 -0.17175432 148.9516039395922 
Car -1 -1 0 621.1481161783365 164.08467714912481 723.16071443895 206.3570704957883 1.5432703 1.6234835 3.5867152 2.3370414 1.2231219 27.39293 -0.13828877 54.973570415476246 
Car -1 -1 0 110.82127349179055 170.48835558474883 327.9084139872612 244.64457216780113 1.6296396 1.6745441 4.178172 -9.020237 1.5776527 16.997414 -0.15052077 86.55094899817854 
Car -1 -1 0 0.0 181.8445601703349 236.69955872557523 292.1546571726299 1.512923 1.6350875 3.9118185 -8.14158 1.6651548 11.144167 -0.13492133 40.50150132357619 
Car -1 -1 0 170.75395885635666 176.86996805037828 354.5217702418737 236.07427595868987 1.5010782 1.6396955 4.1772447 -9.248472 1.6157479 19.521526 -0.12856887 27.895664667856906 
Car -1 -1 0 287.66370078538284 169.57985683274583 407.3884662756203 211.2447039612062 1.5224218 1.6275945 4.012619 -9.869102 1.4027854 27.415771 -0.12151069 36.40898449169728 
Car -1 -1 0 427.3324724712223 167.0646355192864 457.13827911621735 185.16155753254145 1.5731416 1.6845095 3.9634793 -15.071551 1.0698794 64.869514 1.0936015 5.637858009509424 
Car -1 -1 0 218.85496404956933 175.9868347543892 372.7777352850914 225.3665685254554 1.4655881 1.5911227 4.082909 -9.646589 1.5666337 22.399155 -0.03830553 9.027195965646186 
Car -1 -1 0 593.4715251864978 167.74002516087825 647.1525484372543 204.28835080578534 1.4507549 1.5993576 3.7340477 0.39311424 1.2477598 30.618881 1.3951184 2.196063382098633 

