Car -1 -1 0 3.951914782827059 194.03755798866808 287.3015937070638 334.1449231342649 1.578454 1.6945556 4.1824427 -6.5849867 1.9603342 10.888447 1.5367405 118.32622923373634 
Car -1 -1 0 456.7526004563432 187.50513354429694 524.1656650688919 234.6634743331946 1.405733 1.7668768 4.4059753 -4.0434732 1.9613087 25.128222 1.5355762 84.73431664268239 
Car -1 -1 0 334.4911067219491 193.4018617423081 424.63238367557136 248.64030291032026 1.4277091 1.5669377 3.6112041 -6.836398 2.0999966 21.800388 1.5725534 75.37441546053844 
Car -1 -1 0 630.3481847146755 179.92589585074992 659.2937085919582 206.69542294891636 1.4981813 1.5977752 3.8882391 2.0802016 1.942388 43.36794 1.5833645 18.15009636781545 
Car -1 -1 0 504.66890211072575 185.54437339592243 540.8578299439646 217.92646401308807 1.4597068 1.538789 3.598185 -4.2604523 2.121645 35.80001 1.5199357 21.077715277947455 
Car -1 -1 0 712.9736365455424 173.15396477879437 806.1366276983098 204.56833862931524 1.5429943 1.7191435 4.301293 7.5471373 1.558609 36.510242 -0.090338446 23.178834012705643 
Car -1 -1 0 712.8481873801817 169.66409822275716 789.58957744361 199.5299593107033 1.5927805 1.5901042 3.8486166 7.6824737 1.4226592 39.33063 -0.028834736 4.052553535012831 
Car -1 -1 0 872.4482948125193 158.2670625381415 936.7898540754252 180.92685786286145 1.6118217 1.6655086 4.072542 21.44721 0.57423294 52.497757 -0.17459364 3.157175380640497 
Car -1 -1 0 441.9842302543642 186.44292140411068 489.0332009731557 219.57774001088742 1.517076 1.5565172 3.6938121 -7.213604 2.2383163 36.430786 1.5951077 0.5435210233760785 

