Car -1 -1 0 558.3792470229187 179.55468100733648 611.2771035013363 228.073268494167 1.5289376 1.6680346 3.2342703 -0.7547517 1.3505453 24.2951 1.539789 34.343263247629714 
Car -1 -1 0 456.2653890478845 182.27051999553115 533.1640679645924 236.17525605107465 1.460277 1.6748334 4.0210342 -3.2542005 1.3804922 21.485542 1.5693047 56.84725673914031 
Car -1 -1 0 394.3804082414225 182.3512116503988 449.91803592930876 216.03443762533982 1.4361506 1.6102606 3.803412 -8.309437 1.3140175 32.568344 1.5493889 51.44263581170729 
Car -1 -1 0 33.697888378207246 176.86638691890553 423.1545021986011 375.0 1.6150553 1.6510624 4.0517964 -3.1371286 1.5573523 6.994955 1.5719645 114.80784222673074 
Car -1 -1 0 0.0 188.14336911001246 171.34249686090567 254.71462652690937 1.3746803 1.5981494 3.7500486 -12.120991 1.4514282 16.928642 1.5160736 34.633058741972356 
Car -1 -1 0 357.8468706768197 180.3807218176339 409.02602106776436 207.67455593917646 1.4827197 1.6631579 4.131134 -12.726174 1.2200627 41.12182 1.5648977 16.30555093082016 
Car -1 -1 0 228.3299726892785 181.08908713714257 317.66518386563814 222.42986779536892 1.4416412 1.5624793 3.799541 -12.422361 1.2977375 26.973694 1.5783937 8.74452109590344 
Car -1 -1 0 261.7695497885664 182.14470896538495 381.31100572459593 255.3786975288734 1.8226991 1.6700331 3.9988306 -7.7438645 1.7462661 19.90338 1.5861315 9.869508653008513 
Car -1 -1 0 450.54842946288807 180.0547684956607 481.5888049407491 205.24560830025933 1.5237784 1.5953561 3.7643888 -8.87812 1.211597 45.43823 1.4664022 3.0862495626104454 
Car -1 -1 0 501.0000472985789 181.29638787857178 542.4204178155748 212.7514327506825 1.444529 1.5663604 3.6056106 -4.088484 1.2645402 34.817795 1.5740384 4.6586695378922265 

