Car -1 -1 0 695.088086660814 184.0392978802921 809.4015453432552 263.6941545727888 1.3645208 1.5814025 3.9840486 2.791265 1.6266123 14.913503 1.5725671 93.73157097471785 
Car -1 -1 0 670.9267948782418 178.03942751344914 734.144415026871 225.16542417247905 1.4117036 1.5657907 4.041875 3.0153503 1.599358 24.085869 1.5646231 54.34020383200562 
Car -1 -1 0 553.0723973830796 176.72722761605863 586.9054641187905 204.95197727997297 1.4389918 1.560902 3.4772403 -2.0998561 1.6579045 39.02469 1.5940169 32.80844318483566 
Car -1 -1 0 0.0 177.50681019662557 317.68792356067496 323.53141373703056 1.5747802 1.6419548 4.1792307 -5.94779 1.6367188 8.7214 0.03023244 111.10201359405583 
Car -1 -1 0 231.7011752301308 166.76491460961915 444.70048755369083 248.61526661874677 1.7238319 1.6459246 4.1403627 -5.9551935 1.595591 16.11813 0.048315957 59.08192368644893 
Car -1 -1 0 374.5726344138681 181.12657473959504 501.02105493157313 226.63461059384755 1.4386685 1.5632253 3.8196971 -5.714275 1.7278111 24.200012 0.1280764 16.246037741186733 
Car -1 -1 0 486.4996496173943 175.23541069229685 549.6861457415961 199.159481994438 1.490386 1.6403208 3.8955812 -5.7983456 1.6454668 46.060715 -0.05548075 13.179986542354646 
Car -1 -1 0 644.6348208589958 172.01289141695332 681.7311154480648 200.65553400671138 1.6151283 1.665128 4.0919642 3.1279683 1.5676988 42.77818 1.5119139 25.582973632382632 
Car -1 -1 0 333.82882409844865 182.62196464594948 493.527041431809 234.23243418092318 1.4349573 1.6076584 4.291583 -5.759368 1.7390938 21.454956 0.09849313 13.637233565611142 
Car -1 -1 0 404.25021311720855 173.4844635914918 513.5354657292975 211.46636936969318 1.5422025 1.7024429 4.328396 -6.2621436 1.5696354 30.363632 -0.085211925 8.749394818104594 

