Car -1 -1 0 89.93183458764072 192.73982325727687 284.3875006873992 293.63060109119886 1.3975774 1.559019 3.787813 -6.884152 1.5465121 12.2417755 1.4241736 89.19980656939467 
Car -1 -1 0 254.33353921887166 186.49095263938077 351.1573681867798 241.81665335547964 1.4235214 1.6091045 4.343258 -8.687371 1.4645844 20.873934 1.4085004 77.77858941223721 
Car -1 -1 0 539.2032665163075 178.5939714031709 614.5800798206901 241.7514105836419 1.5699778 1.634733 3.7025027 -0.9245511 1.4053738 19.829983 1.4054341 93.58387799289815 
Car -1 -1 0 442.2315904621593 179.2954626973076 497.29862673821043 229.61545204556168 1.5556939 1.6829377 3.2676556 -4.526368 1.3726637 23.970156 1.4126022 52.91591208878097 
Car -1 -1 0 348.45761180938797 183.93014884699667 399.8038742490457 217.80211442487533 1.4342418 1.6257501 4.1150365 -10.49266 1.3798077 32.60183 1.4053761 26.152164686666303 
Car -1 -1 0 380.50523842915385 180.08147578872385 413.6706206976595 207.38526990476254 1.4896395 1.5970972 3.7887805 -12.097785 1.2095268 41.27227 1.224738 6.663189230153589 
Car -1 -1 0 226.12736487562023 170.48822530665336 300.0604642158933 218.02375112468098 1.9049767 1.732367 4.2676396 -14.74789 1.3147762 31.050709 1.4143921 22.651642773914613 
Car -1 -1 0 141.63280404839892 185.9183692253324 257.78929707917735 238.8839431166486 1.4565837 1.6775739 4.0672226 -12.270796 1.480117 21.950308 1.4411745 11.346072653369658 
Car -1 -1 0 504.7185929904668 181.240582052448 527.9346198666543 199.9129726305627 1.4737382 1.6193182 4.001808 -7.46878 1.1599979 58.855644 1.3774984 3.091048315959395 
Car -1 -1 0 340.4900752070464 181.64020550904152 372.4135727617378 203.55950764627553 1.603889 1.6229877 3.7733727 -18.99634 1.3422614 54.587612 1.4200481 3.2515195434941937 

