Car -1 -1 0 688.5309710158276 176.9794772819457 804.8036149982688 259.0071518616513 1.4724734 1.6085591 4.186096 2.7336807 1.5718062 15.268548 1.5561821 94.09210995896387 
Car -1 -1 0 275.1523055246625 189.28494747681677 483.8449585059404 331.3772793485521 1.4573894 1.6366202 3.7715657 -2.828806 1.7220485 9.73009 1.5631564 99.91007919568501 
Car -1 -1 0 393.84122338736 180.50534891897627 514.980856131584 263.7163588636011 1.4613651 1.596678 4.250662 -3.0901859 1.6451503 15.19773 1.581296 57.14250279291618 
Car -1 -1 0 510.4741653848407 178.07818785991262 558.01288872674 219.82309488256007 1.4798483 1.6156001 3.8919442 -2.863214 1.6973219 28.055279 1.524778 49.09889406716065 
Car -1 -1 0 673.259342754451 177.24641847634103 751.6462769055905 233.729809708986 1.4315763 1.5728629 3.9400053 2.8301377 1.5690281 20.58809 1.5431371 33.56217767695866 
Car -1 -1 0 654.8264422788269 175.69978553967638 713.9794343744064 219.9811972482485 1.4509907 1.5504665 3.687976 2.5988414 1.5600352 25.766335 1.5191929 41.0827635604874 
Car -1 -1 0 634.252799982117 172.5904171992947 657.3995654646787 195.57317023490464 1.4917257 1.5015097 3.5223079 2.4236965 1.4746172 48.621468 1.6098408 12.601615374328771 
Car -1 -1 0 541.881277081985 175.67118503441114 574.2312909613096 204.48512162657556 1.4535187 1.543675 3.7506618 -2.7170758 1.6118449 38.659187 1.5494499 7.802472291944623 
Car -1 -1 0 651.6207127635838 165.73522824278058 699.211578026874 212.20286164374826 1.8353646 1.596206 3.698596 2.7109094 1.5541893 30.36359 1.5512931 4.682209703679331 

