Car -1 -1 0 670.0527170720162 177.08036965067186 757.7885862565275 243.2744231253318 1.4910477 1.57895 4.1811895 2.5682845 1.6125014 18.628424 1.5500759 98.79696792132562 
Car -1 -1 0 796.0982708197166 188.54846681322607 1147.2875710760527 375.0 1.4556963 1.5405595 3.4413614 2.897311 1.6372778 6.6137295 1.5888472 128.6376506735858 
Car -1 -1 0 737.1349768069126 182.72289015177967 899.4251997599614 302.1870554057711 1.5040336 1.4828935 3.3565652 3.0082617 1.6782161 11.048759 1.5600693 109.25958228508293 
Car -1 -1 0 439.82276273488844 179.51377363194806 503.86948898724916 225.70002785018386 1.4487449 1.6981797 4.034604 -4.735626 1.7012377 25.291878 1.5117633 71.12029460220617 
Car -1 -1 0 186.64705738039143 177.81500719079463 352.3798402356426 230.97010109509245 1.435581 1.5619367 4.0139027 -9.611774 1.5831046 20.55554 0.060342483 43.809502398544566 
Car -1 -1 0 472.9308124458644 171.37085210787933 521.6158958206487 215.71344689818815 1.7742592 1.5718238 3.6938756 -4.719919 1.7149146 30.73359 1.549784 40.38483476360212 
Car -1 -1 0 660.3767300896682 174.05121195574017 718.510395821344 223.88187293305856 1.5870162 1.5459054 3.6165607 2.6832006 1.6313343 24.888483 1.5536067 31.214786395085728 
Car -1 -1 0 648.1724837091989 175.5331792562299 691.2202077868152 210.53357587704224 1.5055325 1.5533986 3.861482 2.717606 1.6363912 33.28887 1.5408741 10.793591824987857 
Car -1 -1 0 494.8219201880351 172.23735559419885 538.3363246978749 209.40360073661864 1.7670205 1.632468 4.1954265 -4.6284184 1.7377027 36.406864 1.5764545 4.279328349960257 

