Car -1 -1 0 324.48572100642116 185.68874451479505 458.2567467057993 267.46048991187206 1.4909345 1.6418924 3.9936109 -4.5956416 1.8078997 15.803682 1.5940154 84.04556230589088 
Car -1 -1 0 725.0693307350302 178.85050037260024 845.7858351084747 256.1539799487907 1.4490657 1.6237266 4.08956 3.7044775 1.5982472 15.897191 1.5601566 75.43747646055083 
Car -1 -1 0 120.76239479197517 192.73598410391872 374.12987868652596 334.7370669909307 1.4956784 1.6619521 3.8763978 -4.7263184 1.8278625 10.101185 1.5511866 112.98395953894695 
Car -1 -1 0 403.96163206700476 184.31681516981467 495.3476738299524 240.83995317285715 1.4159265 1.6533098 4.35489 -4.5507383 1.7867627 21.152817 1.5860863 58.54473475603839 
Car -1 -1 0 781.3989268165748 181.3790890601507 977.7975586958453 305.5424999260086 1.48733 1.5944316 3.659857 3.767678 1.6359295 10.736464 1.5843358 87.54919009479211 
Car -1 -1 0 509.3803493067205 177.86204368644056 552.3138757734793 209.13461273949557 1.5038359 1.5476103 3.5113344 -3.9964294 1.7738919 37.09359 1.6557055 29.864634163878193 
Car -1 -1 0 704.483755959999 178.50888558599385 782.1155892771525 234.98624190781757 1.475564 1.6063402 3.7827868 3.8145223 1.6560553 21.130777 1.5805184 25.567665448969287 
Car -1 -1 0 695.8707143255402 177.03163560806752 750.8824952525683 222.66605932373275 1.5453497 1.587527 3.6726584 4.131378 1.7104057 26.641571 1.609957 19.695858442066406 
Car -1 -1 0 1056.3458307348185 173.69902295917575 1174.422995583689 217.1097718780496 1.465728 1.4966407 3.4876244 18.29325 1.4986677 26.280123 1.3988706 6.686219159218949 
Car -1 -1 0 527.1081584083163 177.28380926713388 566.5498521107924 204.9606331159993 1.5012388 1.5671291 3.7780807 -3.5789225 1.7694825 41.72904 1.6799519 6.082315570325811 
Car -1 -1 0 996.6485777774062 159.5542154460685 1137.6748773029958 221.57236527816607 1.5003637 1.5268095 3.2796843 11.982576 1.1786108 19.138933 1.5099145 9.677353940956118 
Car -1 -1 0 569.2472371141118 176.30233451493703 613.9443748185327 190.3598748960783 1.4510089 1.6455082 4.5611796 -1.8710318 1.8187736 75.95813 0.07617341 6.1679841528198365 
Car -1 -1 0 685.7323326471625 176.8188872924649 735.4150733991693 213.0582513914502 1.4925637 1.5526053 3.883439 4.429777 1.6798244 32.112778 1.5391637 1.730027982045326 
Car -1 -1 0 1082.3717083040362 167.66570979846648 1238.5447720951202 228.76450732714005 1.573402 1.640593 3.21029 15.35879 1.4397943 20.316244 1.3723269 1.0431496861666907 

