Car -1 -1 0 755.8217095997692 192.21584770484753 985.9197572683125 351.2909173085707 1.4294971 1.5422089 3.4371371 2.8507211 1.707489 8.632068 1.5826224 71.7623937552389 
Car -1 -1 0 706.7359877033691 183.3610773007676 826.715160096648 223.4273061688905 1.4138863 1.5980238 4.094291 5.8396416 1.822337 27.024279 -0.11296988 32.0360926884507 
Car -1 -1 0 635.9991643250002 179.3015980599509 669.5110303645265 206.16626663482475 1.4698827 1.6670095 4.135924 2.500052 1.8687662 42.55771 1.5553821 20.85791227891079 
Car -1 -1 0 327.36642132813387 177.9149177789875 469.0109057482085 231.1461830044552 1.6106913 1.6719148 4.0784307 -6.6440573 1.7790552 23.012405 -0.07750922 42.595625921280735 
Car -1 -1 0 264.33801935287886 180.2034142049349 440.8294901365714 243.2905191729172 1.5232519 1.6382196 3.9405146 -6.5034523 1.7209185 18.517462 0.035597835 20.384700018652957 
Car -1 -1 0 42.775843834781604 185.21397087324348 367.32700113659837 293.88731391527375 1.5011837 1.6164366 4.1540823 -6.084799 1.7078527 11.123022 0.065132275 90.13644744651558 
Car -1 -1 0 727.9513903852478 184.7324741868451 862.7695581379809 229.64465583269407 1.4112854 1.589912 4.072204 6.1588354 1.8245758 24.143133 -0.083241865 36.309744855049864 
Car -1 -1 0 201.7664688737198 183.70397565812206 422.34104398872915 256.0233437715785 1.4903307 1.639528 4.2069697 -6.4571056 1.7433674 15.975956 -0.015050045 37.510242171361334 
Car -1 -1 0 826.9366116780801 173.67841965468472 1076.8807117846036 268.2448640629539 1.6737995 1.6303655 3.9819071 6.35612 1.6906004 13.746019 0.07303819 60.77626220960491 
Car -1 -1 0 0.0 179.98624747424822 286.0470522555981 329.3041020091879 1.5819271 1.5816203 3.7566693 -6.1133947 1.6771212 8.682571 0.08520832 58.58118924537053 
Car -1 -1 0 123.07757189357865 180.65641601641263 364.91244859105626 267.3841121365655 1.5285518 1.6001301 3.7707818 -6.792242 1.6852045 13.674814 -0.0062521845 31.754126181397975 
Car -1 -1 0 765.1615950963254 181.48870007337868 930.5070362920853 241.8812030363817 1.5019151 1.5812857 3.8416371 6.1830053 1.7393519 19.011095 0.02044209 20.615486268958577 
Car -1 -1 0 708.2543370103984 174.86312356621178 812.1315941784009 219.42914782196416 1.7408978 1.6663707 3.8118207 6.0511603 1.8249487 29.228619 -0.06579235 9.650041107594985 
Car -1 -1 0 458.8567459781056 180.70985581406114 537.1117216630086 208.55791460456916 1.4713278 1.6066477 4.012497 -6.0552716 1.9097118 39.42878 0.016116962 8.878115321582774 
Car -1 -1 0 446.56369909739124 177.62756778288863 527.5506492800009 209.07569356563113 1.5564029 1.6370401 3.8243287 -6.2195835 1.8063083 36.877823 0.040930912 13.980435882857881 
Car -1 -1 0 348.3825316187119 166.70848453766052 480.96242314423085 221.46442237915807 1.8690498 1.6771208 4.254374 -6.8124084 1.6592774 25.527422 -0.028251348 5.814789917472559 
Car -1 -1 0 798.4627702266877 179.74239315932462 1003.0078948175947 252.33626971286597 1.531458 1.583033 3.9645653 6.4303904 1.6945491 16.23318 0.02974023 4.374139794673976 
Car -1 -1 0 627.4947199400549 175.89711892643356 651.6962762335564 195.705187083271 1.5075066 1.6050267 4.0127287 2.431402 1.7594476 57.645954 1.6953204 1.0271264265816888 

