Car -1 -1 0 96.94226864958746 185.11162255342308 376.24750910901037 336.1685119143222 1.4810684 1.5781137 3.5175157 -4.2057266 1.480048 8.816841 1.5835388 95.81749719338866 
Car -1 -1 0 318.70987030823295 179.295033192238 403.8395738834237 223.32633722660145 1.4588598 1.6358275 4.149124 -8.735733 1.2626944 25.894506 1.5739484 34.57877392227397 
Car -1 -1 0 458.7066543865493 179.69307160578202 512.4409956368968 217.89440947839893 1.3884398 1.5290896 3.5527968 -4.6557355 1.1877182 27.913382 1.5576023 48.80968950750239 
Car -1 -1 0 369.3181299802955 183.2371106213524 470.59075661956757 243.98043384405528 1.4052844 1.577465 4.1518974 -4.7271137 1.3595102 18.711304 1.564703 104.70928678477547 
Car -1 -1 0 576.2406222477941 174.57791853340302 610.2921336029276 205.675452708058 1.5082977 1.6516037 3.5373344 -0.6811807 0.99234235 36.637405 1.5675565 20.301115444538016 
Car -1 -1 0 166.93166515198038 177.39603249773293 310.2712428032781 249.4387512039471 1.5042676 1.5996169 3.5990672 -8.449512 1.3409913 16.833496 1.5395709 23.79805398490761 
Car -1 -1 0 230.19035601052335 178.76437066875232 320.84655260488313 223.434433362955 1.5532136 1.659007 3.8165143 -12.295504 1.3288958 26.91047 1.5622535 15.217415028901009 
Car -1 -1 0 472.47595951525057 177.5834639209377 518.3157459915844 210.25578712816545 1.5533543 1.6446922 3.7525787 -5.5503244 1.1904917 36.069763 1.591464 1.8563735919677258 
Car -1 -1 0 451.9787277735247 171.95060269581978 487.24141078109403 200.48273559041485 1.7954638 1.6435223 4.023348 -8.996824 0.9607208 47.26789 1.5454202 2.7158872719879708 

