Car -1 -1 0 357.3257241688634 183.17689692887183 487.7912493839573 266.94904037387374 1.4696796 1.6151417 3.7145433 -3.5527072 1.4339113 14.483039 1.5889058 108.50861678936177 
Car -1 -1 0 154.72850356033067 176.0662090524629 322.98547665668724 262.08278860669077 1.6285746 1.6109023 3.870499 -7.746794 1.4553449 15.5579605 1.586514 105.92836947910808 
Car -1 -1 0 2.0672424857334826 186.88466781846515 178.8098526787247 253.04783499862347 1.4003336 1.555026 3.6166902 -12.095937 1.4443502 17.132685 1.5942446 41.55411600931187 
Car -1 -1 0 580.0573693577539 178.49291924490146 619.2068700328587 215.14825562104218 1.5400553 1.6452142 3.257142 -0.33419603 1.2576011 31.83928 1.5605551 29.615848593324014 
Car -1 -1 0 312.6332723657829 186.00170966336006 399.4666482954294 235.33130091266642 1.4034379 1.5586296 3.637809 -7.7000175 1.4299084 22.359745 1.5299631 32.778204236056595 
Car -1 -1 0 451.80758373917877 179.70433047496783 489.6542100631152 205.59354376315025 1.4112442 1.5559711 3.6240726 -7.7380505 1.1108146 41.016525 1.5456275 10.43248411922339 
Car -1 -1 0 485.96653603654266 180.44192364622447 545.9345847403 223.76078423186155 1.4918172 1.6487606 4.132481 -3.3205862 1.3274177 26.835758 1.5875436 43.84244947341098 
Car -1 -1 0 494.2950843718195 178.6819804970833 521.2442419299339 196.64932020218652 1.4652076 1.6365185 4.0332756 -8.351561 0.93239343 60.65494 1.5918186 0.6645643186208857 
Car -1 -1 0 397.5357439764317 183.23015026829685 455.43823927456646 219.2880750499128 1.433213 1.5383419 3.6297834 -7.565895 1.3542924 30.388361 1.5698498 0.40305420756340027 
Car -1 -1 0 372.9202544168695 175.16548696103294 411.3418809904955 202.0878646580448 1.4839045 1.5529957 3.8778007 -12.405777 0.9299581 41.648003 1.4349843 0.5425981565976534 

