Car -1 -1 0 874.5084623010265 187.70200975934628 1230.9913817618817 311.192003671791 1.4678859 1.5775404 3.865525 5.7792234 1.6855183 9.683544 -0.054184146 98.49477041108433 
Car -1 -1 0 628.8154195266678 180.64557507180027 686.7451322297533 221.51263065569702 1.4254361 1.6101303 4.3105335 1.8034711 1.754257 28.23177 1.4812068 58.29431936880363 
Car -1 -1 0 795.9687361199891 190.21984461837232 1068.3816259774376 281.3777600584768 1.4276772 1.597657 4.0973206 5.536353 1.7553883 12.643567 -0.0863756 78.0522780814633 
Car -1 -1 0 345.9399669132789 182.06744208710947 473.0928608767401 225.891936809874 1.4295034 1.5935059 3.966833 -6.8020897 1.7580326 24.82245 -0.055657808 25.22431633112989 
Car -1 -1 0 780.2511580386492 171.1492525777918 990.2684529997266 260.37645192898776 1.7429655 1.6339482 3.746685 5.642184 1.7096648 15.03068 -0.064570926 41.592637429543984 
Car -1 -1 0 312.07056894402587 178.85807165986273 454.07302150595206 230.86100331262645 1.5392153 1.6135228 3.892079 -6.9365306 1.7319226 22.350805 0.0005124251 29.63792894922947 
Car -1 -1 0 0.0 161.41843332768693 315.61788377219676 292.5551139155445 1.8515041 1.6787485 4.312604 -7.0158844 1.6900465 11.089251 -0.029185416 45.47800240207236 
Car -1 -1 0 428.82034617509345 177.77776746567966 508.1530938578064 206.01561835220977 1.4938726 1.6268259 3.9686165 -7.682227 1.769856 39.47602 0.07880712 1.0680663585662842 
Car -1 -1 0 654.6128120825618 159.37474694209598 691.5338163622152 195.1566235495892 2.517334 1.8444326 4.7473717 4.62658 1.5690385 53.217915 1.4674731 0.3044956624507904 
Car -1 -1 0 612.2012819827798 175.35810959723293 639.8823467499512 199.95293513898454 1.5766964 1.5613658 3.6488714 1.073989 1.7515159 48.504387 1.510112 0.2941824495792389 

