Car -1 -1 0 121.75464434743479 183.34713598257898 378.69665132652693 269.2088766031884 1.4738545 1.6122262 4.048151 -6.6175346 1.6840854 13.533535 0.05822733 89.03015380303913 
Car -1 -1 0 668.0166115274161 172.55626989802607 765.4090806883742 250.31005010573074 1.7908835 1.72641 4.4194016 2.654315 1.7840259 18.86118 1.531148 98.72081394039917 
Car -1 -1 0 205.4739571845315 185.1809820269068 427.29897990075665 257.03369984865196 1.4691057 1.621311 4.2383075 -6.350417 1.7557876 15.914985 0.025979076 34.805741245394636 
Car -1 -1 0 271.2362168948223 185.07766907679212 444.10762930386824 245.40175963486757 1.4182808 1.5572336 3.8451784 -6.324485 1.7449265 18.31786 0.0981978 27.09410002862163 
Car -1 -1 0 652.0290880489932 180.3048539253615 698.995569942257 219.3023329010284 1.4720843 1.5801861 3.6322174 2.6608186 1.7981503 29.754475 1.5637319 26.204695491665422 
Car -1 -1 0 331.5878132639835 177.07992706921013 465.05265514396143 231.8661713663468 1.6605215 1.6248776 3.8405123 -6.643054 1.8009732 23.000607 -0.08917965 29.639502402910637 
Car -1 -1 0 635.5067139791317 177.7609282736533 671.4238944529855 205.0214546300634 1.4822869 1.5900104 3.763396 2.5022745 1.7801579 41.865265 1.4971155 10.269406397131982 
Car -1 -1 0 303.39651305590326 181.57653775452027 451.537685037806 236.47458351305818 1.4941638 1.5964553 3.7669086 -6.670515 1.7590624 20.93135 0.09949288 7.3115932168692535 
Car -1 -1 0 414.4717009442441 175.53349411089823 510.4868368806038 212.82657458998395 1.6192313 1.671672 3.9252825 -6.566387 1.7433096 32.44009 0.070452064 10.494664017845942 
Car -1 -1 0 358.58455954884926 179.9685617653717 488.4153279131841 225.6179414329846 1.5301747 1.6191175 4.170106 -6.458129 1.7889814 25.355717 -0.039714254 1.779864533332772 
Car -1 -1 0 504.0690204287371 175.17272213046587 536.0754187629393 201.47724741333863 1.5995389 1.6614125 3.9900887 -5.691111 1.7546438 46.248356 1.5433226 2.3063717111664412 
Car -1 -1 0 659.7741254914461 183.28216114754576 721.5241723192971 232.37582305961212 1.4701977 1.5657734 3.5596035 2.6420116 1.8456764 24.176796 1.5399984 0.27414628863334656 

