Car -1 -1 0 658.9851674682085 180.3680941108394 759.6076406569687 250.4932563018513 1.4412317 1.6458764 4.366136 2.2731018 1.646851 17.52473 1.5231605 87.06970920332887 
Car -1 -1 0 170.93717791936834 189.44242996822535 405.2419660329471 266.9770258519236 1.4211766 1.5821416 3.989889 -6.311942 1.7725103 14.43483 0.028167512 57.34436411939234 
Car -1 -1 0 637.8482644214598 175.88715349520496 678.6589493980014 211.12220520992628 1.4873377 1.5917833 3.6269903 2.1478057 1.6319454 32.584892 1.5689579 26.08286210867748 
Car -1 -1 0 52.4946014635045 188.72473568827277 349.01628038658816 284.2091224690273 1.4281604 1.5762613 3.9917302 -6.5668235 1.7070036 11.86894 0.010087318 75.60944487815902 
Car -1 -1 0 276.0951733817819 180.9441784465872 428.73728185753674 241.44053004344437 1.543268 1.5783249 3.5756507 -6.922979 1.773796 19.610304 0.0918268 46.003653970684574 
Car -1 -1 0 406.10619416080357 177.5809180373785 499.0676994634256 208.02795456500752 1.4558997 1.6304959 4.29917 -7.713872 1.6961851 35.7364 -0.05960846 10.786124304204595 
Car -1 -1 0 378.80757032397435 179.33836039708137 489.7422491905482 219.6584884773613 1.5372008 1.6614726 3.9857826 -6.9564614 1.8054388 28.84022 0.09057159 11.456022083126488 
Car -1 -1 0 632.1108062508082 174.60999732871275 668.6280217609853 206.25699348026302 1.561951 1.5812113 3.663415 2.0852342 1.6581595 37.674973 1.5374033 4.398089140488208 
Car -1 -1 0 526.3610072193696 178.1099654474826 556.26757899125 197.5294695007308 1.508979 1.6745322 3.8829741 -5.642721 1.9563233 59.308205 1.2664598 0.9582628904486565 
Car -1 -1 0 800.105135502414 168.0735872862059 885.232237766012 197.64277556939305 1.5825859 1.5482782 4.1472726 12.681219 1.3267311 39.393013 -0.00054329267 0.9719559378873238 
Car -1 -1 0 431.6168569846257 176.46270779422085 504.53059544734907 206.1962677098653 1.6413996 1.6366328 3.909019 -7.998177 1.8515106 41.038845 -0.07981062 0.3450111448764801 
Car -1 -1 0 497.42842430641076 177.98725027836886 526.811317012396 202.50156761185465 1.4349787 1.5573813 3.5931096 -6.019149 1.7671552 44.849415 1.5080253 0.31089919805526733 

