Car -1 -1 0 304.5261619256941 187.56865062879342 403.3883179305754 238.98788015984624 1.3679147 1.5782211 3.8220654 -7.34085 1.4436058 21.21174 1.5685165 84.34455582228529 
Car -1 -1 0 397.59905995044096 183.63116044481296 453.90854299245694 219.20235779079374 1.4323571 1.6229268 3.3382258 -7.6657457 1.368552 30.633207 1.548491 26.064375349131282 
Car -1 -1 0 47.96880264915422 187.13471425743742 218.30040410019126 247.5944063550312 1.3953431 1.6236048 4.256115 -12.189305 1.4514093 18.86417 1.5832992 26.005613039166576 
Car -1 -1 0 269.2205077021036 186.61822392016305 344.5924533552464 223.87641046289517 1.4406898 1.564806 3.993669 -12.41172 1.5030899 29.9656 1.5438437 18.552872005285735 
Car -1 -1 0 584.1003551686028 180.62388854994566 618.1412350323111 211.91070853094317 1.4577795 1.5867114 2.9857697 -0.30718553 1.2438285 35.000095 1.5544087 12.59550959295048 
Car -1 -1 0 485.02754049009627 183.12898949250982 526.3490361115878 215.1885782221695 1.4027802 1.5858722 4.2996416 -4.68824 1.3114754 33.64897 1.508314 9.680593007603772 
Car -1 -1 0 424.84159703914855 184.09006709949568 520.4790564909771 252.4754411773165 1.5132449 1.6086363 4.179717 -3.2292423 1.4883367 17.997581 1.5717138 70.54583165365518 
Car -1 -1 0 469.3840565044667 179.66589713771384 503.79463684845786 201.60878655234146 1.4454107 1.6030493 4.04976 -8.238865 1.0798371 49.393997 1.592613 2.1782036748478517 
Car -1 -1 0 434.20121116743 174.57094825878107 471.8577874859934 202.94687136699199 1.4977266 1.5953802 3.830437 -8.509664 0.93587965 39.921913 1.4801824 0.3017159700393677 

