Car -1 -1 0 386.45629504427393 185.6725878838058 468.44828873721656 238.41845923855908 1.4670429 1.5682673 3.7039647 -5.6638627 1.9063257 22.852835 1.5994599 65.3659070268007 
Car -1 -1 0 303.17786523331387 188.87755157894932 433.4193635250539 263.31091563073426 1.5004711 1.6251333 3.9734817 -5.6602697 1.933109 17.450617 1.6295091 70.59382425712415 
Car -1 -1 0 429.5498446630856 184.26620871385376 490.6668937799719 226.61476039413768 1.4591688 1.5372304 3.571962 -5.6485333 1.9247031 27.632708 1.5904537 24.168365237663206 
Car -1 -1 0 465.5806347537629 182.33941550777993 512.6425245754232 215.57049069739256 1.4083518 1.5652844 4.080673 -5.575084 1.8795923 33.797592 1.5598217 17.777969067908586 
Car -1 -1 0 1129.5563593241393 134.87314533822595 1242.0 176.20438706804256 1.5845947 1.7082617 4.1935587 23.313454 0.12845004 28.65469 -0.06657103 28.203618145596987 
Car -1 -1 0 726.0626014485857 166.61073007533932 772.3666246764071 195.6910453172624 1.4641705 1.5872965 3.9169688 7.3532724 1.1498266 38.311485 1.5391138 13.764695077472451 
Car -1 -1 0 787.696552725667 155.65741514798336 905.5685773509272 195.03480195782 1.5562875 1.7360626 4.256726 9.674121 0.87663764 29.60269 -0.10474969 12.929189977961547 
Car -1 -1 0 762.427574937531 158.34615782153352 855.7052979927978 192.29947875585304 1.5645306 1.663162 3.9754167 9.505222 0.8960255 34.471054 -0.20759782 7.80137576128558 
Car -1 -1 0 494.63158328493193 179.00230773411974 536.2126657910727 207.69762839788999 1.5210167 1.5875564 4.06112 -5.320653 1.8899542 41.21691 1.6390365 2.7863811394053486 
Car -1 -1 0 1053.86057687688 141.7568470068315 1164.245129093298 173.36057681846296 1.4615829 1.6257119 4.155834 23.650707 0.02342756 34.24691 -0.03147075 5.760816516499768 
Car -1 -1 0 662.8337217442202 170.31553937274376 705.6778761154351 205.2533635370454 1.6261125 1.6293151 4.024548 3.6270888 1.5079646 35.609047 1.5529522 2.333326692159819 
Car -1 -1 0 1081.9494855298915 138.5649665306479 1202.130559687945 174.16916885520763 1.5120206 1.6401683 4.0559406 23.17497 0.055851735 31.492332 -0.015018236 0.28873467445373535 
Car -1 -1 0 661.3992088483005 171.54483933324693 694.0639968265992 200.0723360534755 1.5523205 1.5748861 3.7592838 3.845652 1.4810824 41.15623 1.5892314 0.2605283558368683 

