Car -1 -1 0 367.3484836703388 186.59033338718825 433.18009331150256 243.8802915439399 1.4398386 1.6014032 3.861344 -6.049147 1.8821768 21.177774 1.355315 69.49769587890954 
Car -1 -1 0 559.5501300429522 179.6307129351226 599.7355852401336 210.6034266472036 1.4921957 1.5800216 3.3176887 -1.588481 1.8594719 37.323387 1.3731556 57.09445521684833 
Car -1 -1 0 645.2296928082084 177.7859782190885 738.5401216089048 244.80364588259468 1.5406941 1.5577195 3.221416 2.0228982 1.6792759 18.557314 1.4054972 100.81426849070641 
Car -1 -1 0 737.3415338945657 180.47643372415834 971.6491015318807 323.6810020428191 1.4586524 1.609587 3.9483194 2.9360142 1.5810285 9.5737705 1.5230436 110.32313365541255 
Car -1 -1 0 602.1773179099857 174.61149465543517 672.7645928634258 224.54077451060522 1.6188025 1.6273239 3.5519903 0.90810084 1.6854231 25.439636 1.349097 74.36593278731615 
Car -1 -1 0 537.0280344616777 179.8539121138811 565.0884682330126 203.99805839250288 1.4904145 1.5519444 3.6345544 -3.889495 1.9705468 47.57215 1.4080124 14.474417925742431 
Car -1 -1 0 423.24874254117583 184.08395973820123 452.1115266579049 211.8349440478022 1.4819305 1.5721473 3.877379 -10.091353 2.1722045 42.27922 1.3250268 2.7035302598274695 
Car -1 -1 0 519.5632589710843 178.10046112113778 541.1000623518885 196.31543387574052 1.5081252 1.528795 3.4377174 -6.900816 1.9769661 62.639526 1.3632144 3.7131820575431473 
Car -1 -1 0 388.60907157991835 187.7312332187084 438.9630030008224 231.52618166449324 1.3867965 1.6014717 3.881748 -7.0698647 1.9721963 26.322613 1.3504283 0.314323753118515 

