Car -1 -1 0 700.2380470289897 189.84673618162546 816.539745589021 271.6514954414544 1.4260333 1.5678425 3.4733171 2.9749832 1.8230553 15.086152 1.5231606 97.13148213162002 
Car -1 -1 0 777.358888134112 188.67682491082928 913.0959011129806 237.35259542322666 1.4052799 1.5900297 3.7153788 7.209652 1.9151042 22.336285 0.06403024 49.222143424908914 
Car -1 -1 0 280.84674611808634 179.3681583835161 448.0424703127934 242.40589839755444 1.6044934 1.6837199 4.0419707 -6.5503254 1.7913975 19.643238 -0.11025298 39.13529485194272 
Car -1 -1 0 106.13549308069213 185.9606656105879 391.31671214316884 281.91451080992755 1.5122409 1.6191748 4.0990295 -6.0521255 1.7531621 12.430912 -0.011007154 55.136328305579234 
Car -1 -1 0 439.2995988782314 178.29560043245954 525.3812627763286 209.87453798929755 1.6346745 1.7236226 4.293322 -6.7392225 1.9316821 38.51555 -0.0022655802 34.01861439885699 
Car -1 -1 0 0.0 182.48520797563725 319.8439282548036 305.53078335628334 1.5333982 1.6120865 3.8258603 -6.25009 1.6785809 10.002626 -0.03579194 55.329147932137566 
Car -1 -1 0 695.3423552318216 178.94919704365913 800.3699613620468 216.8513075977151 1.6580712 1.69013 4.419033 6.2346883 1.9432131 32.811237 -0.044878244 29.423781666625086 
Car -1 -1 0 737.0354097390145 180.71692927755197 860.9831193889406 230.03101559448277 1.620964 1.6432312 3.923975 6.480376 1.9039831 24.999088 0.078014985 11.108792347057248 
Car -1 -1 0 207.9707852939772 173.8830160078292 424.4949341765469 263.7831178320963 1.7403555 1.615196 3.790659 -5.898818 1.7626679 14.8162 -0.01139155 67.93985325246629 
Car -1 -1 0 471.86777687259934 175.23154345921668 540.0664758452062 204.77721790776226 1.7284716 1.6820868 3.9894052 -6.213906 1.8752713 43.46816 -0.12476709 11.703910752584898 

