Car -1 -1 0 664.8799634946504 177.07471118884737 733.915375839105 227.14967803780513 1.3892027 1.6044972 4.3071337 2.70324 1.5336525 22.537373 1.5670047 77.05653578824561 
Car -1 -1 0 361.1340728710082 175.49680901719378 501.5330871177102 221.60471795081062 1.4577922 1.6514918 4.262718 -5.798975 1.5484853 23.839724 -0.045234352 54.41483120437877 
Car -1 -1 0 728.1289803897474 171.136044360874 826.7925031207474 212.99755229750534 1.5353404 1.6290988 3.4543555 6.3155036 1.4723314 27.421673 0.084900044 38.511609745320285 
Car -1 -1 0 189.18469797831762 174.697152104288 429.62223299575794 254.6286285539908 1.5110816 1.6450896 4.1509953 -5.898 1.5502782 14.511587 -0.004907546 88.83807233351517 
Car -1 -1 0 0.0 177.69279738739993 309.96716422274693 309.4256019913442 1.4710661 1.6023163 3.9871683 -6.043976 1.5367389 8.955868 0.01801424 40.45701040993102 
Car -1 -1 0 259.3849464373273 173.9463355790846 440.56331409096435 232.79060508790803 1.4833732 1.6081735 4.223003 -6.789278 1.5136751 19.119017 0.044329368 20.77607418110876 
Car -1 -1 0 443.4114560530093 170.90801467738478 531.4492844290135 200.1395919911336 1.4369872 1.6192337 4.197323 -6.099474 1.3413248 36.354546 -0.036019944 16.21052647723582 
Car -1 -1 0 291.15681947071835 167.6079514294857 433.5864399174348 224.18743272700806 1.605389 1.6098348 3.7283146 -7.250085 1.4565372 21.442125 -0.08998372 13.74658113845723 
Car -1 -1 0 716.9403571949363 172.98019639037062 814.619541560299 207.41162189067617 1.4669487 1.6017289 3.9065127 6.800667 1.4726362 31.633577 -0.04400424 5.552273837032572 
Car -1 -1 0 664.6331119129886 169.71574887774526 721.461856577047 191.95976895794053 1.5532433 1.6780005 3.8502553 5.8948674 1.3341069 51.23606 0.00724179 4.849995176077514 
Car -1 -1 0 214.27126354408858 173.84493373344645 397.8547015884234 245.3613407121682 1.5853593 1.5805719 3.64475 -6.997871 1.609791 16.904583 -0.052692544 7.395407720745448 
Car -1 -1 0 543.0906603922291 172.15961975786377 562.2239316636329 190.18784514514132 1.4618702 1.5423741 3.974946 -4.801074 1.4055641 60.55872 1.4773339 2.6119807380475697 
Car -1 -1 0 403.2223773597128 162.90987193097143 520.007081613291 212.4649179954135 1.7463608 1.6525898 3.9174943 -5.3176885 1.3959213 26.26552 -0.005949887 1.4179984838783992 
Car -1 -1 0 691.5704694210758 170.40962649333636 766.6107625252607 198.49491869231284 1.4991109 1.5825232 3.771276 6.508539 1.3686372 39.47944 -0.094612114 0.28713515400886536 
Car -1 -1 0 734.2276616718058 181.76025079341633 874.3767181185757 267.57190882224654 1.4832425 1.5933195 3.6959956 3.817209 1.6892716 14.779928 1.4818283 0.7581237362786906 

