Car -1 -1 0 31.378101010458273 186.3026402891658 253.8450424466528 289.97618848939584 1.5445974 1.6204883 3.6707797 -7.8618827 1.5664798 12.610551 1.5372632 115.77679108490912 
Car -1 -1 0 218.86874233090577 187.47804259333765 345.9235226469127 250.92720546052752 1.4489487 1.6253774 3.8239434 -8.182185 1.513216 18.48738 1.5435033 52.581215764785746 
Car -1 -1 0 0.0 187.53206026745784 171.51001501323384 268.6212365129701 1.5100951 1.6183531 3.824568 -11.284944 1.5660298 15.427989 1.5474079 31.231638819314867 
Car -1 -1 0 465.4391721916126 185.90770588754373 515.7139483893194 224.71918083794435 1.4182363 1.5735333 3.8548524 -4.523576 1.4473858 28.309479 1.5110117 51.00192677172203 
Car -1 -1 0 572.7569525798882 179.78573451822155 602.6778298702387 206.9589742361083 1.4898434 1.6404669 4.1692286 -1.0880618 1.1921315 41.50562 1.5610958 10.45243272362003 
Car -1 -1 0 215.45780882694274 180.60866499604654 304.8480225316238 221.92173617218566 1.4347738 1.5215933 3.4997115 -12.805399 1.2747748 26.746004 1.6133578 4.252012693376296 
Car -1 -1 0 494.71540410566377 183.59141147924544 530.5401481114666 211.07571248025144 1.4423085 1.5583159 3.5874097 -5.1552463 1.35707 39.53101 1.5530977 8.924993997724428 
Car -1 -1 0 654.3099164388016 178.61575875874576 679.4436776708977 201.36153133502611 1.538207 1.5857882 4.073195 4.17157 1.0918791 50.678818 1.6090276 2.4775295808365323 
Car -1 -1 0 527.1986089358427 182.04429924035296 546.8512797597656 200.6159867740537 1.4666815 1.5329973 3.6438117 -5.750216 1.2162232 58.668663 1.4560442 0.2635737657546997 

