Car -1 -1 0 660.299663339113 178.16132941230467 723.4339300214959 224.4582128457437 1.3995609 1.6186585 4.1294947 2.6889372 1.5939982 24.360758 1.5601606 52.25314314233509 
Car -1 -1 0 381.56222985019104 174.0844794690899 507.86828022272636 217.46568003813562 1.4879277 1.637827 4.151266 -5.791501 1.5332661 25.692299 -0.036273997 39.18476608645259 
Car -1 -1 0 236.74691302846338 176.80707759148962 447.3516036031909 246.74118686909586 1.4981636 1.6427803 4.18289 -5.9590397 1.5927576 16.409876 -0.016586244 68.08301570434492 
Car -1 -1 0 25.12562831193251 179.67019261403271 356.82881996756714 286.4082294507783 1.4632027 1.6077352 4.053056 -6.1007032 1.5732875 10.825026 0.012016398 55.58970217771787 
Car -1 -1 0 291.2273960156679 175.52165053286132 455.23999489215703 228.65996503231017 1.4732943 1.60954 4.242717 -6.8008766 1.5543214 21.006224 0.049994707 15.961491644129465 
Car -1 -1 0 448.7146474172273 172.84232998217476 536.4856708636541 200.72606754397597 1.446465 1.6612003 4.3350763 -6.2057443 1.4458594 38.501297 0.11392945 11.168491368573502 
Car -1 -1 0 721.4629060234663 173.46466806362284 814.8104514545396 211.64972183804215 1.4958341 1.6083599 3.5329266 6.3697085 1.5214288 29.268932 0.09779439 7.76444129843226 
Car -1 -1 0 688.0759980661237 169.2061796051507 726.237258313164 195.95901179837577 1.4973539 1.6568193 3.8338614 5.673415 1.2931855 42.315495 1.5533572 1.1922268175894057 
Car -1 -1 0 317.0686303282063 168.07748247746358 446.09060535427403 220.36979600338577 1.6327469 1.5845894 3.7178547 -7.3212757 1.4836074 23.424755 -0.05641574 5.821108855919416 
Car -1 -1 0 265.53407426218973 174.48885723883197 419.644201954744 238.53767586564152 1.6077515 1.5398679 3.5107903 -6.944666 1.6527958 19.018099 -0.053132497 0.28008711338043213 

