Car -1 -1 0 0.0 206.87434674008207 269.19459731706365 362.04073421810136 1.4555087 1.4872558 3.5129735 -5.941841 1.9779427 9.311983 1.5545667 128.11809230720172 
Car -1 -1 0 698.1095383999846 179.07590940135847 802.9083514419044 248.05273597347582 1.4118186 1.6480117 4.0325103 3.2072845 1.5773132 17.163202 1.5553287 74.9138486056244 
Car -1 -1 0 374.75633617603796 189.9829244541463 467.6368349986953 243.89760093286853 1.4474962 1.6681211 4.2631755 -5.8475885 2.0429354 22.915422 1.6156281 86.18818570929854 
Car -1 -1 0 237.1092235577263 195.424084620917 394.37297542582183 281.63156481613305 1.4448514 1.6279626 4.231107 -6.007818 1.9903419 15.320447 1.5675147 101.69237203201466 
Car -1 -1 0 679.6194569465507 174.35962026188503 747.7738765022326 230.69458464622923 1.6032075 1.6465862 3.9920337 3.1746397 1.654683 22.655077 1.5927126 49.74947073136446 
Car -1 -1 0 1039.4655099048928 131.84106710157528 1242.0 242.02747801031452 1.5725782 1.6254569 3.954792 9.124882 0.9872424 11.227492 -0.059938822 80.1683526608216 
Car -1 -1 0 996.8574668070119 137.61296474139536 1242.0 228.0781159806701 1.604475 1.5850446 3.6327662 9.5630455 0.97944576 13.654482 -0.036013007 49.50490186249053 
Car -1 -1 0 915.0869260920747 153.93448161753543 1122.257712970862 223.7266117787506 1.4712505 1.592958 3.8154821 9.085553 1.0724182 16.179958 -0.09267495 60.61518056499326 
Car -1 -1 0 836.354120657325 159.7663438544434 1027.8602617998176 217.45304185921668 1.4425535 1.6452245 4.311331 8.375961 1.1152744 18.954466 -0.041431867 50.77264530287526 
Car -1 -1 0 659.3893635091634 176.3987837479969 710.034211862037 214.66413830276807 1.6031644 1.5848135 3.8715284 3.3294303 1.7730908 32.59375 1.4880046 25.923545572035884 
Car -1 -1 0 475.30179352821267 184.457737728758 523.2223122388142 216.25636108263166 1.5078579 1.5710361 4.0406365 -5.715913 2.1494555 37.81445 1.6580114 11.95122783354244 
Car -1 -1 0 430.1723804720533 187.83900816582496 489.36710571699626 230.0593238116803 1.5007396 1.5768305 3.6142883 -5.8946486 2.1355135 28.750137 1.5804137 18.38318251449068 
Car -1 -1 0 643.3372688071638 177.23519835017643 672.8704871060675 202.36057493674727 1.5470006 1.5668042 3.5146728 3.1153069 1.84218 46.83034 1.5371876 5.087035411032741 
Car -1 -1 0 517.4376229236987 180.68272971758958 544.7827004099564 202.37957164797533 1.4895595 1.537415 3.8769832 -5.713843 2.0845459 52.88936 1.5830956 1.9687244089425173 

