Car -1 -1 0 347.77126183416937 185.10490367159707 430.1058910959618 229.30761138433826 1.3861794 1.6188357 3.8478525 -7.319679 1.382705 24.470734 1.575476 60.22800775745237 
Car -1 -1 0 125.75467021897464 187.91854358512052 311.0823436715417 271.77400858439506 1.4493608 1.5833889 3.5325065 -7.5523777 1.5102506 14.368419 1.6540565 44.7920834043369 
Car -1 -1 0 163.50951633835174 186.53397704220959 429.54318428610105 341.49353688954955 1.478851 1.6145773 3.6605933 -3.4365263 1.4982368 8.731371 1.5825939 102.23474528882149 
Car -1 -1 0 583.8982542634192 178.2157036923067 620.2273029521251 211.96960614435395 1.5144894 1.6307322 3.446209 -0.2580526 1.2004097 33.990223 1.5544782 25.08972122635641 
Car -1 -1 0 1.8469215634208689 186.95482384715905 193.3364922489791 257.7844658002143 1.4153703 1.5723944 3.8711112 -11.378698 1.4597954 16.411655 1.5911126 47.72784110527152 
Car -1 -1 0 453.909824745931 181.98139453383263 533.1415752463784 237.27315111210945 1.4620328 1.640774 3.9783742 -3.2126493 1.3765109 21.007221 1.5830926 61.54156586079829 
Car -1 -1 0 422.74924710744904 181.07925365095775 471.6781945721556 213.13754958384433 1.4471323 1.5983527 3.7630186 -7.5803795 1.2604105 34.353035 1.5424471 18.371279222182334 
Car -1 -1 0 312.6128873826844 183.18425652583343 377.80042897960027 216.16558946465915 1.4653989 1.5992875 3.9736443 -12.277214 1.3751396 33.93338 1.5795846 10.34631780978087 
Car -1 -1 0 499.52703296393787 181.3155503925189 537.8554952201097 211.25134308265928 1.4266601 1.6229807 3.846188 -4.406561 1.2407894 36.216286 1.5259721 1.9828979502204163 
Car -1 -1 0 141.09808441481533 184.21257714181823 263.8349099060985 235.82779612289664 1.4352579 1.529396 3.752953 -12.166625 1.4073642 21.890263 1.6044208 1.7437674091797801 

