Car -1 -1 0 129.42222556323705 193.10721661939328 381.66681542288177 322.70088180183507 1.4265504 1.6732817 4.3214087 -4.913289 1.7901032 10.78576 1.564275 141.3052289758326 
Car -1 -1 0 449.2695110462558 177.99439072809076 513.0968372239763 223.35495818372127 1.5402241 1.5863197 3.435105 -4.6682906 1.7426274 26.6543 1.6226131 46.80333756609156 
Car -1 -1 0 727.0793994490087 179.87961139412153 833.047358197686 256.8164918604405 1.503021 1.6297827 3.74152 3.7217903 1.6805893 16.339365 1.6044226 59.418818920337564 
Car -1 -1 0 760.6032374502009 182.17935336628923 959.2941328393815 308.8595703846364 1.5103936 1.6577382 3.8774557 3.4915724 1.6755208 10.83275 1.5769176 68.33031684552437 
Car -1 -1 0 698.64025023528 179.322481997767 780.5952857952147 232.95668448017975 1.4380239 1.625588 4.049056 3.8329008 1.6526833 21.892576 1.5354657 49.88298600214336 
Car -1 -1 0 479.0504981904693 178.53784096360914 532.2292384133963 215.2722289074532 1.4657482 1.5501349 3.752339 -4.441589 1.727488 31.305714 1.6334097 25.468116543522147 
Car -1 -1 0 693.1149721429658 179.14009802014382 748.828868795888 221.241444019245 1.4657387 1.537932 3.5682287 4.1693144 1.7204535 27.445908 1.5616587 14.910334802651361 
Car -1 -1 0 0.0 178.86071074371668 153.03611682383726 226.97565853327984 1.4298439 1.5701643 4.1793694 -16.884464 1.6276419 22.729626 0.12033973 7.717150862074026 
Car -1 -1 0 1080.4141222943745 162.58192154790137 1242.0 233.54315429482406 1.4787242 1.6449442 4.0157523 13.581425 1.2646697 17.165798 1.3737298 14.437087500384859 

