Car -1 -1 0 666.2613682769583 184.90816229190966 725.5749668742272 230.7693540472573 1.3953362 1.5916395 3.5423236 2.8787184 1.8369346 24.659311 1.5673635 76.88236021234302 
Car -1 -1 0 714.2742928130051 184.8449869019096 865.2247647427396 291.15186487268295 1.5215485 1.660749 3.9343245 2.9775667 1.7661309 12.744781 1.5642391 88.9977526317888 
Car -1 -1 0 335.0035855137872 181.80314421237878 480.4592916768152 231.1581241782145 1.4967335 1.6708436 4.2007484 -6.4494853 1.7983143 23.285143 0.09468451 56.6152812877739 
Car -1 -1 0 779.8197149678646 197.92240284240157 1116.626470864068 375.0 1.4423321 1.6107006 3.6429443 2.967665 1.7569876 7.2212963 1.5532069 82.54860513162686 
Car -1 -1 0 211.13442180252042 179.74071809764072 422.6777551262646 259.3713420818019 1.6026359 1.6529994 3.8866906 -6.190875 1.75934 15.545415 0.02398164 53.58576848264441 
Car -1 -1 0 648.5797856996982 178.47481294262778 687.5116809042757 213.98373550507148 1.6290792 1.6421019 3.8079395 2.8355758 1.9214258 35.61788 1.5786545 15.853197642244064 
Car -1 -1 0 636.2363404591918 179.38098697775106 663.4196029143835 204.00045803267773 1.639387 1.6358979 3.7381215 2.8075829 2.1171665 50.931625 1.5503201 6.344216309721071 
Car -1 -1 0 0.0 165.77278303234 312.7270738513228 333.69660827748646 1.7991681 1.6803342 4.2352257 -6.0093036 1.7232985 8.623475 0.024972335 47.76381878947947 
Car -1 -1 0 117.75000279455283 184.5920636902741 383.85715337594814 278.54321487369975 1.5401151 1.6385801 3.9972284 -6.322337 1.7662851 12.980518 0.052035153 10.422565027120699 
Car -1 -1 0 387.4863018413554 171.41439541428863 504.6276458869873 222.11453383136433 1.9127347 1.7240283 4.1522794 -6.324212 1.8584235 28.1816 0.047964234 16.258029186173665 
Car -1 -1 0 440.10629691829166 180.25228188615435 528.0704472455457 211.94718115134867 1.519032 1.665612 4.0940685 -6.1806364 1.8953968 35.844563 -0.014042411 2.9405930767378248 

