Car -1 -1 0 378.3270608725287 182.2816507766918 440.45759368437143 218.5439216287713 1.4394778 1.6069049 3.8196588 -8.296338 1.323007 30.451855 1.5631282 60.62758036226132 
Car -1 -1 0 557.31048771947 180.0215602932944 608.4701349974877 228.18384849271942 1.5491023 1.6459674 3.1969614 -0.81658435 1.3820369 24.737532 1.5489329 41.823424950049386 
Car -1 -1 0 441.69628995394936 178.44935127558895 525.3657338285756 242.08729850166114 1.5883287 1.7006891 4.181558 -3.326521 1.4194486 20.05081 1.5487647 69.57391521279138 
Car -1 -1 0 229.16779889068818 180.70657780439558 360.54083150046495 251.83802867948856 1.6100954 1.6573007 3.8777003 -7.736393 1.5080292 18.21402 1.5665393 77.24698309084742 
Car -1 -1 0 340.3959072750045 179.90029086997978 395.73488488108956 208.71924830857088 1.4703748 1.6987084 4.1186533 -12.812077 1.1991769 38.755745 1.5470386 19.55704773727759 
Car -1 -1 0 497.29546512076047 181.10456192165418 539.1033015382385 214.41303497088876 1.463977 1.567329 3.8603196 -4.0961065 1.283284 33.54477 1.5452529 21.73307619074715 
Car -1 -1 0 525.6510982347451 179.7830508470955 552.0119902333327 204.0339430781483 1.4819522 1.6065725 3.9121535 -4.3770695 1.1499676 45.95464 1.4717274 1.1963740080351755 
Car -1 -1 0 405.8008245758365 184.50847033024314 449.27694167112554 214.44039312855932 1.4508259 1.6449549 3.902586 -9.1535635 1.416546 36.87193 1.4631529 0.6393872736635997 
Car -1 -1 0 442.49642410436473 177.2152248835917 479.15802832701246 203.39562433755623 1.5045054 1.6008487 3.7267265 -8.749154 1.0447433 43.20802 1.5256063 0.2952788770198822 

