Car -1 -1 0 420.9798554677031 183.7951716300884 508.1917084854255 244.70066571569868 1.5900708 1.6486313 3.833635 -4.2063093 1.9457347 21.497751 1.6230192 91.31690447680006 
Car -1 -1 0 774.913592604337 184.70504764852305 959.0214075322093 306.10307985582926 1.499243 1.6131551 4.182287 3.814987 1.722347 11.454936 1.6203153 127.02986168221614 
Car -1 -1 0 470.7144147847732 180.4082057013992 534.4189886299762 229.83736868742716 1.6458691 1.6303523 3.9891796 -3.8674421 1.9462256 26.666039 1.6065295 41.13212091930713 
Car -1 -1 0 693.8601104853823 176.392597232747 731.2203748599353 205.82147159881285 1.5166519 1.6979661 4.190866 5.6309023 1.7225447 39.841423 1.6288997 36.325496097017336 
Car -1 -1 0 522.4493294452509 182.22502888191855 564.8482535639072 214.65974436006786 1.4824922 1.6216068 3.9737031 -3.245612 1.9782917 36.15942 1.6078087 14.363063090488128 
Car -1 -1 0 131.22293885203317 186.2642405698679 270.8711486472472 229.54933143092757 1.4807787 1.6076639 4.122737 -14.733343 1.9845468 26.180868 -0.059192933 16.087146868880392 
Car -1 -1 0 593.528241698829 181.1711871322201 614.1952503604194 198.75617481511586 1.4342122 1.6134086 4.259053 -0.46781355 2.1858478 63.047966 1.6084881 1.7642015459661016 
Car -1 -1 0 501.05469166288896 184.59660155704944 550.8015865061818 222.20619036194637 1.4867167 1.5439781 3.8298392 -3.6095 2.034381 31.69744 1.6257473 2.43003776591178 
Car -1 -1 0 582.4014934050368 173.9922375876033 602.9587762436299 187.98924574431175 1.5157009 1.5926688 4.143331 -1.8593724 1.6463575 80.65541 1.724404 0.8393669035917903 

