Car -1 -1 0 159.55731416081065 197.37965902415294 362.19445379987366 300.3644847091918 1.4315442 1.6064523 4.055107 -6.029674 1.945168 13.058849 1.602257 119.2818488080509 
Car -1 -1 0 730.9550296345652 179.27417678864688 928.2016507645073 306.15651846624723 1.5314354 1.6725968 3.915954 3.0583122 1.6460308 10.894266 1.5375977 104.41704444883176 
Car -1 -1 0 355.31793937145534 177.20228934258625 453.9180652785283 243.3989229379865 1.7328326 1.7473327 4.2847576 -5.909703 1.8743216 21.32441 1.5575843 87.1713471289139 
Car -1 -1 0 550.271240045099 179.03456136772044 576.3667621430662 201.28120792776193 1.4704514 1.6958514 3.9013472 -3.2174995 1.9221907 50.763203 1.5420165 17.539844265284394 
Car -1 -1 0 516.7250541326264 180.3104173416846 547.7231054462318 201.35291523624474 1.4644003 1.6710839 3.8539574 -5.7032194 2.0385637 53.58641 1.6311822 11.656602724112872 
Car -1 -1 0 417.4533521440405 182.35952744925308 486.76273591579036 225.88813726652288 1.5048704 1.6342051 4.1597104 -6.0066214 1.9012282 27.97646 1.6095498 11.336701025144082 
Car -1 -1 0 888.4203414520111 156.78308583751246 1007.5819849673154 196.58020617705085 1.5203366 1.6250621 4.1757817 13.482974 0.9063926 28.997133 0.3227592 8.839896241262219 
Car -1 -1 0 471.08916117612256 182.22002679860563 514.2868710971574 211.80091319928061 1.4276415 1.5767217 4.1124983 -6.1255174 1.9502556 38.19592 1.5822173 4.483699812728923 
Car -1 -1 0 639.4035059297581 174.63798081096783 659.9741197591356 194.00095338919616 1.5497453 1.6485065 3.6035407 3.3588588 1.702553 59.9476 1.642491 3.0776642761413875 
Car -1 -1 0 831.2838552059287 164.13802115070675 912.5363288424044 191.42638535524992 1.4679976 1.5819324 3.9272916 14.40247 0.9991149 39.7565 0.077619985 0.33043497800827026 
Car -1 -1 0 858.1776110681253 159.7359603311076 918.5626322906985 182.16098202680487 1.6914787 1.6147056 4.0031333 21.333002 0.7020085 55.289062 -0.028863385 0.26422205567359924 

