Car -1 -1 0 31.851674276812705 194.02075231958617 391.1397141860311 375.0 1.4597999 1.6045882 3.8034346 -3.568331 1.5731922 7.34898 1.562232 99.57402978288725 
Car -1 -1 0 698.2055355212507 192.07230536278527 798.4351780654434 263.87054885519 1.3773743 1.5204345 3.3863096 2.9866953 1.544395 15.812738 1.5644614 85.64503194101437 
Car -1 -1 0 408.07833097579027 184.65944536739985 503.8450150009276 255.71216394744076 1.5751722 1.5827612 3.280012 -3.593711 1.5628406 17.595196 1.5952042 98.81183788323911 
Car -1 -1 0 467.83435688920633 184.42612692969163 528.0266462564804 228.2538408978359 1.4663489 1.5811646 4.031214 -3.8778293 1.4399321 26.068752 1.5678809 35.38396139970716 
Car -1 -1 0 649.1163903274154 184.97161451750557 690.5801680204088 217.50836565265388 1.4427088 1.5502992 4.04405 2.8973362 1.431886 33.907104 1.5571945 26.28815722838738 
Car -1 -1 0 361.2160180194998 186.84931768410632 429.78627660703614 226.03205335084945 1.4207672 1.6207504 3.6241896 -8.168623 1.4885987 28.032822 1.5663493 33.652709493007855 
Car -1 -1 0 209.29399908346235 188.94664062537444 347.9278561542258 255.99532987055267 1.4431012 1.5703167 3.8885598 -7.880554 1.5448573 17.647865 1.5885341 30.862093585322018 
Car -1 -1 0 588.458243915138 183.5913758560274 611.7787241204358 204.63372721790512 1.487408 1.5906568 3.8024473 -0.5493529 1.3725905 52.746086 1.5290734 12.519346541320914 
Car -1 -1 0 499.0724009246952 184.73535663612708 538.6912387347184 215.30333531319926 1.4919708 1.5715756 3.6830215 -4.4861736 1.4685261 36.930187 1.5740453 18.215822786891923 
Car -1 -1 0 619.6057661897131 184.4526567673277 640.8137209550364 200.863337949769 1.4671905 1.7328655 4.0570183 2.0937924 1.3989711 66.3174 1.5472355 3.0884282423422977 
Car -1 -1 0 528.161115392755 184.44710481707534 554.0903223628386 205.8288879982942 1.3966115 1.5176876 3.6160798 -4.520486 1.3464086 48.85914 1.4125531 1.3625725814382055 

