Car -1 -1 0 554.7583761102524 179.27359514535547 639.110908979613 247.35631937555908 1.5787822 1.6423426 3.7304187 -0.3660294 1.4409897 18.644981 1.4047072 109.17545973683347 
Car -1 -1 0 181.50111514044096 190.92210991584764 332.70336278031556 273.17663855483715 1.3890262 1.5889447 3.909615 -6.8302946 1.5200826 14.4662075 1.4368147 88.66467605471922 
Car -1 -1 0 292.4257999792031 185.00991206591104 376.3777116030358 235.08237555717176 1.4386562 1.609748 4.4304376 -8.579649 1.4327437 22.96457 1.4204832 70.76142643040848 
Car -1 -1 0 458.76680588554666 180.17365451534351 510.81827201275365 226.79721254622024 1.5225463 1.6852856 3.386602 -4.2831097 1.3578925 25.280434 1.4117972 43.879723179379816 
Car -1 -1 0 368.5635223710636 183.4120063719466 417.4383777441466 215.1354737915632 1.438006 1.6333461 4.2979136 -10.300518 1.3562458 34.825474 1.4341859 22.04077780858501 
Car -1 -1 0 182.21618241490938 184.3451226392412 273.8214016602152 233.60966177188564 1.463402 1.588451 3.5869086 -12.14551 1.4375416 23.25581 1.4002999 13.234304269700358 
Car -1 -1 0 356.1341355937776 179.9377928189034 383.9351280493813 200.0682835458179 1.5299013 1.5524852 3.6814942 -18.628178 1.1287847 56.578384 1.4000001 6.774835641102059 
Car -1 -1 0 252.57728512251563 170.31076868919365 319.1735759750289 214.29388584707164 1.8730699 1.7553557 3.9969952 -14.527382 1.2383269 32.7191 1.4232379 1.4154046310195467 
Car -1 -1 0 455.15437800895256 182.12962361281654 491.1282105880073 214.48909835854028 1.452125 1.5944022 3.4700243 -6.3678446 1.313638 34.11295 1.3806169 0.32531917095184326 

