Car -1 -1 0 0.0 200.9919962825415 287.33598676112695 351.3255136089553 1.4529817 1.6159353 4.0216713 -6.1091447 1.9130054 9.765173 1.5967615 135.06240269025724 
Car -1 -1 0 772.0396102325201 179.99957511416304 1106.0955874008948 375.0 1.5503337 1.665646 3.8636832 3.0315676 1.6450124 7.6046243 1.5410812 97.7166771407694 
Car -1 -1 0 297.5265072728154 178.9233846049638 426.75263525036615 254.72496924069466 1.6297255 1.7415586 4.2965727 -5.982933 1.799296 18.008106 1.5735948 96.29937404356578 
Car -1 -1 0 538.2572028072289 178.35456015966065 571.6553303442371 203.10671549154844 1.453737 1.726043 4.0502915 -3.383321 1.8147967 45.32284 1.5875357 12.181624086974763 
Car -1 -1 0 506.7219890017378 178.74695048740867 538.7739597843984 202.58987785043848 1.560075 1.6239172 3.7092297 -5.9793515 1.9841301 50.033195 1.6147424 19.54641999277729 
Car -1 -1 0 385.80315681141536 181.353242252708 462.7063667453287 231.91107224959745 1.5328665 1.575967 3.9643705 -6.19464 1.8452276 24.531013 1.5765623 22.9406515121929 
Car -1 -1 0 455.8671456600776 182.70687222841337 503.56964909771705 214.3265865732867 1.418544 1.600399 3.7260084 -6.312896 1.9278846 35.420433 1.591542 16.55661980943658 
Car -1 -1 0 966.3432171752905 154.12161564310728 1107.1782225484008 199.02558164705295 1.4639025 1.6070307 4.0690536 14.706913 0.8532128 25.099747 0.42906347 25.52099048396882 
Car -1 -1 0 635.5653695429102 175.34575721398417 658.2959010940575 196.43384254522314 1.5914389 1.6719911 3.7847764 2.974082 1.7945814 56.86891 1.6537157 6.251173579395987 

