Car -1 -1 0 660.2928860701097 178.08270946824442 712.0298238976604 219.86072098677027 1.398005 1.5239062 3.565086 2.736256 1.6020801 26.376423 1.5740566 65.88650676159116 
Car -1 -1 0 702.0717308199863 172.96140972777994 850.9415777874967 280.90124309219266 1.615713 1.605558 3.5693378 2.743263 1.6178651 12.630747 1.5149866 113.73340842293952 
Car -1 -1 0 317.8714751715828 180.6387487124915 472.19800805082843 230.2891118473275 1.4204131 1.5982387 4.164865 -6.3661056 1.6631833 21.697716 0.0022051325 49.88956249390462 
Car -1 -1 0 703.5089633776025 172.9472714724987 805.1237019331596 211.20356089940495 1.6183093 1.6816276 4.1412196 6.2469273 1.6224985 31.467936 0.04889697 21.78624571502757 
Car -1 -1 0 59.75850610772295 181.52714751724085 369.4100818438318 288.8405200356799 1.5160043 1.5999517 4.0120068 -6.0282 1.6626958 11.273502 0.06576608 77.10532938880067 
Car -1 -1 0 157.58759987396206 179.86184375389377 402.07100385318137 264.1196822300566 1.496845 1.6140901 4.0097733 -6.2526884 1.6413416 13.926936 0.07275495 46.391201433885655 
Car -1 -1 0 369.17746082982256 176.619546103894 495.3099056038449 223.7814689895079 1.4961078 1.5468117 3.7740953 -5.7913694 1.6246895 23.828402 0.019409442 18.624591920826788 
Car -1 -1 0 399.89564365884587 177.62334193187678 508.37902647561293 215.66990651519632 1.4525328 1.562365 3.9453678 -6.180272 1.6502821 28.863789 0.14231172 3.1926297959474854 
Car -1 -1 0 252.2669222953996 175.69045283531284 420.225815120977 235.30426427211023 1.4960188 1.5821466 3.8210232 -7.104987 1.5738713 18.994179 0.009920633 3.596307279468585 
Car -1 -1 0 628.7530438961197 173.54263069641306 648.7775171873624 192.18892651519448 1.499691 1.6139424 3.7598596 2.4226358 1.5588517 60.08056 1.6065385 1.2881993865503003 
Car -1 -1 0 376.03770358564356 173.67409837431666 487.28527926550544 220.0280567904949 1.6337934 1.5595493 3.6436536 -6.4600663 1.6648538 26.396004 0.08503601 2.632007202424071 
Car -1 -1 0 192.62830547401742 163.92041881867667 400.4173943686949 249.62162498466196 1.820869 1.6773983 3.956046 -6.9189043 1.6310596 16.254585 -0.043684304 0.5037236615168348 

