Car -1 -1 0 763.6805001502121 173.13745853059774 1232.2214495652063 375.0 1.6684451 1.6388744 4.085772 2.619353 1.6716471 6.0802402 1.535678 131.82110823829 
Car -1 -1 0 649.7980895911156 178.3299319556694 684.92081980766 207.00884506723554 1.4720236 1.602356 4.1348763 3.1455173 1.7904931 39.89415 1.5687077 20.695987973020994 
Car -1 -1 0 154.39898530336026 188.6969666851412 400.2293361665633 268.6478556202891 1.4468124 1.6404479 4.1214485 -6.448757 1.7798121 14.285864 0.029169492 63.57140593576828 
Car -1 -1 0 0.0 191.65744013078358 304.0409532310767 318.47251877575644 1.4489248 1.5649719 3.8683727 -6.2685094 1.72015 9.465475 -0.084079556 77.20941585414114 
Car -1 -1 0 219.40048451402876 184.55018845188 405.0351648693521 254.72341529324333 1.5129111 1.5754917 3.6329975 -6.7628965 1.7960315 16.64731 0.016932406 15.056798275346589 
Car -1 -1 0 375.1861513521693 183.00367870469034 503.15350741419763 229.63499158971496 1.4712541 1.5656786 3.867824 -5.6405087 1.8237636 24.117535 0.08396587 21.217966769200373 
Car -1 -1 0 324.1023036160262 182.20085185305376 460.9943095044162 234.84168231681628 1.4827365 1.5668616 3.685092 -6.554095 1.7816272 21.905645 0.22050768 5.10541182400189 
Car -1 -1 0 408.20869874055313 179.86125862091112 510.4579899418732 218.46791045581674 1.4997237 1.5513446 3.8145478 -6.1499453 1.7991906 29.648205 0.22873715 5.120674819571158 
Car -1 -1 0 522.708697823276 172.54831283349193 549.5110473098316 196.73076819857133 1.7692842 1.6358994 3.932763 -5.5375404 1.7469187 54.75742 1.5702095 1.8671337150348926 
Car -1 -1 0 444.11979091775066 179.1922621412923 535.5278216918225 212.34442905667566 1.509843 1.6399835 3.9952774 -5.6401157 1.8192728 34.232662 0.08798407 0.9355774008509263 
Car -1 -1 0 391.018113375459 182.09743635782792 511.7308321130758 223.94065781533135 1.4671713 1.581006 4.0790434 -5.81292 1.8224201 26.735022 0.102748394 2.1377575402931117 

