Car -1 -1 0 719.8311933303107 182.89487756736378 798.8181538848723 243.75967158211606 1.4403014 1.5853975 4.183373 4.0179935 1.7473445 19.922575 1.6400979 74.78726845075802 
Car -1 -1 0 827.8616235469075 180.1001931049753 1207.41716776097 375.0 1.5649343 1.6618181 3.7415123 3.6206548 1.6568174 7.2655277 1.5549092 93.90402909719825 
Car -1 -1 0 761.4611991543734 185.22638253094857 905.9340102325602 281.0584586622469 1.4917992 1.6149749 4.162358 4.1019254 1.7660155 13.884076 1.6052895 76.14562457390713 
Car -1 -1 0 705.8796109195326 180.5943304740387 766.2048150434523 227.23430650236185 1.4818661 1.5171123 3.28664 4.334114 1.7689456 25.115993 1.5686061 34.033801213207816 
Car -1 -1 0 555.4468435191715 175.17475122125518 591.8672305319931 205.38847543546734 1.4854245 1.6074864 4.1901393 -1.8340497 1.6141627 37.911987 1.5946875 26.350174067134944 
Car -1 -1 0 690.7058910429721 178.0931153966139 738.1217643162138 216.45970014447485 1.5782974 1.5297854 3.363556 4.573208 1.8218707 31.845755 1.5470023 22.017743879224156 
Car -1 -1 0 680.8489301908679 176.36986908540024 720.8540551688699 209.41367997866766 1.5695734 1.5879292 3.6091058 4.5638943 1.7560899 36.467773 1.5774262 12.006751581915498 
Car -1 -1 0 494.19724238580824 178.80537111857015 568.6970037031529 236.72495828123346 1.551599 1.5916511 3.7470124 -2.2498078 1.7460144 21.64755 1.6386703 8.027634291351328 
Car -1 -1 0 444.4714906739245 161.02659916856442 551.35038882328 261.15224294704774 1.9357699 1.6932992 4.393389 -2.3366575 1.7071059 16.15039 1.575446 54.697452937832765 

