Car -1 -1 0 689.7634042626911 169.6671771183603 895.255555432338 241.93713450545903 1.4493763 1.6525371 3.9638186 3.8653755 1.3854644 15.555172 -0.13457534 139.97471243372598 
Car -1 -1 0 636.9706182671055 165.94754682698738 741.5401781080033 209.46430847857062 1.5222352 1.6148595 3.5010555 2.8592458 1.2806443 26.26474 -0.12846409 56.0394023727248 
Car -1 -1 0 106.2139574663971 170.86327243403284 332.11345152107225 250.5960470648569 1.6736158 1.6682303 4.133193 -8.59465 1.6318297 16.185883 -0.102189444 94.43667935419467 
Car -1 -1 0 177.36340524358835 177.79823782790183 363.549709239179 239.99644623371753 1.4968531 1.6179507 4.049281 -8.609224 1.6318003 18.614738 -0.13747486 26.619354850589296 
Car -1 -1 0 0.0 180.97200570110118 225.5923577544769 302.5485760122698 1.5545787 1.6255562 3.7996192 -7.8349686 1.6816423 10.324575 -0.083826624 43.46388185395982 
Car -1 -1 0 620.394206589472 167.782869733881 721.9460507026799 206.75581341499333 1.489059 1.6321833 3.7512372 2.4041834 1.2953036 28.62151 -0.13057214 17.4817640126206 
Car -1 -1 0 294.74356328670916 171.95359086365798 419.9669905009991 213.9806740074593 1.4916608 1.6265135 4.101392 -9.221321 1.4597026 26.636524 -0.10673599 46.060253842698096 
Car -1 -1 0 445.3428715441686 166.52222883850357 475.259064522776 186.15244663314246 1.6914777 1.7061914 3.9113283 -13.330948 1.1458874 64.30472 1.1197548 7.708655444786871 
Car -1 -1 0 870.7189180570683 162.92412609945373 915.3044530349819 186.8695735396096 1.4855508 1.6665667 4.198919 18.47961 0.8695114 46.946743 2.2078946 4.862571286882254 
Car -1 -1 0 221.56011996864515 178.51155760501118 382.7162777775952 229.64021664610254 1.4466581 1.5737336 4.120934 -9.050499 1.621745 21.467995 -0.036610432 11.702368751214843 
Car -1 -1 0 320.23423828856835 166.11469383327525 419.08492066963316 204.9417117187753 1.6346247 1.6307416 3.8786142 -10.392315 1.3508985 31.48486 -0.1566768 1.3339061396195606 

