Car -1 -1 0 656.2977784238519 179.7895413027602 713.8138307997025 223.26987150024982 1.4138964 1.6096416 4.244572 2.6647315 1.6869106 26.272793 1.5608293 61.76292296036274 
Car -1 -1 0 393.0781510604675 179.22376360541384 514.0332982050418 219.19769960580913 1.4604748 1.6338755 4.306665 -5.8842754 1.7119677 27.571037 -0.046875585 45.960881651694095 
Car -1 -1 0 114.93989344755752 181.63513379937663 390.5452555799552 272.92007258698436 1.4737997 1.6236324 4.066312 -6.141013 1.6391574 12.703314 0.035758156 51.10231244346966 
Car -1 -1 0 275.4308660035831 180.67013767122242 461.8773931705806 242.6225719838742 1.4806622 1.6288416 4.183112 -6.0104265 1.688117 18.304626 0.015304005 51.46538626182674 
Car -1 -1 0 0.0 178.6902515806232 322.7670306568191 296.63860447599313 1.530803 1.6151633 4.1514225 -6.473263 1.6203253 10.256264 0.0018512702 104.15642631714344 
Car -1 -1 0 697.1910134889148 177.60799077316705 786.2014046547501 207.99090437943605 1.4498937 1.6342597 4.0590544 6.4802117 1.6906406 35.6284 -0.046720456 5.281237010671097 
Car -1 -1 0 481.2374457009052 175.12125824883495 544.6317987854376 200.99348254808268 1.5581437 1.6155542 3.8179274 -5.9394226 1.7014737 44.621025 -0.09912631 4.274696672778486 
Car -1 -1 0 321.06922393750233 179.31389094249982 466.87590921662775 228.82653310456206 1.4876287 1.5834656 4.115262 -6.7208467 1.6988087 22.743492 0.025665138 11.71047743210583 
Car -1 -1 0 340.0942587827877 173.68091329435174 457.8734372776527 223.44250839686188 1.6637113 1.6087388 3.721687 -7.2614875 1.6937014 25.162775 -0.11109555 4.048822920366097 
Car -1 -1 0 653.8016541261774 173.2135584624708 707.9467128484915 193.08764904916796 1.4906541 1.5848556 3.8780038 5.428484 1.5186279 55.145603 -0.104784705 0.3287663161754608 

