Car -1 -1 0 667.9007104852852 181.42546230099333 731.4202050844103 232.8200493589923 1.4299254 1.5475007 3.9467745 2.7496006 1.7233369 22.717531 1.5815405 98.55256954682717 
Car -1 -1 0 0.0 205.61565074016133 354.51401381885614 375.0 1.411131 1.559875 3.4105833 -3.808226 1.7982156 6.809842 1.5837517 109.38556827590592 
Car -1 -1 0 250.66256419485836 195.0067190700065 386.61390639553326 273.5028983986559 1.4454112 1.5798044 3.554254 -6.31355 1.9935768 16.073006 1.5761561 60.131253761919375 
Car -1 -1 0 777.2615286626051 166.46307665192037 919.4970305142087 211.92812049774315 1.5108653 1.6882522 4.3495235 8.179626 1.2984861 24.931004 -0.05073183 64.46166246112065 
Car -1 -1 0 871.9723393947405 168.62839647126748 1116.2051237881196 239.85936662458298 1.4562867 1.6746249 4.389691 8.172029 1.3698959 15.5973425 -0.0038757967 113.28287793426988 
Car -1 -1 0 376.9732522984123 191.95383124507734 453.2529754306703 241.67636827965933 1.3988749 1.5538892 3.9077632 -6.3065853 2.0808382 23.789143 1.5446684 44.53866525436281 
Car -1 -1 0 1024.759988993778 153.42132902953156 1127.8896319093142 185.90855410636638 1.5095097 1.5883117 3.8569434 22.188011 0.60657597 34.39475 0.038979046 15.583609423746408 
Car -1 -1 0 1065.3696467928426 151.89868062747308 1175.8127472464869 188.6931466213532 1.5510957 1.615119 3.7482328 22.161766 0.6677098 31.362562 -0.07496288 21.74537920368174 
Car -1 -1 0 466.7545798349163 183.12363134903623 512.9496210979278 215.22064522773198 1.5586925 1.5558494 3.9884841 -6.3064413 2.1340933 38.38631 1.6364747 8.131479910051912 
Car -1 -1 0 1122.8414903596888 148.61981786628775 1242.0 188.57372233250453 1.4998903 1.6527362 4.0902414 22.54768 0.5901264 28.081915 -0.083985545 10.349270180221597 
Car -1 -1 0 829.1150274581715 155.87785290839327 1015.8110709572368 226.90591619674103 1.7622209 1.6928394 4.1277723 8.039686 1.3410391 18.781479 -0.016315874 15.473160299109297 
Car -1 -1 0 523.8577339810932 181.77073590828593 546.1024515129408 199.94810592846173 1.4601661 1.5512832 3.8372123 -6.4338164 2.2513294 61.987637 1.3748004 0.2620178163051605 

