Car -1 -1 0 677.3392574778686 169.20607060466818 772.5976703383167 242.42603006848435 1.6033384 1.5883632 3.538654 2.7026255 1.5234575 17.608692 1.5179921 109.02178444867644 
Car -1 -1 0 743.4595247435069 183.023937197346 1020.4257927104331 357.257768150474 1.489363 1.622992 4.0612774 2.807786 1.6375043 8.458802 1.5441331 105.74498356563902 
Car -1 -1 0 651.4529580417114 173.2245488564269 694.7056563680593 207.23524163506585 1.3931249 1.5431851 3.5226855 2.7082374 1.410138 31.361063 1.5629128 44.05599938852475 
Car -1 -1 0 374.91916814176165 172.8394247946028 496.00369318803786 213.87349479515552 1.4692597 1.6007934 4.083096 -6.360937 1.4687377 26.639503 0.0018795338 24.783890642260193 
Car -1 -1 0 233.3474517607201 175.31042637044237 440.1796797619187 247.7803029571675 1.51754 1.6322391 4.0729046 -6.0702505 1.5765672 16.260326 0.13251615 43.22855122974885 
Car -1 -1 0 417.02624703320305 171.09647244470045 517.2702695108974 210.57466986893147 1.5302042 1.557265 3.6853657 -5.6203976 1.462081 28.749144 0.0017234229 22.292060526136712 
Car -1 -1 0 279.955039134056 173.5561756953928 453.1409445561469 234.1206860291222 1.4987274 1.592833 3.9909468 -6.2846575 1.5180582 18.871027 0.100631274 26.340077094579563 
Car -1 -1 0 493.6850965176288 168.73599221764644 527.8949739886863 197.10941091031583 1.4815516 1.5544872 3.9342232 -5.384569 1.2665248 39.68347 1.5148045 3.441370719303656 
Car -1 -1 0 474.2434827935173 164.3587687018925 536.4504632058098 189.8259022025072 1.6487235 1.6101114 4.012413 -6.9015594 1.0987482 47.815567 -0.15425918 0.6188233912238575 
Car -1 -1 0 297.4659963421169 160.47119126304239 450.1514456399247 223.9358091605191 1.7856658 1.6802353 3.9438846 -6.8284307 1.437258 21.18528 -0.02226311 0.7468897392553363 

