Car -1 -1 0 57.80815155564398 200.90862276771045 305.2482855984316 329.5176306669182 1.4595501 1.5227263 3.4835782 -6.070006 1.945392 10.727589 1.6064122 116.95547069744302 
Car -1 -1 0 257.868834711785 193.7024925179571 406.40492413703544 273.0811211351436 1.4405297 1.646122 4.164969 -6.058876 1.9726508 16.308575 1.6023426 102.59489781443419 
Car -1 -1 0 705.1631896424542 178.32706755184708 843.384605624721 271.8126202174751 1.5431683 1.6868953 4.057029 3.0505867 1.6664753 14.20344 1.5411103 95.75059457137743 
Car -1 -1 0 392.10048465445055 178.29648465032793 471.9837013207822 233.5574265827119 1.6864518 1.7013705 4.2854905 -5.931571 1.8881723 24.593231 1.5623044 76.73900481228357 
Car -1 -1 0 521.7764890846481 179.99852114318173 549.2110769265129 199.59091786669273 1.4480314 1.6951118 3.9690487 -5.7910256 2.030035 56.780643 1.5857208 4.429064634951962 
Car -1 -1 0 442.25775327361225 183.00366385223143 499.21903076965106 222.78252259427367 1.5546209 1.6082366 3.9719458 -5.9306517 2.022117 31.228334 1.5963693 7.398336690392376 
Car -1 -1 0 558.5158398612754 180.0057774135772 584.1696906438749 199.8337739972272 1.4576899 1.656756 3.876891 -2.9551992 2.0365734 56.4343 1.6092762 4.122955838484772 
Car -1 -1 0 637.3747022907196 175.5468274472175 656.1145520657501 193.04289369161214 1.4723456 1.5910529 3.6206121 3.2702584 1.7149333 63.145786 1.63144 3.2161521117601892 
Car -1 -1 0 682.8690124989346 172.8279898861393 704.7772450074291 192.18313166451188 1.4996545 1.6530505 3.7788117 6.7276945 1.497639 57.862625 1.6625769 0.32752424478530884 

