Car -1 -1 0 561.3069007387751 179.00471751870944 615.512194601884 228.8632625823956 1.5396675 1.6739924 3.2435718 -0.5866919 1.347868 23.824013 1.5666704 41.22758196036685 
Car -1 -1 0 466.3327371991498 180.2542660088112 540.2051619619458 231.12429144297454 1.4772135 1.7131248 4.0653477 -3.2096455 1.3331386 22.91958 1.5851237 52.699702443563254 
Car -1 -1 0 408.3087359440706 181.55124161201718 457.9644395506827 213.93163483475172 1.4658238 1.6025791 3.8503792 -8.285787 1.299938 34.49977 1.5276325 49.109816978964375 
Car -1 -1 0 374.4454273658589 180.39158808922494 418.41085985855926 205.2879861739289 1.432369 1.5823538 3.9217038 -12.645632 1.1548226 43.336906 1.5473888 13.76047979292786 
Car -1 -1 0 38.34613512580105 189.152245759264 198.81134183261847 250.97989683294568 1.3775151 1.6050298 3.6822753 -12.104083 1.4868919 18.113157 1.5463245 22.568750892739644 
Car -1 -1 0 456.7580460065898 178.0901133120062 489.1409311671645 201.8406401224048 1.50688 1.5511684 3.6776257 -8.822778 1.054789 47.469273 1.5416847 7.210535414049876 
Car -1 -1 0 190.73084645614708 172.2783934682469 457.9853140439333 346.19655691304996 1.6703942 1.6909153 4.1630077 -3.1503453 1.546138 8.98888 1.5745218 76.93576707648498 
Car -1 -1 0 253.43545708880285 186.1814130905802 328.70849523304776 226.69621921526308 1.4980806 1.5379064 3.4618597 -12.404844 1.5386117 28.417233 1.5408957 3.595227689358483 
Car -1 -1 0 294.00222002677384 179.31244502779649 390.79985501651936 239.0914266620353 1.6314349 1.6052623 3.6515906 -7.7807107 1.4703286 21.45959 1.5511503 1.434664458564319 
Car -1 -1 0 530.4202730287002 179.70193310944643 558.0748068510094 202.87803796203644 1.5102074 1.606141 4.0396776 -4.323261 1.150918 48.961987 1.415588 0.2611779570579529 

