Car -1 -1 0 690.1870266351909 182.27387301855228 798.0398542956068 259.7948199993194 1.4343944 1.6110792 3.7553916 2.7870836 1.6639127 15.694813 1.560745 107.76347593273023 
Car -1 -1 0 656.4622902192898 174.50762408452837 710.6925944099385 222.52843137841916 1.6302595 1.6326946 3.9473145 2.6556559 1.695794 26.613586 1.5806558 54.131810710720025 
Car -1 -1 0 149.9163098744534 178.00214467563495 398.1221690485186 260.45131698577137 1.4986697 1.6489098 4.141364 -6.4791555 1.6067102 14.188429 0.063395 125.02022470078327 
Car -1 -1 0 636.8956955172321 174.90696970049117 671.5347032547785 204.04818702037466 1.6081212 1.6179384 3.5724025 2.5512726 1.7325262 41.898884 1.5204493 22.37729263224457 
Car -1 -1 0 0.0 179.58799131825637 248.78750752710744 310.01684533966574 1.4968108 1.5957797 3.7755911 -6.9311323 1.592726 9.327817 0.08174302 22.35600919863998 
Car -1 -1 0 649.8510430991412 175.62316132577774 692.1513905138637 214.13558295908172 1.6088762 1.5789208 4.0078964 2.703464 1.7410777 32.43901 1.5755575 10.027405751370118 
Car -1 -1 0 383.34330619015896 174.3756105523831 498.14324625747753 219.1064139899843 1.5977385 1.660649 3.9045415 -6.1858506 1.6560807 26.750216 -0.04397849 19.720855673431647 
Car -1 -1 0 275.8692268485149 168.06430550272094 451.8152015676624 239.4740927110788 1.8037364 1.7231544 4.0729313 -6.4185333 1.6827537 19.137787 0.025141638 52.83938128155081 
Car -1 -1 0 356.6087414501437 179.39358901872117 484.4287619903978 225.38590896569565 1.4671457 1.5545108 3.84556 -6.2479706 1.6930598 24.090271 0.03059384 6.955178298277746 
Car -1 -1 0 317.7437262900454 177.41362083876868 464.1002767180134 231.14386395166628 1.5344121 1.5624039 3.898625 -6.478534 1.6764469 21.614065 0.041948926 0.2751944065093994 

