Car -1 -1 0 385.9643674060036 192.96609544301208 461.2706808028415 242.86975525012647 1.4752277 1.550093 3.4790273 -6.2299423 2.2079842 24.521158 1.6079184 61.97147525165807 
Car -1 -1 0 654.9848598657554 178.06948434667808 711.7974884559002 222.32593589194852 1.5729879 1.6163946 3.6985784 2.7929616 1.7889754 27.98635 1.5106589 67.64617362993295 
Car -1 -1 0 428.9827670985211 191.50158581055507 490.63576128575437 231.98908269145244 1.4684343 1.6369777 3.9889445 -6.151232 2.2970216 30.043991 1.5991054 41.93290950216231 
Car -1 -1 0 0.0 209.83132149863397 78.93095289065417 250.57271025557822 1.5080645 1.6161144 3.7962086 -25.785831 3.255074 32.15468 1.5228014 23.45385794257193 
Car -1 -1 0 30.720935278904097 207.30066240260513 126.64654165493508 246.80207304645597 1.4671342 1.6214274 3.776076 -23.478119 3.0908082 32.08422 1.5209297 16.212487246582477 
Car -1 -1 0 79.62991365877149 204.63467106769298 181.43161049484448 244.6949165096207 1.4493098 1.6899873 4.1585116 -20.758106 2.9279094 31.488117 1.5681125 28.831513788743145 
Car -1 -1 0 471.0742432614454 184.5289664715403 516.6665446827287 218.08065048990187 1.6191577 1.6343362 4.311145 -6.107505 2.2775292 38.51203 1.5976585 9.684984583881194 
Car -1 -1 0 145.80549755281655 202.93712850262304 240.53581231505726 243.46414202243204 1.4823949 1.6526033 3.8898258 -17.9819 2.874005 31.37292 1.6505651 6.808583624276313 
Car -1 -1 0 535.1156872907544 184.85112852526856 554.3859449278864 201.52914617501168 1.527199 1.6125541 3.554429 -6.302457 2.7280555 70.43361 1.55598 2.451332773791565 
Car -1 -1 0 517.0363968131745 184.06599863152448 541.9991971224904 205.69939016963812 1.4987667 1.5609872 4.1899776 -6.076163 2.379496 54.475304 1.3846707 1.3175926484659162 

