Car -1 -1 0 310.5406983088906 191.27148291217088 440.36139002609656 261.5893628519268 1.4604784 1.6879714 4.4083853 -5.777915 1.9875963 18.406307 1.6219703 113.65852719082851 
Car -1 -1 0 731.1026338243664 178.00397549344598 890.9925283614067 278.8508563893526 1.4437842 1.6316717 3.994388 3.281052 1.5475883 12.539089 1.5618597 101.97495122748822 
Car -1 -1 0 695.9575380503345 176.04990167173293 791.4143181189045 245.29576412651366 1.5178803 1.6371164 4.1660533 3.22575 1.6072735 18.095562 1.5753391 61.90940602794579 
Car -1 -1 0 49.40695206212712 199.64002553755827 322.07543685357734 331.3194423143821 1.4323834 1.6384127 4.2191505 -5.9589167 1.9128168 10.825537 1.5629427 114.62352320542047 
Car -1 -1 0 397.2221318640286 187.45839787427755 472.96681812921213 238.0880099690641 1.4937654 1.5333257 3.6676986 -5.762473 2.0217423 24.223494 1.608558 45.62260840771129 
Car -1 -1 0 455.1968730669615 183.3964845730228 514.9658945928506 219.356463515639 1.487376 1.6576881 4.1172357 -5.6512823 2.0040565 33.22865 1.6746824 29.290735872548506 
Car -1 -1 0 1030.4142494868272 142.0733749031844 1242.0 246.83021264590315 1.5430517 1.6080463 3.7739024 9.070787 1.0896579 11.55456 -0.065836996 93.28726113474397 
Car -1 -1 0 669.913923270533 179.23249566302442 729.5705849201923 220.3518304671414 1.4489038 1.5674715 3.78376 3.4211373 1.7134244 27.975628 1.4930115 48.87359561247555 
Car -1 -1 0 908.4051812915047 156.0143731339117 1159.4217465885004 234.65448512276294 1.4596215 1.6042174 4.083145 8.292253 1.1470649 14.303697 -0.054133 59.4241163136437 
Car -1 -1 0 647.9701193743562 177.23236875371668 682.0897944847421 204.8850033619717 1.5261347 1.5741628 3.7227256 3.2095585 1.7943566 42.311012 1.5313983 10.142469398182913 
Car -1 -1 0 0.0 167.0835458414688 210.17084131215282 248.14714389305382 1.720773 1.5905051 3.727505 -11.257818 1.5982809 16.202065 0.049042605 0.26107853651046753 

