Car -1 -1 0 536.9037865090841 188.74735324365676 679.1722272786373 276.337802531662 1.3742034 1.5637113 3.6925035 -0.17223938 1.7278395 14.050966 1.2065403 118.81786113260745 
Car -1 -1 0 436.05245752910497 180.57650354398993 493.74938636381967 221.32003307627707 1.4382608 1.5996757 4.038541 -5.771186 1.766163 28.465343 1.210485 60.817073073189995 
Car -1 -1 0 252.8634487136948 182.78576445964228 295.309011449092 214.78202717225366 1.6456678 1.6184702 3.8255486 -18.749191 2.2309513 40.456463 1.2816604 30.608660735808098 
Car -1 -1 0 0.0 200.88698443508838 179.08383859062823 315.77723736378607 1.4524828 1.6134233 3.6473222 -8.474665 1.9995086 12.087106 1.191692 70.12698515532345 
Car -1 -1 0 421.3748277081342 178.3555549247638 468.25652284767324 214.3991180732426 1.5544114 1.6216645 4.1281815 -7.8191385 1.830645 34.011177 1.2134118 16.784484223334925 
Car -1 -1 0 621.2762724660106 166.80905854749568 711.9600014440318 205.47112366083206 1.5450842 1.5944836 3.4811082 2.3962526 1.3035051 30.182573 0.3510452 38.11133714481185 
Car -1 -1 0 410.2851353002579 177.43522954918546 430.8983331517675 197.18102616332953 1.5849334 1.6316569 3.5968103 -15.93395 1.9831635 60.77063 1.3031049 1.4954159505524454 
Car -1 -1 0 564.8393850275475 172.8561965773103 653.591857443464 207.00341411550485 1.6435096 1.6304619 4.1568875 -0.0005480647 1.6436231 36.036438 0.25246963 2.6444071755248197 
Car -1 -1 0 1113.2112424462414 158.17562375160364 1242.0 254.3801095628652 1.4197195 1.5532676 3.5273142 10.128435 1.203106 12.57503 1.9826978 1.261589314053846 
Car -1 -1 0 173.5645870479638 180.26971267804518 208.38313125139678 202.8520839131117 1.4729433 1.5906515 3.666986 -29.174318 2.0111852 50.37239 1.1897519 1.4368506785663289 

