Car -1 -1 0 753.6018110489424 179.8172774519313 849.654563892123 240.1694382245157 1.3736445 1.7370675 4.2454014 4.9425783 1.5792192 19.11451 1.6535718 61.71675837171008 
Car -1 -1 0 663.9861047658848 179.86898311043677 730.6850205788556 233.7561625159233 1.3525113 1.5872755 3.4976807 2.3935966 1.567668 20.35162 1.61012 41.4952464432329 
Car -1 -1 0 275.90941096501155 198.13101645062827 405.3885209213279 270.2547552456687 1.3973048 1.631064 3.8977005 -6.5601377 2.0762558 17.380777 0.84653485 109.71191435101453 
Car -1 -1 0 149.29707367649087 190.30323688159126 218.25778666774173 232.59147020086178 1.4667948 1.6195859 3.9999464 -17.002151 2.2108316 28.734957 0.84233123 56.87193206743433 
Car -1 -1 0 343.4726766806595 180.0721121177524 434.14849157656244 216.59248783545755 1.625776 1.6403747 3.6905181 -10.13492 1.967368 33.30061 -0.013848269 36.95120052812012 
Car -1 -1 0 287.3491364041317 185.40743207540345 377.58373071039415 217.06115047988774 1.5758665 1.6368508 4.1468277 -14.465538 2.2528822 37.84202 -0.1252605 9.824503339594843 
Car -1 -1 0 124.21526850290228 187.2514749243879 182.09931969763096 225.4588878987884 1.5447865 1.617597 4.308441 -20.892632 2.2455502 32.95977 0.8589467 4.679517527035443 
Car -1 -1 0 418.60073153334395 166.50402857215755 665.9346418339337 317.1206737342983 1.9604568 1.7872236 4.4986973 -1.2927995 1.8778043 11.699117 0.8859778 13.653173657207208 
Car -1 -1 0 91.63874093435776 186.1689501511427 121.3540049078962 207.24050136248343 1.4726857 1.641035 3.7748213 -38.333435 2.5260024 55.041416 1.0205892 1.5571052041405753 

