Car -1 -1 0 641.6296090571095 175.59801679357238 725.0166684833285 233.01771904700894 1.4317874 1.6271834 4.3849726 1.9675127 1.5180917 20.450016 1.5013049 75.04948376761915 
Car -1 -1 0 229.38155032544012 183.7650652733889 423.9103248129524 247.5209825935677 1.4206302 1.5861254 4.0214 -6.6514697 1.6938229 17.217033 0.027940888 50.21253313940191 
Car -1 -1 0 626.744835559918 172.89068048346016 661.2993001147532 204.43390102868412 1.4728571 1.5200976 3.4454508 1.6505902 1.4747453 35.420326 1.5673487 18.378994714210133 
Car -1 -1 0 307.42937833673034 176.90062241343801 441.7452299316931 228.5234974412593 1.5237322 1.5719483 3.632119 -7.2187095 1.6542222 22.35387 0.07128998 36.45637152514033 
Car -1 -1 0 148.72315729905037 183.50316548650395 383.52033180081935 259.66678516371474 1.4393481 1.5933999 4.0143113 -6.85225 1.6678772 14.673251 -0.0070441496 83.15686709708348 
Car -1 -1 0 388.63782667216145 174.41832319124885 488.5675434616663 210.97296020937986 1.5491477 1.6469253 3.9637105 -7.513463 1.6207147 31.843935 0.18063167 8.942996277070433 
Car -1 -1 0 620.7515178636138 171.7695060452316 655.0205513819121 199.68205483238017 1.4943972 1.598245 3.7753046 1.548281 1.4363347 40.55459 1.5218205 1.7605500536856917 
Car -1 -1 0 493.8225230755354 172.50526551496165 520.0661579475957 195.6203120902188 1.5258826 1.6029198 3.7020884 -7.084272 1.5028615 49.600193 1.3794898 1.9433248801709386 
Car -1 -1 0 415.09808910986254 171.0071609043625 498.3103318784819 201.53538976892722 1.5809081 1.6828785 4.2040753 -8.082913 1.4852691 38.449944 -0.11899177 1.669193604151227 

