Car -1 -1 0 680.7824975582056 176.33811672443457 779.7710975924996 261.478300204782 1.692756 1.6608369 4.106438 2.6326144 1.7828215 16.583447 1.5896939 106.18136192339661 
Car -1 -1 0 661.7388714090982 182.35918958783665 733.5315732263356 236.54091969281853 1.4800723 1.6081038 4.2114606 2.6537282 1.8056873 22.587425 1.5393339 33.9919734411216 
Car -1 -1 0 170.9010204906755 189.5288615444987 400.362617562822 271.3803637307525 1.4695976 1.5692996 3.7678156 -6.188532 1.8128257 14.063841 -0.001769101 55.2626180486494 
Car -1 -1 0 646.9362123869049 177.82163171399705 694.7656545759216 217.77854441536812 1.6251444 1.647528 3.6191905 2.6294904 1.8557106 31.647018 1.5292382 37.0707620881794 
Car -1 -1 0 226.93844927420568 177.96560155771445 431.4521126493355 253.30408369142816 1.6293197 1.6886885 4.1011634 -6.3579407 1.7547455 16.721313 -0.068850905 42.26725368078794 
Car -1 -1 0 634.1701411901782 179.54846948001992 661.4297453303162 204.52946140298698 1.4791248 1.5216756 3.460672 2.372612 1.916267 45.383263 1.5679876 6.312428061997264 
Car -1 -1 0 470.4824291004926 180.607171796786 541.717633572257 206.77254953562158 1.5052259 1.6416997 3.9740684 -6.112312 1.9754786 42.89355 0.024796257 5.098941653123753 
Car -1 -1 0 43.27079272831491 191.341800257953 352.939675559838 293.47654390475157 1.4760803 1.577136 4.0517793 -6.4221334 1.7944881 11.580493 -0.028639315 9.803766176512408 
Car -1 -1 0 402.847620348228 182.8931106560929 499.0698533119575 221.30628262914678 1.5332433 1.5946513 3.683013 -6.556741 1.9635817 30.085344 -0.025619699 3.886113377868511 
Car -1 -1 0 0.0 160.84284794962963 293.3772081337319 325.7424606051644 1.868397 1.7321464 4.2586107 -6.471792 1.7323045 9.043479 -0.00094612176 22.75766471667036 
Car -1 -1 0 351.81081684334436 184.75990989678186 468.8839625901891 228.635379749011 1.4940965 1.5822865 3.902129 -7.13752 1.9425726 26.153261 -0.12373219 0.30108436942100525 

