Car -1 -1 0 398.87924310214464 180.75388313782625 508.77493764225096 253.02918096463065 1.442538 1.6661594 4.2030454 -3.5017204 1.6513143 16.964832 1.573545 43.79138237916949 
Car -1 -1 0 698.6301240378749 178.74247987619148 759.8943886872894 221.3336218006717 1.3907638 1.5733072 4.199256 4.2656293 1.6222029 26.251448 1.581178 45.993613250311775 
Car -1 -1 0 544.7687227662312 184.5523098606058 738.2865341505212 358.0758690272834 1.4387302 1.6803173 3.8050907 0.33804166 1.6025159 8.17238 1.6044384 78.31131502444367 
Car -1 -1 0 458.6523815837752 164.49731400078792 525.970897742215 227.730066539773 1.8829138 1.6330042 4.170494 -3.7354527 1.6340724 23.592749 1.5429754 76.79626656524523 
Car -1 -1 0 579.495211872738 179.79459180791392 649.5470008358585 245.65436598330294 1.4771069 1.6134707 3.806283 0.064305246 1.6736875 18.512285 1.5440143 11.475335540650558 
Car -1 -1 0 628.33868718338 168.83441388960424 673.380769855212 185.76389018091984 1.530064 1.5973688 3.9660993 3.7631946 1.1667787 66.11946 -0.05568887 2.6599129303325024 
Car -1 -1 0 445.4288538169432 171.36613551188714 464.3849401781487 187.58849363493445 1.5123037 1.5659757 3.557253 -14.849241 1.3735995 69.18764 1.2994075 0.6010628822798281 
Car -1 -1 0 753.3349612449367 180.19195176796146 976.2348776092681 313.97326478688694 1.513881 1.7158395 4.191907 3.3931448 1.6421211 10.5029545 1.5578934 0.2641727924346924 
Car -1 -1 0 66.41992693670603 180.44969751108997 115.25441564109099 207.95421246308683 1.6487205 1.6318824 3.838161 -33.349266 2.1600277 46.486618 1.2047176 0.25739380717277527 

