Car -1 -1 0 622.8613718873911 175.39994947623478 667.9018819777802 206.32938000684732 1.440947 1.5479658 3.5934367 1.7265326 1.5740147 35.819496 1.4197204 61.207048891606874 
Car -1 -1 0 742.3767687674401 175.89295554090728 857.8033807124859 223.41054361142463 1.4035218 1.5367553 3.5986462 6.1126432 1.5106784 23.501213 1.0410292 74.9241380783 
Car -1 -1 0 609.7176798151752 173.31512668606933 637.8272505475742 197.87993872618296 1.4694926 1.5316991 3.6851697 0.85330164 1.4995167 45.10676 1.5285391 7.2314233321648524 
Car -1 -1 0 152.58911158869913 174.7312612305432 359.1353437429113 256.9514553798694 1.5721741 1.6229413 3.4027872 -7.0706954 1.6124995 14.6671295 -0.012241599 77.94697401315184 
Car -1 -1 0 464.4547981410205 174.80191384675535 526.4019755664107 197.6965775628039 1.5155092 1.6344101 3.9506712 -7.676984 1.6494827 48.767105 -0.021184001 6.404116752048873 
Car -1 -1 0 423.7650959656643 176.61138492961695 500.5877471471465 205.55988611172006 1.4890646 1.5702363 3.733492 -7.7441955 1.6916845 38.11523 0.0049203555 7.471481041440404 
Car -1 -1 0 391.30877954235945 174.0777869524879 487.8453654836021 211.2816696295246 1.5615939 1.6475933 3.813208 -7.2968397 1.6160429 31.223276 -0.029470837 11.09622071408916 
Car -1 -1 0 207.19353983040165 177.83773778037406 401.24465430192845 246.5704623342894 1.4926512 1.5963287 3.791182 -6.9178905 1.6130235 16.607811 -0.011290035 9.210774861113517 
Car -1 -1 0 435.7210332683525 175.74795657029037 507.24960616758136 201.80815777584863 1.5184081 1.603462 3.9296474 -8.224264 1.6951594 43.15605 0.057158284 0.5152372121810913 

