Car -1 -1 0 398.62647947144285 182.14197118003005 500.8009858269023 250.65723772733455 1.470957 1.6021514 3.6209054 -3.6529472 1.4049671 17.2575 1.5885005 96.28302887038629 
Car -1 -1 0 27.52079178574197 190.38233867796623 247.05307189144202 279.12929161350945 1.3813529 1.5715935 3.814622 -8.415432 1.4907954 13.319194 1.5716604 71.28950457001568 
Car -1 -1 0 357.1143128374107 182.06363429204427 421.82856032342164 224.59515632034913 1.4373269 1.5275376 3.5066948 -7.8235984 1.3308048 26.099852 1.4943614 25.742099493881696 
Car -1 -1 0 247.33747564225985 175.0119701079569 368.8626317957612 243.90007657578153 1.6715703 1.6334344 3.9947622 -7.920408 1.4239768 19.442558 1.5681777 76.62895528316739 
Car -1 -1 0 575.9560021791008 177.4400046311791 616.7724301903597 214.95963337671606 1.5310812 1.6663716 3.3169956 -0.47420463 1.2137748 31.00922 1.551178 27.763479742242456 
Car -1 -1 0 494.4464358641309 179.91020659906562 545.5044536056852 218.13417332188595 1.4643954 1.615258 4.155549 -3.5199518 1.2611371 29.620966 1.5668705 54.04885707639501 
Car -1 -1 0 123.22990918001535 185.71327305699668 255.09587654416652 237.97648213517667 1.4069632 1.6482466 4.009956 -12.264828 1.4231796 21.409353 1.5536776 25.157724102840774 
Car -1 -1 0 461.5359122057323 177.49754548942408 495.5832864955567 203.26744830441177 1.5186913 1.5679303 3.7477825 -7.8763285 1.0638393 44.268192 1.5303924 8.61321451739131 
Car -1 -1 0 299.2962056284923 157.7799172828735 350.90754165252486 184.39940492445808 1.5251702 1.5594158 3.9347415 -16.911604 -0.05137679 43.27596 1.5718769 0.5778143437889606 

