Car -1 -1 0 679.8439518083302 183.75460884087022 760.8788802451263 242.57082498521365 1.4012903 1.5063062 3.3803408 2.8713746 1.36648 18.83675 1.5435243 86.83873095863828 
Car -1 -1 0 428.3712270182449 180.11006138442463 500.9876453489942 232.44696397958376 1.4963078 1.5680614 3.4148493 -4.326931 1.3503381 22.260372 1.5719604 108.1354173963796 
Car -1 -1 0 53.724006707043415 187.32231234230545 270.87290904545836 276.9940473767505 1.4213469 1.6131542 3.9313064 -8.0328045 1.4665606 13.457743 1.5773201 76.38056114508485 
Car -1 -1 0 201.2311706491643 186.43284433712722 438.7982901346084 322.3820130723626 1.4885511 1.6430565 4.163782 -3.647245 1.5089948 9.99124 1.569497 100.38414829133623 
Car -1 -1 0 629.0999262466916 177.56687931558906 656.6272425320551 201.41145868314368 1.4709314 1.6093909 4.132187 2.2636538 0.9990888 46.418327 1.579891 16.2109913176661 
Car -1 -1 0 381.8795112034577 171.62294781394846 442.0572655220032 211.70068387273017 1.6876667 1.6287606 4.0093355 -8.682182 1.1152782 32.279068 1.5664812 28.80757435277329 
Car -1 -1 0 585.3143551383998 177.5477999902501 613.8625307339065 204.22774177323774 1.5010253 1.6065245 3.8248756 -0.45576876 1.069626 42.367172 1.5561271 13.11146409379773 
Car -1 -1 0 520.0079368887149 176.76458332494974 553.0678335763243 201.05703158036334 1.4876559 1.5724549 3.6514826 -4.469099 0.97011435 45.886436 1.622737 10.026829366122493 
Car -1 -1 0 494.6449212144025 179.39852344596383 534.5245409623977 210.0770677408465 1.4227306 1.5419028 3.5466628 -4.47515 1.1529566 35.121933 1.555819 21.258669152146304 
Car -1 -1 0 573.4087776048879 176.9568307820102 603.5963204496821 198.8615261762111 1.4781606 1.5741776 3.8005238 -1.2752068 0.92084026 50.491722 1.693435 1.8835703332652451 
Car -1 -1 0 275.2850221421517 183.64952652445783 378.0842364068441 236.1292782723416 1.4673798 1.5762293 4.001524 -8.483448 1.4235883 22.10606 1.577779 4.566871809485886 

