Car -1 -1 0 586.5562603019777 173.59742677511645 650.1009132345043 222.41343231130477 1.5699924 1.6379267 3.5308459 0.23440558 1.5978193 25.135221 1.4123927 93.32286688198805 
Car -1 -1 0 786.0106099407359 178.6347362303987 1199.1734040221386 375.0 1.4990155 1.5637846 3.2982717 2.7787046 1.5614471 6.0903506 1.4971002 101.94849101991531 
Car -1 -1 0 225.71434372513968 185.36313650502572 374.04401584397027 278.5491616182821 1.4857596 1.6377734 4.212832 -5.9082623 1.7716485 14.292322 1.4347793 69.02702009825879 
Car -1 -1 0 55.21203790670314 195.7121341422088 315.05586974862 346.9490586102404 1.4023974 1.5590582 3.5863776 -5.0368204 1.7514222 9.138031 1.4405318 59.75617734249469 
Car -1 -1 0 405.0282158162385 181.19969603478026 452.7011253334209 219.88761781911003 1.4858236 1.573506 3.6147623 -7.557547 1.85974 30.428753 1.4323232 34.6596761148991 
Car -1 -1 0 564.6481609747336 175.23581662025853 602.110763891116 207.4951159529796 1.4874406 1.5353127 3.315501 -1.3198128 1.6096113 35.268223 1.4436283 41.216708806050136 
Car -1 -1 0 658.042594680078 163.36164721855826 810.0060876071616 268.9999706841964 1.6371198 1.6152179 3.606142 2.0855422 1.4900129 13.093928 1.4043279 98.36301799588593 
Car -1 -1 0 425.65972832274167 175.5678263768476 464.6422287203378 207.6019583085172 1.640801 1.6353239 3.942897 -8.911779 1.7965258 39.35402 1.4607141 11.501799842573563 
Car -1 -1 0 546.1251012746615 175.09263373474624 572.7100099452028 197.9310030211446 1.53633 1.5880547 3.8075733 -3.571728 1.7005395 50.928078 1.4255911 3.71610825685461 

