Car -1 -1 0 193.3202999583563 198.30003215265978 367.5427760037943 295.78970672778325 1.4439557 1.5801992 3.858658 -5.9879346 1.9934628 13.64085 1.556061 119.22671614945571 
Car -1 -1 0 313.0981799693239 191.55587678300796 423.24454011773673 259.9291103086816 1.47114 1.552521 3.7935762 -6.031077 1.9988135 18.460564 1.5697123 66.28162209674493 
Car -1 -1 0 447.1789875835183 187.84669570100132 503.87301601924406 223.9838291445888 1.4090447 1.6064513 4.207952 -5.868428 2.1188474 32.030422 1.604042 31.185961810855588 
Car -1 -1 0 667.2882032211983 174.45334804549574 726.9303121731273 219.00135443141966 1.4909782 1.5668608 4.0220222 3.112834 1.5538523 26.330338 1.5387895 26.203200770165086 
Car -1 -1 0 843.6144965992191 151.81571456458363 1015.9899311141575 208.2996242100068 1.5310874 1.6716391 4.148159 8.980663 0.96081066 20.445349 -0.02475694 92.91125247851274 
Car -1 -1 0 385.7687241395931 189.77212990612585 467.1325560062141 237.79204030898967 1.3900313 1.633343 4.0785418 -6.076488 2.010223 24.393179 1.5934485 40.44980311630821 
Car -1 -1 0 838.5433756468013 152.1015721834115 981.5095988481506 203.4702529224993 1.5720243 1.6455039 3.8758261 9.505423 0.9369423 22.99884 -0.04957907 24.66809170935462 
Car -1 -1 0 757.2644227447568 164.77676216628822 877.0749893656707 204.65495235586374 1.5057367 1.6963147 4.179188 8.073455 1.200753 28.255047 -0.07925683 19.45909465417096 
Car -1 -1 0 800.9761680363519 160.6257499148246 934.1884321034046 204.5820313630291 1.4860971 1.6584556 4.128606 9.062483 1.0726779 25.485218 -0.13064788 14.852856901381104 
Car -1 -1 0 1146.2011537924152 137.56425372704206 1242.0 177.82112596634994 1.5095675 1.576736 3.8073754 23.229973 0.18625903 27.92411 -0.04200565 9.295421261349016 
Car -1 -1 0 658.262845838713 175.03163763103925 702.9704018881389 212.16789389495332 1.5246191 1.5912788 3.9161599 3.0721207 1.6265414 31.811638 1.572351 11.941337334276392 
Car -1 -1 0 646.8324021918642 177.5115300539736 681.865218919346 205.65149233221882 1.5290201 1.5286232 3.679453 3.1239984 1.8104337 41.712692 1.5088131 2.8539627545019512 

