Car -1 -1 0 609.6565123314565 179.44256689673952 775.8467469980603 240.79513745060342 1.4766152 1.6845818 3.9958205 2.1425743 1.6612473 18.931126 -0.23744658 107.75290237318937 
Car -1 -1 0 569.0986516441926 177.40513953458787 664.9672823702484 216.42165404193372 1.5170534 1.6161233 3.6511009 0.27928227 1.7106497 29.511705 -0.21633956 40.26475809158603 
Car -1 -1 0 88.06266671404715 189.0838525554787 295.01596182892143 261.1381948580696 1.642297 1.696004 4.2360177 -10.431739 2.0837152 18.32716 -0.22393328 80.91789464266286 
Car -1 -1 0 0.0 200.3246217019442 228.8669373622466 304.8304892770549 1.5722458 1.6603093 3.87012 -9.026675 2.0965376 12.616533 -0.1750133 39.48768917841069 
Car -1 -1 0 554.7629436112811 179.24397002549304 642.988510238965 215.55484559061475 1.5191399 1.6130576 3.6333046 -0.49445897 1.811162 31.789234 -0.22098799 12.973230699142341 
Car -1 -1 0 153.5604120971478 193.0165670432638 317.1250100401005 250.1243347216589 1.471937 1.591158 3.9263506 -10.626026 2.0877438 20.76614 -0.25858063 18.848557644942563 
Car -1 -1 0 250.39849219235944 188.21971605614627 363.9777722377435 228.616092985377 1.485558 1.6131583 3.9426353 -11.92327 2.12231 28.68108 -0.22111815 24.61650296716336 
Car -1 -1 0 188.92269135611994 193.0737354853912 335.18514323767386 242.07710847220042 1.4545736 1.5818441 4.0253477 -11.213432 2.146215 23.525944 -0.18910298 6.089175830767694 
Car -1 -1 0 376.41974370248823 181.31083529731276 407.2507099575301 200.6118438880792 1.6519936 1.6645422 3.5015411 -19.73811 2.4402726 65.34426 0.96073955 2.6293081428009004 

