Car -1 -1 0 703.1849925059654 185.2160628606258 802.3294347660029 223.03786657960998 1.5197654 1.6893661 3.8190546 6.014794 2.0596488 30.562412 -0.055347353 50.954430902422075 
Car -1 -1 0 792.5975952479032 191.03855355471094 955.0909646085623 251.08622864265985 1.423337 1.5648887 3.5944304 6.715164 1.9130921 18.53865 -0.06306491 83.12046264889749 
Car -1 -1 0 855.6014247746306 192.29025219389283 1206.898932138041 298.56112971350433 1.4573059 1.6883625 4.394086 6.255333 1.7781297 11.058102 0.0035324206 109.69732279037177 
Car -1 -1 0 127.62433354228472 187.59467167445084 392.29784741713104 272.9710206078206 1.4338827 1.6235974 4.0974894 -6.2995586 1.7252405 13.347659 -0.050383545 118.50840478485603 
Car -1 -1 0 224.75001954105076 186.77713235954056 444.81583062509065 259.69780649263197 1.4581928 1.6283891 4.1853614 -5.844507 1.7796314 15.721941 -0.058892988 53.77736519398579 
Car -1 -1 0 770.5176388841838 186.64632476452746 914.34614971976 242.1987554635363 1.505146 1.5914903 3.6224725 6.627961 1.9179114 20.774809 -0.012757348 37.29871675284105 
Car -1 -1 0 330.2835387402741 184.2295089845054 487.7438430772038 242.59622971140976 1.551204 1.6198688 3.9885378 -5.5981107 1.8873588 20.424093 0.044523712 52.24572243650675 
Car -1 -1 0 366.2191454529279 177.93673047868165 495.51886552767724 227.1836427356003 1.6550142 1.6683636 4.184539 -6.205277 1.8406973 25.402586 -0.059325717 31.307712666888047 
Car -1 -1 0 455.34336404360585 184.37533755291358 541.1237411425716 214.23561144047378 1.5293332 1.6468744 4.279927 -5.965555 2.16742 38.87626 0.12544245 11.971732045815354 
Car -1 -1 0 645.5057546837924 183.5815401428436 672.3563052536377 209.88319816159134 1.5079477 1.6001076 3.9878242 3.0969546 2.2087288 45.08664 1.645612 5.252349917648841 
Car -1 -1 0 348.16921051494944 187.0006933222707 493.46475681717544 236.06936145779943 1.4524413 1.6012719 4.1549673 -5.9058914 1.9184408 22.832424 0.0657552 8.383557082136027 
Car -1 -1 0 406.7114680826467 182.42975378369906 512.4493578879757 219.25418178700272 1.4749619 1.6086202 4.130576 -6.221876 1.8880866 30.244757 -0.039087564 1.2556723874783482 
Car -1 -1 0 575.2199753679994 182.8664307214251 595.2950519940972 199.37625171870206 1.4856867 1.5783484 3.8351734 -2.3611624 2.4759455 69.36016 1.4438552 1.7103610641884512 

