Car -1 -1 0 709.7294514494562 180.71200976349672 846.3431546217087 273.44308072342136 1.5090424 1.6341853 4.3980265 3.137805 1.6891174 14.325547 1.5579834 109.97599857560004 
Car -1 -1 0 164.78282218783778 198.15158716815586 431.903782610511 362.9660890964634 1.4841789 1.6290791 4.040078 -3.5697098 1.8756272 9.141754 1.5746138 124.58323516744686 
Car -1 -1 0 687.2674407274459 178.82583278336045 766.7485728426896 240.23775751062738 1.511172 1.5837191 3.7789783 3.153709 1.6924634 20.013489 1.5691638 53.901977826417514 
Car -1 -1 0 425.88528572920484 185.38295338503477 515.5190792230985 252.44231771052804 1.5524626 1.5793104 3.8486073 -3.6100402 1.9226073 19.37331 1.5954599 72.29857193516445 
Car -1 -1 0 357.7431411553551 187.7080661262179 471.8159048560034 278.9726166217306 1.5629997 1.4979086 3.4032035 -3.8168714 1.9000051 14.644438 1.5374359 69.73103165922626 
Car -1 -1 0 748.3093746626215 189.18326161909988 1055.9532248641922 375.0 1.4395986 1.6109514 4.3563814 2.841982 1.6736279 8.142753 1.544984 109.12055908586629 
Car -1 -1 0 639.1370984272475 179.19871177167425 682.7075901708272 207.79285292324374 1.5330536 1.614089 3.433848 2.8976915 1.9128785 41.34922 1.3652196 24.41164540318605 
Car -1 -1 0 601.707748462072 180.936242505147 623.1044233254328 201.40694001425283 1.4974499 1.5416458 3.8290462 0.19387433 2.1491768 56.246334 1.5415328 7.088198710195735 
Car -1 -1 0 560.2368393755737 179.2943725813908 600.8884774445443 195.9757638825053 1.5679126 1.5780082 3.8737473 -2.8393817 2.2195356 71.133255 -0.72010404 1.241133077886521 

