Car -1 -1 0 24.862466048382863 206.31958783257645 299.5315066293323 347.908129953881 1.4475212 1.5463061 3.872106 -5.9816065 2.0130768 10.245604 1.5548868 129.54712903656582 
Car -1 -1 0 240.63004694065773 197.8324386887605 384.18467524908345 283.9053294422656 1.4562894 1.5274585 3.540427 -6.003662 2.0370393 15.005558 1.5707742 84.45431696659283 
Car -1 -1 0 674.0418590296372 176.05906532311744 745.6309426188457 226.54525264929381 1.4437821 1.6151866 4.1493635 3.09346 1.5552104 22.992575 1.5478671 46.52717038257548 
Car -1 -1 0 345.5362698368558 191.40288213296745 445.3567530616342 250.53467302751204 1.442596 1.6725813 4.18599 -6.090257 2.0366073 21.011826 1.5686593 67.69606409853539 
Car -1 -1 0 423.81774533308777 189.28003989398928 491.21571136537943 230.79181083650712 1.4242669 1.665972 4.261403 -5.931008 2.124676 28.613243 1.5988803 51.34198988398781 
Car -1 -1 0 892.4887093872233 146.7590531703467 1108.4629248098322 213.4383291352801 1.490414 1.663193 4.176 9.074251 0.90714014 16.985935 0.012743444 97.0072827031148 
Car -1 -1 0 661.1917502359938 174.35265727643943 715.4349384095009 219.6477955021675 1.6462319 1.5912495 3.8670807 3.0183797 1.7091007 28.311087 1.539381 35.739803652509075 
Car -1 -1 0 877.431038458969 145.87730603772596 1047.0291075724654 208.7657030176158 1.6250929 1.6288953 3.7915924 9.437831 0.9279907 19.496084 -0.019308822 38.596785001176784 
Car -1 -1 0 781.849119339014 162.7460675816515 920.7065022715851 207.5099514727634 1.4751804 1.6630483 4.196913 8.220192 1.1420764 24.738447 -0.062215544 28.204165805235935 
Car -1 -1 0 833.4285273332653 155.67822822869084 987.4079879433247 208.2015677345845 1.5289189 1.6429802 4.0375133 9.1116085 1.0289437 22.012373 -0.094802715 17.813300871082255 
Car -1 -1 0 491.2321560769031 181.93917566714595 532.2640897113322 210.3727465414127 1.5809144 1.5344617 3.9780917 -5.8424287 2.1545382 43.495777 1.6803476 9.680516418188706 
Car -1 -1 0 646.3885714902224 177.28111827028107 693.238495832263 209.0745920441335 1.569967 1.5844251 3.817882 3.133329 1.8167181 38.203033 1.4064627 4.6898457991100795 
Car -1 -1 0 458.61135164380386 185.7114426981346 508.81333787487813 220.81708395887972 1.5208855 1.5822932 3.7439392 -5.9652605 2.1708624 34.566605 1.6205561 1.0453825149135414 
Car -1 -1 0 594.2529060030978 175.9391657892123 618.4501209468463 190.50002701535837 1.5172141 1.5894989 3.7138047 -0.3726705 1.859511 78.04437 1.2659509 1.1264952377260262 

