Car -1 -1 0 705.399743884924 186.84096980477707 844.7505248006194 285.27072359935397 1.4562548 1.5770462 3.8445055 2.836832 1.749131 13.167546 1.5464361 63.663231390638586 
Car -1 -1 0 471.52234857983746 186.6124317346595 542.8997877999273 245.4410481690069 1.4571433 1.5943128 3.930777 -2.8502092 1.8913434 20.785717 1.5451584 74.22705599780258 
Car -1 -1 0 667.8940833523259 183.38856705079544 759.2170220977517 248.7922453639531 1.4435794 1.5541663 3.6975439 2.5443904 1.7405232 18.43811 1.4981661 65.79120320036587 
Car -1 -1 0 119.6829883216463 198.31917880018037 446.30548583226374 375.0 1.4436142 1.6290717 4.344185 -3.1116948 1.8012894 7.960511 1.5730991 102.35030592284433 
Car -1 -1 0 748.2028163037313 188.2691575458301 1046.0465573666913 375.0 1.478301 1.6267269 4.0498466 2.753162 1.691649 7.9514318 1.5585239 112.61884799113936 
Car -1 -1 0 519.2502190875133 181.1984521436869 561.7203844013482 219.21374479905185 1.5041828 1.6692598 4.4080377 -2.9761913 1.8976486 31.778727 1.5194635 32.72750873465785 
Car -1 -1 0 658.971838438126 168.54649301446332 730.6545398219934 232.36110178477972 1.8688642 1.5946633 3.7862456 2.6355567 1.7427151 23.075829 1.4996799 48.67097998551684 
Car -1 -1 0 636.2328375483052 177.7477878320556 666.1051815404827 204.8345180455523 1.4581698 1.583814 3.7081134 2.3481927 1.7515976 41.391037 1.5938979 15.564169597624032 
Car -1 -1 0 556.2990102952949 180.73871768831893 582.1889736971581 200.24927296501556 1.4710404 1.6491225 4.186335 -3.2965417 2.133029 58.37951 1.4067967 1.8902448351045416 

