Car -1 -1 0 0.0 191.6645718608974 277.096673689556 375.0 1.6151283 1.6492999 3.996434 -5.7711115 1.8940771 8.691032 1.5839789 102.48556847933153 
Car -1 -1 0 346.8855485835017 187.6187433668938 452.587604451123 250.44620322990733 1.473758 1.6350261 3.8830037 -5.6261506 1.9198737 19.82716 1.612721 49.684673057181826 
Car -1 -1 0 410.0077005231821 185.0330179870596 482.0652583254929 231.77142001349452 1.4472461 1.5494055 3.7201226 -5.622975 1.9047112 25.214226 1.6085815 45.00276607654096 
Car -1 -1 0 447.0827720230088 182.3954464428656 503.3322459001742 222.17218968573954 1.5078101 1.5665822 3.718073 -5.538995 1.9311168 30.1319 1.5973337 29.269680199256022 
Car -1 -1 0 1093.0736878966172 136.14072937358716 1222.226478261117 178.26006776216306 1.7432494 1.7185897 4.1566067 23.313618 0.223748 30.801968 0.03853307 27.965397289412696 
Car -1 -1 0 506.48864861798666 180.08788482972184 547.5418288300851 206.8925256427928 1.5034456 1.5787171 4.081424 -4.948063 1.9631445 43.733208 1.6881474 6.5161616006301095 
Car -1 -1 0 777.6676756089038 160.82941708999803 833.6162923333261 196.050812927877 1.5015965 1.6278822 3.9621148 8.82932 0.9889513 32.777428 1.616333 16.156895183897575 
Car -1 -1 0 480.040966667771 181.5901047395329 524.4354346751544 213.8688499072472 1.4686128 1.5428985 4.1575117 -5.29835 1.9303851 36.049274 1.5852996 11.301878384701006 
Car -1 -1 0 1055.2726911534385 142.7316908446079 1163.4946399223943 177.56171089264507 1.5778413 1.6180146 3.8688774 23.205345 0.21326472 33.59745 0.053310215 5.475451235721063 
Car -1 -1 0 1029.7898394944107 147.0469775073514 1123.2799830325248 176.90828497016872 1.4699857 1.5376973 3.6764767 23.506508 0.19958052 36.40974 0.067187235 8.271642425827904 
Car -1 -1 0 723.5389857386571 169.52435897725883 764.7872327384438 196.3380754720218 1.4335718 1.6199468 3.7094297 7.489481 1.2555553 40.43124 1.5709746 9.119648366354122 
Car -1 -1 0 660.9645598363253 171.8258458063403 699.8968788092014 204.03872345792828 1.6077241 1.6315349 3.9015193 3.67705 1.5564094 37.969593 1.561689 1.4916285365318154 
Car -1 -1 0 1010.1353052200602 145.60320173215734 1095.9356048875936 173.98449021675444 1.505321 1.5424962 3.7038283 23.961792 0.059960097 39.058826 -0.009625766 1.1337132513709827 
Car -1 -1 0 751.5007462349672 164.82666988529323 841.1351579183499 194.69531938789618 1.4757348 1.6537324 4.0978107 9.476582 1.0791245 36.743313 -0.13439754 0.28250688314437866 

