Car -1 -1 0 620.9763605581118 191.61803258719164 710.6033823781677 259.18929723221436 1.4927711 1.5541307 3.1529496 1.3590736 2.0195308 18.56681 1.3935167 99.02580479348198 
Car -1 -1 0 690.452915371263 183.84730074260764 785.3687616743117 223.10084676395468 1.4849757 1.6186265 3.9511025 5.393842 1.9717842 30.132952 -0.630509 50.89238504841954 
Car -1 -1 0 552.2521646897616 188.00485070729005 638.8061149225496 222.92753465654647 1.4776585 1.621025 3.9022024 -0.62541115 2.2304764 33.99604 -0.67878854 96.70881538932521 
Car -1 -1 0 827.2449862784986 182.98776945851304 893.2439493621846 214.24559339853323 1.4434693 1.5282704 3.387553 12.540832 1.9727434 36.036934 -0.666887 54.744419151101766 
Car -1 -1 0 761.3817620038718 182.47364657168262 843.6200095928847 217.93922018589186 1.48558 1.6161225 4.044341 8.910266 1.9534464 33.177906 -0.69462407 49.21650452225553 
Car -1 -1 0 875.234240755317 176.00540077960983 943.8622818901538 209.95453595712388 1.7211654 1.6602414 4.0079756 16.16846 1.8989794 38.82182 -0.665297 18.008656560464157 
Car -1 -1 0 968.7172233204542 178.03569872927986 1003.5992305065674 204.50479388669368 1.5666025 1.631094 3.7503388 23.783733 1.9079701 45.515118 2.1388054 5.7108391464599455 
Car -1 -1 0 273.06132331363983 188.515424098502 321.06633934460154 218.81332092413206 1.485744 1.6431848 4.1399918 -17.275114 2.3965425 39.792957 0.96302396 4.080341594802949 
Car -1 -1 0 121.91725321362024 185.0094514608383 217.41283011581982 221.7892034549603 1.4730415 1.5402104 3.372068 -19.405897 2.042817 31.971136 1.9396329 7.5817246923302815 
Car -1 -1 0 1013.8938492741956 175.06012349281173 1055.1368065746387 204.59283287685108 1.5823846 1.6002234 3.7456312 24.08979 1.7139729 41.001152 1.988071 6.17391012652217 

