Car -1 -1 0 676.804489953712 182.4275893271642 748.5847365688941 233.83790561550393 1.4454842 1.5920341 3.5845768 3.1716332 1.7722503 22.798069 1.5212744 65.23290144734368 
Car -1 -1 0 765.8057827739361 180.16778801598025 1006.7489676690404 339.3429444642959 1.5813588 1.6488395 3.7376366 3.2200975 1.6936827 9.21071 1.5728979 103.36994709745632 
Car -1 -1 0 113.22117788811504 182.23398576520358 372.3625840640212 270.90116247479307 1.4839416 1.6180142 3.8841727 -6.517767 1.6659352 13.1296425 -0.031555742 80.99730625199578 
Car -1 -1 0 739.0601277699901 183.05488761966387 844.2681867170919 220.05908681111117 1.4603218 1.6094201 3.9995706 7.481216 1.8962463 29.909319 0.060870044 27.04330078309612 
Car -1 -1 0 264.0448803747793 177.1472076551787 443.77637210200845 245.7841154177647 1.599108 1.6378307 3.836751 -6.1806726 1.7094905 17.732193 -0.00018096883 30.638675253207694 
Car -1 -1 0 358.6804011609076 172.90095002924062 492.88010669503416 230.04401436786847 1.720013 1.614471 3.7720995 -5.679681 1.7215376 22.575798 0.026013952 37.3832139375834 
Car -1 -1 0 212.23669746617068 182.31095088010204 435.4468364798875 257.45566094014526 1.4747093 1.6174068 4.094515 -5.915024 1.6869452 15.2901745 -0.0464108 30.308606427947073 
Car -1 -1 0 720.7811858592221 176.76033724564783 819.5742022939779 214.37872951208044 1.636334 1.6557155 4.188691 7.192008 1.8185039 32.623528 0.09611524 4.15796037397745 
Car -1 -1 0 312.10551714973036 181.50150028266197 476.60537502336916 237.79915268966977 1.4914014 1.6172335 4.1225114 -5.9469576 1.7440948 20.23064 0.022028903 10.090358295260243 
Car -1 -1 0 449.9228785325953 175.92560822911418 505.415571391376 219.8181853581977 1.6049956 1.6324054 3.6605995 -5.1380677 1.7342182 28.49947 1.5385305 17.71031836445964 
Car -1 -1 0 498.16626790534883 173.3319700406885 560.7288800911073 198.246241094211 1.7384613 1.7120509 4.359139 -5.672399 1.7731938 51.40941 -0.077829465 1.3529560024357203 
Car -1 -1 0 493.66701227344583 175.12979735007153 556.3745844988422 200.06864688578926 1.563633 1.6853884 3.9009857 -5.390175 1.7128171 46.355156 -0.052294366 1.1548010569320108 

