Car -1 -1 0 672.128018193608 184.987771951993 747.920787264138 243.0922520612949 1.4138925 1.618959 4.1169043 2.7440743 1.7931745 20.48744 1.5810754 82.28592685264192 
Car -1 -1 0 736.7358257319576 183.40742318624316 846.0167030598826 227.22890612228335 1.4567745 1.6037269 3.5420585 6.335604 1.843143 25.436977 0.102611005 50.06026250152895 
Car -1 -1 0 342.2958931977459 184.21496703484257 493.0373716443463 235.22481009212817 1.449348 1.6326928 4.1875296 -5.7216187 1.8091943 21.891815 -0.07065437 54.75086874748919 
Car -1 -1 0 122.01704942764775 183.93411570571843 407.8306836806854 278.6822736197524 1.5223504 1.6641333 4.2122602 -5.872443 1.7297533 12.649777 -0.0115375435 121.3677483993167 
Car -1 -1 0 222.90245841168237 182.44048843049987 424.9665317545619 248.61954435832666 1.4769412 1.5993848 4.1881104 -6.7062283 1.7168723 17.204487 0.02616445 31.817530537312408 
Car -1 -1 0 155.0374508752595 183.72047397031545 372.2104160166308 263.32422246405315 1.5356845 1.581717 3.7471879 -7.057334 1.7738786 14.9818 -0.023345353 13.039294527652936 
Car -1 -1 0 665.4421493734797 181.40790466825393 724.6927563947573 204.04755339836288 1.4997109 1.614759 3.8950427 5.808875 2.0946283 49.31662 0.030185806 5.7635375950684855 
Car -1 -1 0 258.4704838066934 177.50947436902007 418.62643195997225 238.8890379324374 1.5676471 1.6149747 3.8075614 -7.256031 1.7009827 19.625616 -0.12563527 11.013159250444428 
Car -1 -1 0 513.3832534185007 177.77300502350835 541.6070343984868 204.4363800206235 1.5754414 1.6136749 3.8847213 -5.1207457 1.8983388 45.366837 1.4963633 3.8327075419476997 
Car -1 -1 0 489.4586753440576 180.85512405849863 526.6043793507594 213.09092322737717 1.450175 1.5680201 3.5020165 -5.002059 1.8620093 35.26451 1.3643603 1.4244971403541955 
Car -1 -1 0 457.87367989851896 180.20799255935225 536.4846889589152 208.5971871649903 1.4836106 1.637454 4.064021 -6.0409803 1.8916264 39.10913 -0.052079193 0.6136437299913998 
Car -1 -1 0 631.3200164087388 181.61306603205813 650.6374553638126 199.0056895914741 1.444324 1.6175156 4.025666 2.759297 2.2457542 63.99009 1.5908401 0.657638128350781 

