Car -1 -1 0 754.1687622071507 196.6860128463516 897.7945060701417 296.8157840252465 1.4271775 1.588878 4.199928 3.8172204 1.9414091 13.434564 1.6168442 98.93742570781788 
Car -1 -1 0 849.5815525896704 206.05380860215638 1242.0 375.0 1.470773 1.6770221 4.374872 4.0178022 1.9147606 7.4503555 1.5847366 112.77900993047204 
Car -1 -1 0 725.9256443057922 191.80940194719034 816.3787877048945 258.30321687751746 1.4795209 1.5707175 3.3635168 4.08372 2.015203 18.703617 1.5638989 61.25107534855909 
Car -1 -1 0 530.4828469118777 180.633732519741 578.0411512427519 218.7148149129652 1.4958682 1.698599 4.1541452 -2.3292418 1.8556492 31.281761 1.581984 64.1420247879486 
Car -1 -1 0 700.4405989291188 187.44380152609773 761.5156079294904 235.22890206778118 1.500202 1.5396298 3.3383884 4.1971903 2.046948 25.358948 1.55607 40.47120011377816 
Car -1 -1 0 682.0347881197843 185.36485684252608 731.9676718656737 226.26611622022608 1.5344034 1.5694643 3.6107383 3.9870543 2.0856903 29.984835 1.5655013 29.33063122842359 
Car -1 -1 0 421.3285039819218 182.1811450418464 533.9696891091112 270.7983062802171 1.5676043 1.5813466 3.6541336 -2.6016269 1.7854123 15.001101 1.5985377 33.52759476873385 
Car -1 -1 0 672.0122520612391 182.0997793033615 714.5018669702606 217.27407743199552 1.5859919 1.6233072 4.2374287 4.08673 2.0715053 35.76892 1.5728943 2.431271320576825 
Car -1 -1 0 293.03750558346314 152.9041912993444 507.9579761405817 341.49936538226416 1.9364347 1.6766798 4.30993 -2.4521842 1.7315965 9.578833 1.552033 50.2503891530873 

