Car -1 -1 0 697.1347096660418 183.7420704900625 801.8234726287976 256.0649269454335 1.3838344 1.5302553 3.5367692 2.9457898 1.3556378 15.530441 1.5610435 94.52604171291476 
Car -1 -1 0 262.67745361252946 177.8897890468136 450.78813028715797 305.9093256381519 1.5742145 1.5710341 3.345375 -3.4458256 1.4841301 10.516523 1.5763001 120.02290833608606 
Car -1 -1 0 408.0479935492818 178.8808340675386 504.6420185077295 243.363358594685 1.4543738 1.575945 4.1053247 -3.696144 1.3114939 18.269772 1.5754447 77.58842477706843 
Car -1 -1 0 0.0 187.04149259637413 222.5699795385156 295.64765336314355 1.4251089 1.545466 3.5687652 -7.7505045 1.4583273 11.285895 1.5595974 106.31704967702856 
Car -1 -1 0 639.2795610242803 176.40742871151582 678.0998518736807 204.73602252017116 1.4159784 1.5844233 3.965891 2.6661465 0.97570527 37.949684 1.5232828 37.17748779872589 
Car -1 -1 0 474.21158622755274 176.77972489104474 524.279659918651 215.69477674211726 1.5035676 1.5928023 3.6352458 -4.382419 1.1776254 29.609524 1.548456 56.838275179107114 
Car -1 -1 0 513.7679280916234 175.11636858222232 541.4690985422999 200.7918168558602 1.4305574 1.5284247 3.647892 -4.6778135 0.86785364 41.961082 1.4388664 8.846848846885175 
Car -1 -1 0 588.0086425968963 175.5212545644 613.7332267046773 199.49903089758712 1.5233426 1.6295142 3.9859757 -0.45459512 0.90744066 47.68509 1.5426438 8.98565525196399 
Car -1 -1 0 570.6340401461354 174.46954941187045 612.172788282488 194.8534404458663 1.4954994 1.5934781 3.912209 -1.1633925 0.7070896 54.849323 2.010273 1.8479731933419745 
Car -1 -1 0 373.14797013514755 179.87664774108165 423.6296201905763 217.56176238325577 1.4648427 1.4952142 3.4163375 -8.573269 1.2573106 29.731766 1.4432156 4.273078564923649 
Car -1 -1 0 617.7874515744257 175.57659245378582 634.4146970070981 190.40558712374968 1.4977156 1.6519879 3.7965064 1.9377865 0.5241743 74.508286 1.5783664 2.7925630388141305 
Car -1 -1 0 271.72522702648394 182.50541597144976 372.07659824065917 238.25028360489327 1.4663413 1.5562943 3.5536025 -8.091929 1.3950486 20.705303 1.545179 2.796749012226324 

