Car -1 -1 0 698.8889282981146 179.60697182212652 820.8797824713012 263.8881190616048 1.428222 1.561212 3.6242971 2.8407917 1.5798136 14.359407 1.5365943 43.78947748185106 
Car -1 -1 0 649.869578193482 174.30865381160487 693.7547568611087 209.57152287126783 1.4573556 1.5833389 3.7445185 2.691571 1.5253627 31.853985 1.5621827 27.165446119443466 
Car -1 -1 0 673.7954394668352 174.67531437298453 760.0914077701028 235.98952680025033 1.5062395 1.6581911 3.9047344 2.835499 1.561281 19.824186 1.5343914 49.90345717038196 
Car -1 -1 0 0.0 190.53596732449998 270.88813701394963 331.83611162539364 1.4301796 1.5571722 3.893488 -6.2486362 1.6579776 8.410163 0.055543378 56.28136044363524 
Car -1 -1 0 9.157828837793149 182.19822423575826 321.84362294472754 290.138190515055 1.5044005 1.6072018 3.7798872 -6.603983 1.6577461 11.01975 -0.00934092 49.0987336156149 
Car -1 -1 0 390.4620830869684 173.4414092842944 505.6561956323012 210.7575322919775 1.5117962 1.6896045 4.431434 -6.7735434 1.5375313 30.440117 0.15242036 15.559661100939278 
Car -1 -1 0 127.82507017906501 174.4296336666271 375.17623126734264 269.71139662275846 1.6258384 1.6157138 3.7281651 -6.413471 1.6566758 13.231474 -0.04456044 54.749775854864524 
Car -1 -1 0 732.7469429740153 158.29813693231108 1012.8260118554309 350.9821470283364 1.7815964 1.7294062 4.237055 2.8157742 1.6470098 8.824874 1.5282538 85.56548271261873 
Car -1 -1 0 338.9493762725479 169.2000169555511 475.06558910598915 223.6536479786607 1.6318059 1.6562997 3.7629104 -6.268977 1.5223073 22.568892 0.0639264 25.638164551482966 
Car -1 -1 0 430.447201959393 166.4238155566058 521.4912137731195 202.26439282518407 1.697235 1.6675457 4.1297517 -6.4325123 1.3927326 35.03971 -0.018194752 11.26328448496294 
Car -1 -1 0 200.9938118010833 168.20392235481285 432.75864009251165 252.22709212954567 1.7184296 1.6795664 4.331931 -6.197099 1.6233268 15.606121 0.0044147824 42.07555210100074 
Car -1 -1 0 289.2862143132281 177.46185388568435 459.6734931326985 232.89880523779817 1.4516486 1.618722 4.197394 -6.4500256 1.5857756 20.029255 0.079529375 6.4319376442797065 
Car -1 -1 0 639.7485496067155 170.56963403401292 674.7711423091761 199.9300490574669 1.653362 1.6431122 3.8377585 2.7697725 1.5247232 42.58647 1.5245765 6.566627239853241 

