Car -1 -1 0 0.0 191.2486464392476 233.53591697855117 296.07868123241946 1.4246936 1.6238569 4.4426203 -8.149845 1.547556 12.337158 1.4508224 123.69497562698986 
Car -1 -1 0 395.91064333758055 178.21555405435865 478.54596996143783 246.14333485486904 1.5570829 1.6407778 3.6566753 -4.237915 1.3966212 18.388447 1.4558235 97.14796020683183 
Car -1 -1 0 522.8895400809131 177.4416224881973 578.4019890563102 229.41230921837237 1.5641825 1.6726375 3.3624659 -1.8762684 1.330203 23.393251 1.4689428 45.283766240246365 
Car -1 -1 0 269.35754653739576 183.57237728322553 357.81593795632534 231.27112886390765 1.4203355 1.6777823 4.404929 -9.540255 1.371402 23.704365 1.429139 36.55594193105397 
Car -1 -1 0 343.0025215276506 181.3441495003652 399.22210042259263 215.90979883771456 1.4743623 1.6106279 4.010333 -10.670479 1.3092253 32.738426 1.4694371 21.862770731468938 
Car -1 -1 0 253.5885134875457 181.47460465695056 314.42903117062934 214.77529459789838 1.5409615 1.6596894 4.257862 -15.863129 1.3678455 35.494118 1.4195541 7.925395416893347 
Car -1 -1 0 364.30565925232605 180.92437400790513 406.22306526036795 210.05624057510138 1.555306 1.662256 3.673668 -12.388317 1.3261987 40.3098 1.4372003 3.940402167337637 
Car -1 -1 0 513.1462665202032 178.53368956505344 533.0339298884818 197.5121584190759 1.5079155 1.4861468 3.434161 -6.9161043 0.9770031 58.927467 1.4152384 1.5209306040036292 
Car -1 -1 0 320.8537882115692 181.1452410697465 355.4913817267868 205.54410826761028 1.4893801 1.5401514 3.7065165 -17.112692 1.2409072 45.8543 1.3605298 1.8518494647536337 
Car -1 -1 0 555.5092161165545 166.5965665946492 589.4650428622977 183.7218185132171 1.5765166 1.6121566 4.116473 -3.2829537 -0.14750797 68.77144 1.9733927 0.5898667841200814 

