Car -1 -1 0 428.242668200588 187.21775601586106 486.5060189596785 227.3013482502172 1.487708 1.5519007 3.5575535 -6.2310677 2.1184134 29.877825 1.605391 60.54216731399585 
Car -1 -1 0 648.6629061078504 175.68261086934567 693.6927644160149 211.4503660498428 1.5435339 1.6017153 3.8678713 2.7942514 1.68223 33.413887 1.5292578 46.59476298586304 
Car -1 -1 0 70.65969285694058 201.65020421293036 155.13546361254188 234.81734443013016 1.4775913 1.6499069 4.0258427 -25.805943 3.0611172 37.661694 1.566756 24.77258780482735 
Car -1 -1 0 117.53405368783349 200.69290659236196 191.89381584528576 232.7424780169243 1.428161 1.6081551 3.8467147 -23.558401 2.9520864 37.5322 1.5147288 24.057282964726795 
Car -1 -1 0 455.8403310886835 186.27412385607747 505.36677921858205 219.89901374347576 1.4833379 1.6000029 3.916078 -6.260818 2.178705 35.40093 1.6070391 13.448905618001852 
Car -1 -1 0 160.56059053937457 197.52113920489762 234.56947957954063 231.18050856482023 1.493385 1.6109208 3.736954 -20.819128 2.8096027 36.628654 1.5751888 29.501844736206234 
Car -1 -1 0 486.69793463133726 180.9809350196367 526.6055186330136 209.74399461493343 1.610821 1.5777137 4.3222556 -6.1964426 2.1295977 43.856 1.6282041 4.92090159267681 
Car -1 -1 0 215.56676315788138 195.552150042466 286.01212073310666 228.10403355287636 1.4446801 1.6644704 3.90717 -18.160099 2.661306 36.714954 1.5634673 2.621049870666124 
Car -1 -1 0 819.468120757144 162.12981174874383 850.5983513146201 181.22920490721856 1.4973937 1.5974067 3.7669861 18.240856 0.65661633 58.506214 1.6451299 3.3354829244576494 
Car -1 -1 0 0.0 207.25802702750886 79.12149434131562 241.14765712760322 1.487917 1.6629373 3.9277556 -29.95688 3.3888288 37.835285 1.4794261 0.3571225106716156 
Car -1 -1 0 914.9471657104049 163.19238514619428 975.0645275164572 180.38042878998013 1.4519864 1.5695937 4.405633 28.72625 0.6358063 61.871834 0.061557565 1.412435607321591 
Car -1 -1 0 523.7965791978364 181.7961542471546 546.9367222184285 200.78219255721245 1.4691339 1.5181204 3.754819 -6.1660514 2.2337637 59.703964 1.362937 0.6156376895810546 

