Car -1 -1 0 729.4395582625602 174.5450195882427 939.6883561603192 323.00132909733406 1.6115062 1.5904279 3.4379678 2.7582903 1.6381891 9.628824 1.5209727 126.16516734719156 
Car -1 -1 0 667.593222218232 180.9586813248044 726.7982615524419 229.37978602521534 1.4141331 1.5733364 3.4447994 2.770025 1.6964431 23.393991 1.5928286 64.7133196206676 
Car -1 -1 0 713.8313227391384 173.05841988371728 828.6496168937282 218.85767855260156 1.749037 1.7442615 4.220957 6.322834 1.7574198 28.576591 0.067554034 35.79935674795597 
Car -1 -1 0 272.29279696252576 183.67164844491393 454.8938987622297 242.49839151841655 1.4365637 1.613613 4.1971664 -6.2995567 1.7305051 18.767244 0.015227608 57.09392391263958 
Car -1 -1 0 25.469647927193115 183.70878842508236 353.9424359010039 292.6434846492612 1.505965 1.6123269 4.084059 -6.223585 1.6841354 10.993755 0.021345899 71.71250425400584 
Car -1 -1 0 0.0 184.7307247860634 294.7528085334644 338.15167289106176 1.527647 1.6295975 4.1240363 -6.0231037 1.6799121 8.2917 0.070860796 78.54084757162163 
Car -1 -1 0 330.29300322383244 178.47648426119912 482.6874591606218 233.85328095533984 1.5240536 1.5708646 3.95778 -5.8106236 1.6937718 20.907543 0.04442838 39.52983236565783 
Car -1 -1 0 373.1302166196735 179.8499325239326 500.04510470021575 222.75381658275094 1.4550761 1.5885313 4.14076 -6.1727614 1.7170482 25.923506 0.15037116 16.88507551480818 
Car -1 -1 0 348.0217760132222 175.783892848584 476.6596366213629 228.25504700833554 1.6212997 1.5460807 3.7034578 -6.310378 1.7195544 23.296143 0.07009651 8.68647362805965 
Car -1 -1 0 180.6440264327677 182.09015843514777 386.95045506353534 253.90553010811237 1.4919895 1.6030085 3.867672 -7.131106 1.7085923 16.065739 -0.028084049 5.533117020928135 
Car -1 -1 0 381.8177951364498 176.37690202896565 486.50689558129784 217.9973331966437 1.5776614 1.6002922 3.6971738 -6.8966246 1.7219844 28.541126 0.12144123 1.4758009735019078 
Car -1 -1 0 101.22002670943105 160.9213361475561 359.21259912678613 264.8129921983026 1.7753103 1.6730864 3.8554826 -6.811308 1.5714037 13.278103 -0.05880847 0.5861267828503519 
Car -1 -1 0 442.0894852427105 168.3584091976164 520.9898890937433 201.03921288589206 1.7782362 1.5800085 4.135975 -7.0709343 1.5336207 40.116676 -0.03220545 1.0583133507105864 
Car -1 -1 0 399.99619628059213 177.65234011802406 506.2073340209686 213.56196943991196 1.4716923 1.6020012 4.1459584 -6.600978 1.6816154 30.686413 0.038518038 0.28717276453971863 
Car -1 -1 0 631.4056546184752 177.55438128970417 652.3093439955488 197.06094250545198 1.47131 1.5484924 3.6411722 2.5311496 1.8554707 57.13861 1.5864494 0.5153634253004782 

