Car -1 -1 0 820.0513334548442 173.77655497399977 940.0701622104564 238.06946048254198 1.3796868 1.7474209 4.4336944 6.500553 1.4054505 17.849901 1.6820234 87.21421573731485 
Car -1 -1 0 337.09496021167257 195.29403738753476 464.21760971318605 268.86253392164735 1.3979108 1.6037304 3.8728776 -5.009577 1.989068 16.978317 0.9263444 122.1402470685523 
Car -1 -1 0 736.4570774621229 174.3676390173448 804.2572869628603 232.10502101166574 1.379978 1.6048031 3.3855047 4.1930523 1.4239447 19.149448 1.7510042 64.49538960421012 
Car -1 -1 0 218.8423620375963 188.04406571487073 283.9471548765642 230.32342046153533 1.4970559 1.6245865 4.0540705 -14.528862 2.1554134 29.166983 0.9210447 58.4885208183169 
Car -1 -1 0 410.9938554592778 176.89786325317343 497.74553367068165 215.17875777845595 1.6986448 1.6436068 3.5831525 -7.08913 1.8897353 33.15573 0.0671578 50.484333967349436 
Car -1 -1 0 0.0 191.1244889032306 36.050402377983154 225.51338627903962 1.5535605 1.5969172 3.6835406 -30.362831 2.5321646 36.67134 0.9837086 10.75305523263396 
Car -1 -1 0 199.21043559698322 185.4029054759534 253.30697361331883 222.23318377596465 1.540093 1.6213912 4.288264 -18.04422 2.167674 33.87958 0.932681 4.671267030423549 
Car -1 -1 0 334.8390752732974 183.86228207665715 424.83243505402135 214.20293726486503 1.5274366 1.6348898 4.2332764 -12.01873 2.120369 37.932068 -0.05457662 4.614028151495434 
Car -1 -1 0 470.6779094840016 161.96927548277196 737.6802542739865 325.41928805400204 1.937093 1.7729453 4.515253 -0.3275323 1.808095 10.906059 0.9549014 3.883431140130581 
Car -1 -1 0 902.9087973922597 170.83913895321248 1062.337175087521 228.18669976292514 1.4460604 1.5831928 3.760624 10.312885 1.3952541 20.23003 1.1080372 1.0209725318883562 

