Car -1 -1 0 0.0 195.50504079187039 229.03080950670338 325.414732179602 1.3988152 1.5747491 3.8597798 -6.856017 1.5722592 10.089557 1.4165198 99.70550899651525 
Car -1 -1 0 429.8179443024328 182.17165213704027 489.7140590628121 233.45076793859118 1.4886568 1.7119049 3.4181683 -4.577967 1.4002867 22.692797 1.4100161 63.29878188522073 
Car -1 -1 0 528.3468074858012 178.9538129296881 598.644756152239 239.34249812830745 1.5879205 1.6556109 3.6636395 -1.348774 1.4232643 20.846241 1.4038274 100.48751982474182 
Car -1 -1 0 208.85306061017886 188.30155953924262 326.83695430663795 251.63294665642982 1.4373087 1.6234766 4.457454 -8.71699 1.5283127 18.87048 1.4120089 96.25177021071248 
Car -1 -1 0 100.45060185131948 187.18740406577152 225.23210781604436 246.75327325600009 1.4892244 1.6253152 3.65821 -12.210986 1.5494292 20.024788 1.4300685 49.679912825647186 
Car -1 -1 0 326.7590164453892 184.92150444178893 389.0238813066399 221.75781806515818 1.4452708 1.7201697 4.188447 -10.447431 1.4337281 30.399061 1.4289455 23.588370228313753 
Car -1 -1 0 369.3392767094586 182.69005894686924 410.6558023427661 210.56445525184418 1.4472055 1.5365137 3.8122172 -11.81941 1.3160774 39.30783 1.4483354 5.85664364116474 
Car -1 -1 0 199.71248233454403 170.09484225648904 282.0303793310652 220.40916571286812 1.8935344 1.7554207 4.360903 -14.823922 1.3244746 29.347708 1.4073604 13.91095002596819 
Car -1 -1 0 500.7899665693287 184.20519902120628 524.6882323048844 203.01027934551576 1.488022 1.6311196 3.828636 -7.7707515 1.4080625 58.925804 1.3573217 2.541808752094802 

