Car -1 -1 0 805.2843298284132 178.85838898350022 1242.0 375.0 1.5570556 1.5393257 3.4914525 2.877437 1.6209483 5.9178743 1.5518209 133.04045038895177 
Car -1 -1 0 275.41056839542046 199.5820191108081 433.9083394321606 308.73219549597667 1.4556756 1.5272921 3.4511366 -4.124706 1.9727457 12.217115 1.5494431 75.23677009808867 
Car -1 -1 0 686.2352768769658 179.8471645737156 779.9382763029092 255.82945318318002 1.5017722 1.570646 3.2527404 2.6664498 1.6745521 16.194294 1.578961 118.53388466907202 
Car -1 -1 0 487.6433216722121 183.6484831216038 529.560955470638 218.6123261870117 1.5636523 1.5546038 3.7539256 -4.88648 2.1201417 35.314445 1.5628228 59.123482158774046 
Car -1 -1 0 412.23474412884383 181.7097001949442 497.80261716292665 248.47772395891243 1.738069 1.6346773 3.9950762 -4.4486113 2.0243676 21.32081 1.581288 105.73189728995217 
Car -1 -1 0 648.9184431633709 177.181801647118 693.8868601960321 214.96304275639875 1.5536044 1.5866127 3.5486345 2.6777067 1.755582 31.877958 1.5424501 50.3626728419492 
Car -1 -1 0 523.2117630107593 183.44653667435216 547.2594580254623 206.54774450400012 1.5121324 1.5867945 3.992549 -5.2356834 2.293283 51.159904 1.4956832 10.370598140829685 
Car -1 -1 0 629.8129589641668 176.06521069843933 653.424684977119 192.31115928196405 1.556263 1.6562665 3.758962 3.2231398 1.8854334 71.94041 1.8097932 4.544736045225288 
Car -1 -1 0 549.7469084178625 182.91435955335322 569.7350400165734 199.00338500811128 1.452651 1.5316435 4.2269783 -4.8006573 2.4577036 69.94924 1.5986942 1.0432850251789223 
Car -1 -1 0 605.4320294155134 177.1046063269003 628.3512450827491 193.34386477915592 1.5207624 1.6215885 4.129517 0.750442 1.9510992 70.8781 1.7389952 0.4924147719087472 

