Car -1 -1 0 0.0 200.57103473938707 244.79977150997738 367.2733676615062 1.481637 1.4834126 3.4669573 -5.970065 1.8870751 8.778938 1.5096836 135.35940971955816 
Car -1 -1 0 767.8479782915416 183.4928121831731 1028.302350879016 338.03445675994345 1.3994794 1.5802449 3.628622 3.1242006 1.5536689 8.622016 1.5433474 60.041082041520774 
Car -1 -1 0 791.9187329952379 168.5923797279249 890.1652644104589 201.45685145992528 1.4907279 1.6218808 4.0462894 10.71526 1.2974212 33.566208 -0.013091695 16.868161915887246 
Car -1 -1 0 285.0137309779925 178.01228817860567 390.5725146714857 219.52573295830905 1.8301952 1.6917928 4.1857176 -12.363066 2.0725584 32.971527 0.04057488 61.00187060377724 
Car -1 -1 0 118.14806942046809 193.74076120771528 222.0662359723802 227.96361406963413 1.4801683 1.6055849 3.8125176 -20.110613 2.4633522 33.10821 0.028132582 17.9937029037364 
Car -1 -1 0 243.4374838894481 186.89404281908114 290.66960899949225 214.3982872368619 1.4672794 1.5508409 3.5538592 -20.063786 2.3244705 42.211746 0.8396541 4.137068302682825 
Car -1 -1 0 51.3322724194578 196.55964293332514 196.8161824005323 244.15855093373474 1.4615403 1.577794 3.8386872 -16.510546 2.3164954 24.731722 -0.28140366 0.3656679689884186 
Car -1 -1 0 284.29349045751945 177.71383709921716 328.43200113373103 200.19226489342273 1.5358212 1.6912175 4.238167 -21.958286 1.9034986 52.413956 1.497983 0.6344520048220021 
Car -1 -1 0 1068.811386689397 152.4418206425417 1208.7615464730204 197.64855712483657 1.5115353 1.6028444 3.8361554 18.357868 0.82903224 25.109549 -0.097410195 1.2556308422530498 

