Car -1 -1 0 328.0502134865788 187.01275082032842 417.7623065243022 235.7785983985525 1.4085678 1.5529985 3.7073328 -7.308216 1.4701836 22.774612 1.5963714 82.87008569803807 
Car -1 -1 0 33.32801002572668 191.22104401807147 264.71036056931507 291.7097150716287 1.436181 1.5429268 3.487247 -7.563117 1.5538858 12.289315 1.6517116 43.75089354823831 
Car -1 -1 0 40.278646925292776 192.57253762757102 398.0537396961751 375.0 1.4511313 1.6032975 3.7603884 -3.4668603 1.5449946 7.290103 1.5691385 105.02206094010624 
Car -1 -1 0 411.7918557601065 184.76682559045983 464.0545955221992 218.35606841056605 1.4338655 1.5818678 3.6374962 -7.591412 1.414704 32.52274 1.548348 23.41567794150675 
Car -1 -1 0 583.5925755863108 180.48919104784162 619.7835251425677 214.43969008332436 1.5534928 1.6568956 3.5785842 -0.28661764 1.3372192 34.698277 1.5512247 21.42169912317007 
Car -1 -1 0 99.51897608942963 186.45630401429685 254.24923917227778 240.45340034491105 1.3900251 1.6602552 4.3281946 -12.240698 1.429796 20.825985 1.6436969 13.36136441387515 
Car -1 -1 0 441.670201631233 184.36717191593286 525.8682436513075 246.26968039635378 1.5042197 1.628578 4.18272 -3.2370248 1.4836006 19.570545 1.5568978 78.58945975350414 
Car -1 -1 0 495.69060833996116 183.80473028553158 541.8347651541201 215.734823553711 1.4646821 1.6166154 4.3986797 -4.259374 1.3999588 35.193348 1.5950896 11.480715893060738 
Car -1 -1 0 292.54389493580675 185.2454074162716 362.02502621367705 220.6284230509463 1.4726474 1.5891132 3.8896887 -12.316291 1.4740453 31.872564 1.5637776 11.477909775485514 
Car -1 -1 0 477.0355862867031 181.51077841404776 512.5321613980251 202.35635835037388 1.427422 1.6289043 4.0847445 -7.97606 1.1737239 51.31948 1.6419284 0.5997764851733214 
Car -1 -1 0 669.6977537449704 181.4079607738486 706.999819235246 206.26361980619362 1.5307043 1.5940632 3.9086244 5.1781445 1.2962096 46.294785 1.4694073 0.8776184532986887 

