Car -1 -1 0 710.1496861602288 181.4996995342366 863.1168462357249 293.84009716181737 1.5632677 1.6004235 3.4808283 2.7831209 1.7291882 12.079827 1.5358877 134.74051010246643 
Car -1 -1 0 659.3571587947525 183.9628357150937 722.0142546411474 236.63655885797814 1.4588623 1.5539697 3.3849795 2.4444635 1.8297318 22.393692 1.567657 84.69785604214022 
Car -1 -1 0 388.3959320929048 193.91364767542916 478.48392472858666 261.21107897096334 1.4412007 1.5186962 3.4717836 -4.3585424 2.026697 18.30519 1.5450504 78.31132959630233 
Car -1 -1 0 453.1536748720782 181.8220160821731 512.2942588468609 232.69473391913198 1.7387183 1.6077678 4.0168033 -4.732978 2.1043692 27.396412 1.5526011 64.69829971918801 
Car -1 -1 0 498.5189075994953 184.807299821847 530.9606090320799 214.7028770148955 1.5680442 1.5542982 3.9835205 -5.4081607 2.2892308 41.50142 1.5155632 20.53558248633046 
Car -1 -1 0 634.1417985579761 180.3626255663182 671.832112168303 212.57019260281214 1.5829647 1.5758729 3.4757695 2.2477193 1.9977634 38.07698 1.5094492 26.10623711411746 
Car -1 -1 0 546.4220512076819 184.69221081286224 564.6070430928305 200.05982866626312 1.5099735 1.681131 4.166316 -5.683041 2.79502 76.22572 1.5530353 2.7422145622302874 
Car -1 -1 0 619.4579246735268 180.98197587994215 639.2788389095776 196.29115635798715 1.57461 1.6323154 3.705772 2.1718392 2.4783874 78.26504 1.7428117 2.6588308309890505 
Car -1 -1 0 523.1597713380557 184.30896453289532 544.7582323382072 204.85524690064278 1.5074253 1.5509582 3.8208282 -5.950971 2.444622 57.076256 1.5055234 0.2606825530529022 

