Car -1 -1 0 308.0587150917962 188.63422216437826 409.50502036203994 250.37307522774807 1.4033457 1.5948784 4.0727725 -6.3061485 1.502187 18.678825 1.470871 72.32329077609963 
Car -1 -1 0 608.7040064686632 181.6308694213057 713.3645001291683 262.62756076020673 1.5914655 1.6380635 3.7620578 1.0763443 1.5210289 16.090168 1.4505273 118.59816487312888 
Car -1 -1 0 158.05665880894716 194.18839524409032 333.82294836483123 293.99005238700795 1.3849385 1.5397863 3.5152924 -5.876555 1.5593698 12.14006 1.4552824 82.16433834799592 
Car -1 -1 0 502.87831159556845 181.77665476857325 549.8941455386312 223.94240562193465 1.5104144 1.6819415 3.371704 -3.1399214 1.3872248 27.537025 1.430361 46.86867094254426 
Car -1 -1 0 364.81491063143545 184.9694560127213 430.77126695743215 228.20124687101486 1.4818648 1.640482 4.3851852 -7.734664 1.4734243 26.910065 1.4602622 20.681539672655045 
Car -1 -1 0 418.7244225608755 182.39715238089377 455.14631442830495 210.45414678833006 1.4387844 1.6201255 3.8607266 -9.160691 1.2942472 38.895332 1.4166682 17.201772361117957 
Car -1 -1 0 267.13312403426437 184.5119025067273 343.3399569838976 228.25764778482684 1.49202 1.6028298 3.9813595 -11.061312 1.4680159 26.59543 1.4409822 13.944149116386969 
Car -1 -1 0 480.51815824982293 183.91288223214707 524.3224920258953 213.88507311165216 1.4551502 1.604739 3.4308624 -5.402625 1.3918985 36.783913 1.2379482 7.138920444501413 
Car -1 -1 0 312.66261860367536 172.91705160753867 372.1071657090546 209.16064109110712 1.7223996 1.7902527 4.3612623 -13.323141 1.1379325 36.42096 1.471162 13.220071436948624 
Car -1 -1 0 55.11332168445425 165.58817879867172 231.98208947718237 257.21855682007646 1.8754625 1.7814317 4.4908614 -10.712814 1.4737325 17.056568 1.438604 19.163793117970137 
Car -1 -1 0 545.183980725655 181.9365009329974 569.275045830146 200.9756298464782 1.4624254 1.6262249 4.0976934 -4.018778 1.2105451 57.35956 1.429183 3.801995812774983 
Car -1 -1 0 396.0344558287554 175.99295779141144 420.3051438662898 195.03004780129365 1.5560634 1.6227336 3.8704064 -16.80014 0.80221033 60.805676 1.3946189 3.539807086985859 

