Car -1 -1 0 426.239606881989 186.71542036098867 491.3890949722542 231.67210156412708 1.4062889 1.5098784 3.9462075 -4.9897213 1.4617897 24.611212 1.5451648 45.54599405278403 
Car -1 -1 0 42.77195996594926 188.51912965981475 337.67163784846366 353.8021648187208 1.5006844 1.5642549 3.4870968 -4.4961815 1.5474033 8.382309 1.515441 134.69365712629673 
Car -1 -1 0 711.4172851107184 185.31438411239682 896.6706450915509 311.8348638782831 1.5643512 1.617125 3.7630644 2.7209778 1.5660973 10.805002 1.5288471 113.66429265553158 
Car -1 -1 0 356.2818007397027 189.93010833421963 451.43457716509056 251.8102515832158 1.3726224 1.5602571 3.5107725 -4.9766083 1.5025324 18.013931 1.516962 79.21182699022134 
Car -1 -1 0 560.2353216738503 182.0575985804273 601.3795052584786 219.9785875336884 1.5212835 1.6514344 3.5011842 -1.1306946 1.3945894 30.621517 1.5297059 36.61255618510288 
Car -1 -1 0 599.7729160874984 183.40759321735888 621.94472153234 203.96927320627756 1.492387 1.6095464 3.7968702 0.28767848 1.361153 54.082787 1.5822222 10.425253122101743 
Car -1 -1 0 359.7772932608399 185.50023842268007 418.56794777714026 223.34414117314395 1.512558 1.628356 3.8388965 -9.242162 1.5255089 30.74005 1.490132 13.350815135137204 
Car -1 -1 0 485.6768706699612 182.9835202084373 518.8540721994553 207.8655768789937 1.4932463 1.5831734 3.8742554 -6.536805 1.3592867 45.092087 1.5523536 6.048974900736169 
Car -1 -1 0 543.7392156608767 183.92817695652414 573.1116229393529 211.71921563913236 1.4684656 1.5514953 3.717784 -2.7413902 1.4004335 39.90323 1.4838871 7.573548518446658 
Car -1 -1 0 391.29184735173123 172.9053723082541 439.533063919978 209.40318628099982 1.9771332 1.8484924 4.372725 -10.911529 1.3102671 41.181793 1.5075014 8.97187560313094 
Car -1 -1 0 0.0 167.75858646250714 202.13225030320075 286.6534374160042 1.7683458 1.6197203 3.7540123 -8.893111 1.5087029 12.609846 1.5165391 44.655313819168924 
Car -1 -1 0 235.87196648855695 170.4773932930567 351.0047690885473 243.20397506965705 1.9423397 1.6478655 4.6066732 -9.214676 1.5487175 21.542067 1.5184753 0.8474456661810833 
Car -1 -1 0 448.995982612075 183.95780389845038 497.35357701687406 219.11759049497527 1.4820848 1.6115413 4.2562504 -5.9806786 1.4290609 32.47096 1.5158895 1.0876420212242934 
Car -1 -1 0 436.26205082721617 181.18159819832633 469.2560221168978 201.0065253844987 1.4615812 1.5824957 3.9998746 -11.773508 1.1641695 55.014793 1.5937238 0.6593311415851185 

