Car -1 -1 0 91.78867111128098 193.563153796721 177.69728038615511 247.39048561420518 1.4243023 1.5756873 3.7083063 -14.789663 2.132403 22.656822 1.1804998 34.271488619602266 
Car -1 -1 0 609.5357805021517 176.07146606008573 653.9421714081815 209.8479016321469 1.5531924 1.4898735 3.301579 1.0387306 1.7183452 35.27582 1.383069 46.291398625975816 
Car -1 -1 0 451.6347635394675 180.21531564939022 492.89088168133765 220.37173685525894 1.5841352 1.6492226 3.879579 -5.9134073 1.9240806 31.268505 1.3991895 18.1679982231633 
Car -1 -1 0 637.3896282734495 178.34673528403712 692.9510777321296 219.3019707513121 1.4952377 1.479479 3.4273293 2.1453424 1.7268984 28.62884 1.4256446 43.475559500790204 
Car -1 -1 0 698.7894976627996 162.73437077171792 830.4100713828664 265.05532467772554 1.733748 1.6890488 4.3405423 2.8957245 1.5622787 14.397125 1.569651 62.12964738524888 
Car -1 -1 0 572.7732772613729 179.6938270986858 604.6416748022316 203.26019505409968 1.4518266 1.5581772 3.596933 -1.4077618 1.9199395 47.470825 1.3866055 27.828277310223594 
Car -1 -1 0 678.9453989164926 177.89282799879314 769.3227635176927 240.32172352060584 1.4910004 1.6079055 3.9143703 2.986531 1.6415749 19.558765 1.5093783 25.028993194972234 
Car -1 -1 0 552.1988749606903 179.37008720781472 578.3218311789843 200.38088056633492 1.5879033 1.6038386 3.7480767 -3.5767252 2.127537 57.760937 1.3763127 0.8774205388882906 
Car -1 -1 0 533.1427184399071 180.73652507167122 554.5391816254099 196.3220654657201 1.4899397 1.493537 3.2841604 -6.6303496 2.302362 72.57677 1.2706633 0.27622976899147034 

