Car -1 -1 0 584.768279128771 188.54073022454256 646.4335038012736 236.61270121405022 1.4131129 1.5833614 3.8704004 0.1279009 1.9907821 24.549978 1.4419086 70.14952999975654 
Car -1 -1 0 707.5450509272631 196.6715874293761 948.619128788812 344.9736828771233 1.391926 1.5625068 3.7853723 2.5487456 1.7673316 9.390718 1.4332297 119.18041098706281 
Car -1 -1 0 401.7151204911783 192.296766265612 444.52745903183353 224.4964549314 1.5539362 1.6384746 3.6389475 -10.013674 2.6546726 38.96991 1.4904306 30.39336310249135 
Car -1 -1 0 0.0 207.3050927243919 254.49231178577136 375.0 1.5652854 1.6070695 3.6499481 -5.9798875 2.0985925 9.234934 1.400904 108.32815839200501 
Car -1 -1 0 1137.0595548876581 169.78038142007784 1242.0 260.5285377376323 1.4066143 1.6093277 3.850343 10.656607 1.3589725 13.213028 2.2020407 61.79610448364738 
Car -1 -1 0 804.050927796625 171.1094002799613 917.4779452712538 219.97955612154757 1.5541394 1.583374 3.3836079 8.5133705 1.4986585 24.496948 0.5420956 51.57182254329679 
Car -1 -1 0 571.3873326260965 186.56803975725975 620.8907828771928 226.51299181239483 1.4856105 1.5823269 4.171214 -0.6343344 2.1068575 30.50803 1.42651 29.878071729299478 
Car -1 -1 0 1011.2096347407237 165.02545677069912 1137.346784127037 210.44769340349936 1.4666376 1.6367717 4.0123816 16.164284 1.2138618 25.360245 1.4948086 4.502191367065124 
Car -1 -1 0 788.6647344394104 177.67150485535558 894.4944951490542 220.12741190792053 1.4749601 1.5407412 3.515668 8.656979 1.6654174 26.972504 0.529807 0.6411406212070105 
Car -1 -1 0 737.3544450908161 178.55908466295182 835.3164936469796 220.8178554243783 1.6834618 1.6190928 3.7747397 7.5296736 1.9395535 30.783028 0.49240345 1.2031854759669165 
Car -1 -1 0 127.8873073098239 199.58377819282907 170.7753830927102 220.35159839355143 1.5226665 1.6896029 3.57897 -38.011208 3.8038793 59.681717 1.418659 0.9837791365723072 

