Car -1 -1 0 862.0014592957219 193.64560204078987 1110.5563512171664 280.4947087411783 1.4004419 1.5626668 3.6806269 6.652624 1.7997448 12.960601 -0.06350114 118.84657770486415 
Car -1 -1 0 716.3808070847206 183.9406583616547 849.0687338712914 231.230234379832 1.5526713 1.7407568 4.1704283 5.9436827 1.9523635 25.072044 -0.0339131 63.90234352756784 
Car -1 -1 0 820.9445969830674 186.78503600517416 1021.7244007414286 264.41579772228937 1.5176387 1.5826354 3.5534441 6.47469 1.8275946 15.227891 -0.019511132 57.977186231352164 
Car -1 -1 0 217.08026044555766 183.8519950799593 436.23996699545467 264.8378432988042 1.5369283 1.597452 3.8686767 -5.691798 1.775746 14.79861 0.036793258 96.48917526126084 
Car -1 -1 0 0.0 188.46320677632522 359.16311423638786 303.06585443957675 1.4352448 1.587248 4.1322355 -5.854599 1.6731603 10.134548 -0.03386852 75.06003413433056 
Car -1 -1 0 640.5472521939447 182.48197206957516 676.2890534302574 210.88797577964465 1.426861 1.5688155 3.6605668 2.6208358 1.9768977 39.36212 1.5329642 15.42902981134281 
Car -1 -1 0 290.4510611263158 173.7108821576287 459.84735459948786 239.61667306356398 1.7168156 1.687045 4.121743 -6.3129196 1.7414393 19.777569 -0.055706516 34.693827865043176 
Car -1 -1 0 418.21134421195865 179.30557333410493 520.1479275905799 215.79015932940098 1.6149935 1.6421983 4.342808 -6.387168 1.9187965 33.111122 0.020734156 31.321311304483075 
Car -1 -1 0 255.05863933485216 185.80151070347333 449.75660354155656 252.22071762056518 1.4644165 1.6008667 4.0703874 -6.039528 1.7897145 17.199406 0.06390751 18.897605967110096 
Car -1 -1 0 102.62094832763322 187.42380560176792 372.7577432954734 279.2217669208321 1.4504011 1.5608075 3.8752794 -6.300376 1.7210293 12.538373 -0.04348637 14.61022584523166 
Car -1 -1 0 358.43842342675504 180.33942937065515 486.9326058297479 225.21532923524472 1.4721231 1.5958157 4.0030193 -6.34046 1.7375275 24.763016 -0.011027997 11.378358360692232 
Car -1 -1 0 318.00722611213604 181.02792474155135 469.8163475069476 232.24432631623353 1.4903145 1.6128756 4.189402 -6.526145 1.7509887 22.141718 -0.029957028 0.33983954787254333 
Car -1 -1 0 567.8702625052317 180.85689548693986 586.914271223911 198.10738049169908 1.426436 1.6224955 4.2319756 -2.815544 2.1576772 63.78872 1.540331 0.6261672073470228 

