Car -1 -1 0 408.38321994282734 183.9551365098851 498.0224444755745 244.28216628063828 1.5102847 1.6897819 3.7730012 -4.361737 1.8574655 20.66449 1.588476 91.94579519878593 
Car -1 -1 0 745.0947908283123 181.81379665223017 856.9083892301479 260.303702286278 1.4515685 1.61656 3.835995 4.0273623 1.6715007 15.751322 1.6264035 69.78611913261268 
Car -1 -1 0 792.0057989208716 180.0087711744477 1003.5024259383787 310.6080900417615 1.5587511 1.5926149 3.5259194 3.9798484 1.6816218 10.599634 1.5333698 115.88845835156617 
Car -1 -1 0 716.8566398486408 179.22625852943122 791.9080345959948 234.29997381255367 1.447351 1.5767734 3.7831244 4.180106 1.6525943 21.322878 1.6045111 43.10416053752284 
Car -1 -1 0 464.34702769033254 181.99831069966302 527.3508658012297 226.89227715544357 1.4777596 1.542922 3.7473688 -4.086702 1.8370461 26.439312 1.6215899 32.59449832224315 
Car -1 -1 0 494.16931596648624 180.80031942258557 544.0117868094977 217.209305903029 1.4447289 1.573078 3.9875264 -3.884678 1.8141088 31.525396 1.5986265 19.571060886043966 
Car -1 -1 0 695.1194154381618 178.3063268409443 757.4231776321125 222.20552642640635 1.4608126 1.5935739 3.8942456 4.1961474 1.6755526 26.457504 1.5539112 24.386924611426203 
Car -1 -1 0 547.0218145391369 177.532532631094 579.4286160090819 202.16806387809262 1.5438584 1.5996749 3.7676551 -3.035489 1.8670795 47.90229 1.6573269 12.921865648493647 
Car -1 -1 0 683.4549090730112 177.52275296814426 724.5131801802893 208.00398125296547 1.4745376 1.5662442 3.5400643 4.8242025 1.7271118 37.24376 1.5436444 6.882401070543115 
Car -1 -1 0 957.0967266302738 174.08819587059358 1027.7860804554198 204.73047824035814 1.4659542 1.592803 3.8752353 19.34158 1.5319493 36.62931 1.5905614 0.2927819788455963 

