Car -1 -1 0 563.360710595312 188.58688843488147 714.3205713200318 283.66107381004923 1.4157016 1.5761302 3.9388797 0.37933445 1.7575222 13.560438 1.2602255 117.00547206596973 
Car -1 -1 0 463.5754079179538 181.6367057199721 519.603758590866 222.8917304927094 1.4348756 1.6151032 3.728106 -4.6336703 1.8000288 27.977568 1.2616506 55.11979190227655 
Car -1 -1 0 12.904677926543833 200.47518662639735 198.88035872735662 321.7776351446091 1.4913764 1.6110924 3.7888615 -8.016653 2.0242686 11.86408 1.2141626 70.33450320155885 
Car -1 -1 0 282.79735119405603 184.73297035771944 322.8097448226154 215.58040304272618 1.5702462 1.7205276 4.039049 -17.19974 2.2746396 40.599075 1.2575998 21.557036324021798 
Car -1 -1 0 653.0434238176244 165.64862299463545 742.5190543760766 206.9146228721852 1.6076238 1.5819148 3.3405566 3.6090696 1.3269196 29.446732 0.36680597 35.91788142579576 
Car -1 -1 0 451.4391108676896 179.63920609353553 495.4805983550067 214.90595661883 1.4972354 1.578449 4.066466 -6.3985043 1.8340799 33.6448 1.2736597 7.865542923735557 
Car -1 -1 0 631.8011604632821 171.46910962715728 726.6970260824045 207.35795785334588 1.5338557 1.6707746 3.9500964 3.1263566 1.4746666 32.25148 0.31961054 5.292212571245224 
Car -1 -1 0 1078.721739840838 127.21885475984374 1194.8243415096695 161.9522320343148 1.4274099 1.661381 4.3028517 24.226278 -0.5386142 33.3666 1.3480613 2.1611146451477574 
Car -1 -1 0 581.0114442970142 174.44736596771793 670.4079430469174 208.68653294814735 1.6150851 1.6682311 4.0981245 0.80294466 1.6971341 35.664604 0.35261953 1.8273675020756943 

