Car -1 -1 0 672.4489536244811 191.848412377824 761.8222930717656 252.85190778292164 1.4296687 1.5782455 3.473233 2.8595972 2.0002606 19.858128 1.4537947 97.15519137300655 
Car -1 -1 0 642.7284208080375 188.439563380831 693.5899353580243 229.3430340358734 1.4655855 1.5668752 4.025032 2.3231149 2.1461759 29.460674 1.5232995 47.84546373182375 
Car -1 -1 0 0.0 195.46919341045964 308.7794603493942 306.72503055483327 1.4860506 1.5973237 3.8327272 -6.7744865 1.8536243 10.859051 -0.03667465 50.094856970171385 
Car -1 -1 0 204.34296151340135 196.085696991084 419.934535221425 267.7887558240755 1.4297369 1.6058767 4.038333 -6.3654976 1.9624078 15.729434 0.005702677 78.63338411481476 
Car -1 -1 0 323.51373679646315 192.75136258446403 466.50061228574225 242.02875099967355 1.4437499 1.5967586 4.0143948 -6.6813507 2.0940208 22.711386 0.035634533 30.669045438509258 
Car -1 -1 0 254.97069425450692 193.81515262675705 430.5648081252277 256.8383518493598 1.4593866 1.5505533 3.8173862 -6.5714064 2.0064387 18.03448 -0.011139812 18.945779061110013 
Car -1 -1 0 294.5373469889873 194.4183729733917 446.6235570114572 248.9949318801859 1.4336073 1.5488544 3.787495 -6.6917806 2.069018 20.433693 0.027905695 18.333948749583765 
Car -1 -1 0 372.0917712820383 188.93035421641025 484.9434043012015 232.7799369518278 1.5705361 1.5658549 3.8798988 -6.874474 2.207087 27.572025 0.11350523 10.958526882559 
Car -1 -1 0 422.8147829191725 191.2295676980902 521.0974935152987 224.9577836933292 1.4655337 1.6249298 4.1856318 -6.297971 2.3363934 33.274944 0.052107323 10.432968004715514 
Car -1 -1 0 352.29495988447115 190.788138757822 473.91656697230115 236.11239662380353 1.4827213 1.5902839 3.8008468 -6.7574816 2.1262932 25.07276 -0.013031826 8.80591531019851 
Car -1 -1 0 625.2563335539995 186.17215624835725 649.3365036563195 206.03392272318743 1.5198259 1.5030062 3.5751286 2.260922 2.6532912 59.553406 1.469565 3.0563928086446537 
Car -1 -1 0 448.8256433656538 182.19864327242718 523.0354552056547 215.45246876632257 1.6999451 1.6528268 3.659954 -6.503541 2.205822 38.211643 -0.0124739 0.698099828736342 

