Car -1 -1 0 218.60301134204516 181.0575676874856 301.471888208138 214.04656166823764 1.5556064 1.6659205 3.9110193 -17.915989 2.002311 37.181225 1.8461456 38.06609395465094 
Car -1 -1 0 505.2991849686494 172.75600896638392 560.1778018847335 192.23184432899225 1.4939256 1.6674185 4.20525 -6.0092897 1.4864087 56.42531 -0.119578645 5.987494026214877 
Car -1 -1 0 392.90142773479784 176.27326026526168 427.50182372231365 199.74365201786745 1.4617112 1.5345988 3.6748562 -13.046358 1.6952314 47.383255 1.4879545 5.931216110933734 
Car -1 -1 0 71.76310012150147 185.53256492008924 137.25794906002216 214.13473991980737 1.6674509 1.6287231 3.7352867 -31.862076 2.5027966 45.64273 1.5333133 0.8071595912818099 
Car -1 -1 0 726.9173706131683 167.2633426374785 766.7064816184003 184.12335736671616 1.603199 1.6500642 3.7032056 13.400546 1.0715896 70.59435 0.94548875 5.993142355369799 
Car -1 -1 0 823.9524124768128 164.35020190101363 855.5255575849598 180.6259674114585 1.54554 1.6559979 3.8927526 22.451277 0.73802245 70.507416 1.5136482 0.9121378357458919 
Car -1 -1 0 994.5908235086566 164.3454598314601 1032.198925745694 180.15179932946978 1.4626671 1.6183513 3.883249 38.43231 0.6753142 68.760185 1.6377896 0.3500581979751587 
Car -1 -1 0 1031.6079182711485 162.34097365845665 1072.1920703608982 178.72208482833514 1.5162349 1.6391878 3.6870728 42.028114 0.5431493 68.640564 1.5850952 1.1319144827732257 
Car -1 -1 0 338.732797656733 177.1781527935349 401.89715496299203 198.69286272944257 1.4840381 1.6321003 4.041809 -17.354483 1.8095106 52.41941 -0.66547465 0.5412691482192709 

