Car -1 -1 0 694.6458285645218 176.40077222726455 779.5654848804979 242.67185426361186 1.505214 1.5674989 3.7116973 3.1524947 1.6051123 18.455498 1.5857309 64.46736043465025 
Car -1 -1 0 719.9214555061621 179.86291663129828 876.1415120479834 283.77358139924297 1.4912901 1.6199776 4.4370656 3.1230989 1.6379237 12.875044 1.5686533 101.62176869401381 
Car -1 -1 0 40.19799115767796 196.04318074471 409.0203429449144 375.0 1.4508728 1.6816995 4.2035837 -3.5739527 1.7661309 7.7040877 1.5749395 137.38495485492098 
Car -1 -1 0 408.9606300688478 181.94087301694518 506.9804097097001 254.723390630819 1.5612135 1.5534655 3.7710247 -3.6245146 1.8100512 17.855652 1.5941911 86.44198613494451 
Car -1 -1 0 773.8188025365844 190.06830411793067 1211.2106359758116 375.0 1.4252102 1.6383342 4.3881783 2.8813844 1.6371366 6.671256 1.5487157 115.06585167917218 
Car -1 -1 0 324.8879134530585 185.49311153096184 458.9733884968719 288.41483826587853 1.5683756 1.5183778 3.4910197 -3.8177698 1.830728 13.203893 1.5326272 83.30913521475075 
Car -1 -1 0 638.6803839034408 174.61889012933864 683.5276605501556 205.157273174414 1.6005229 1.5357684 3.2889352 2.7993007 1.70223 39.801254 1.3314807 23.516711841545504 
Car -1 -1 0 594.6555456736901 174.3161554762667 627.7280927243339 195.6403078604967 1.542574 1.6664817 4.152206 0.0812381 1.6578925 54.7024 1.3598497 3.290235747692974 
Car -1 -1 0 557.9493929031267 175.43639574288622 600.9203910453433 192.5044270129254 1.5885233 1.5828619 4.022605 -2.8864822 1.84458 69.637276 -0.70555437 7.686709815658274 
Car -1 -1 0 934.6125936450516 150.9796764547794 1062.831512045262 194.38223627187523 1.4693229 1.5753558 3.6634736 13.641305 0.7288032 25.462742 0.14039965 2.915577589639267 

