Car -1 -1 0 83.27616352029696 183.51967311338007 202.83137021725895 225.06874612369944 1.4841955 1.6152513 4.228737 -18.676188 1.9477031 29.135582 1.741737 61.557236543376064 
Car -1 -1 0 299.8217515611725 176.67300529714007 382.5974489487647 208.04045366492213 1.6136774 1.6480523 4.0479784 -14.721405 1.8353944 39.76331 2.1899748 25.400660958327663 
Car -1 -1 0 986.5839922544103 167.15477045928333 1032.3024088946413 184.8739787152416 1.4944079 1.6206934 4.1722355 34.82361 1.0137442 62.953045 1.5535523 5.73548191870825 
Car -1 -1 0 248.1058484872168 181.12980710335196 328.13839684242396 206.78725188225732 1.4742786 1.6982307 4.2322426 -19.982376 2.0147216 44.97961 2.3051875 19.157848748189085 
Car -1 -1 0 1053.5105784859106 164.73271254410284 1099.7632102571351 181.78514809656974 1.4737655 1.6452122 3.9049711 41.5773 0.7718787 64.325645 1.5880381 4.6090163608147785 
Car -1 -1 0 386.2749250787585 176.95720207097403 415.9169850276591 192.54157959318243 1.4913398 1.6366531 4.07603 -20.82125 1.9137537 72.209206 1.6137719 2.3672715783844107 
Car -1 -1 0 890.6397417693126 167.1454560305341 937.874325629127 192.22489287453487 1.5791757 1.5854118 3.7992997 19.93435 1.2197258 47.354347 1.5990909 0.6448644981262878 
Car -1 -1 0 836.5638804238553 168.9899561295852 868.1963146935026 185.43985022176204 1.4559854 1.6648594 3.8219035 22.098541 1.1139773 65.79098 1.591079 1.9991861883150954 
Car -1 -1 0 807.3293910023534 169.4695211954162 837.0803439168934 186.13798877292675 1.4571517 1.6386145 3.6353858 19.089994 1.1612813 64.90293 1.5814949 0.3242191970348358 
Car -1 -1 0 0.0 184.7824519044883 65.43149262562187 220.58215296343943 1.8391193 1.5934703 3.7885385 -32.370487 2.541228 40.44357 1.3404045 1.1128438260779339 
Car -1 -1 0 450.2609947752282 173.2307397024827 510.45450689387667 195.69512846140665 1.5583402 1.6966673 4.066418 -9.110189 1.585567 51.116436 -0.09085356 0.26954004168510437 

