Car -1 -1 0 335.3973836485786 185.253551899802 465.4061967310043 261.22105553910365 1.4244174 1.6091015 4.3552537 -4.308709 1.4253572 15.664515 1.5633775 78.37576235885695 
Car -1 -1 0 583.7527092324596 177.81004974802372 664.2383424735424 252.73277312362384 1.5659821 1.6831855 3.340477 0.374156 1.4111944 16.70686 1.5847714 61.4614774696131 
Car -1 -1 0 0.0 199.0032057599923 320.07754351355436 375.0 1.4252939 1.5287092 3.6008158 -4.434739 1.6015542 7.389438 1.5707339 81.5290520191065 
Car -1 -1 0 0.0 187.14034780050687 240.53613252178118 281.66943462308836 1.3819666 1.6318489 3.8985267 -8.216961 1.4207809 12.543005 1.5767996 47.54793425084611 
Car -1 -1 0 189.1385441670953 182.79170070331392 293.1352499520575 227.4078437497725 1.3878949 1.5699847 3.873866 -12.236185 1.3124905 24.305351 1.5622556 56.40328523767892 
Car -1 -1 0 315.98677739003296 182.82773549888154 403.0206874878282 226.7120673512059 1.381364 1.5870801 3.8812833 -8.3527355 1.3061972 24.58048 1.586382 12.562371976529128 
Car -1 -1 0 174.93327850390077 177.01793207335527 227.70972086008567 197.53757158050172 1.4721931 1.7170767 4.249543 -30.262592 0.88403976 53.740158 1.5202609 15.607263280837055 
Car -1 -1 0 678.9958920517945 183.4020557889775 708.5384042754545 202.4979084245932 1.5699935 1.657393 3.7193487 7.3923693 1.4208822 61.13419 1.9307747 4.385552476515694 
Car -1 -1 0 50.78559166597041 180.89890562212946 137.48178681048503 211.16855289660995 1.4513638 1.5876038 4.0418987 -25.932407 1.244383 36.506622 1.5473036 2.2849294236473323 

