Car -1 -1 0 360.4089960080379 184.74023918663082 474.3539645362413 258.5165469993643 1.5242949 1.6894017 3.8184767 -4.497483 1.8433797 17.448223 1.5854244 118.10011582838224 
Car -1 -1 0 847.8975248925171 182.73066830845366 1214.316175775717 375.0 1.5691009 1.6207708 3.5203183 3.9198594 1.6957495 7.458087 1.5266535 116.97330563439394 
Car -1 -1 0 770.4593179203716 184.27690784596354 922.9543741766005 288.1349340008624 1.4711235 1.6019636 3.7591593 3.9263387 1.700433 12.563733 1.6258488 82.60564163099292 
Car -1 -1 0 726.946017229281 179.43354006043177 820.3246909359929 246.25400362062496 1.4706641 1.6052095 3.7544835 4.0057592 1.6535747 18.156841 1.6026456 52.56069946402531 
Car -1 -1 0 472.0953782097337 181.44884516654176 533.4071634662856 222.0653629156841 1.4342704 1.6254009 4.1204576 -4.127627 1.7982997 28.463495 1.6187216 27.1243586381344 
Car -1 -1 0 703.8191957879624 178.18628801581661 774.449894066887 228.86440711384176 1.458127 1.6287112 4.0319104 4.0705514 1.6447551 23.220825 1.5919713 27.032483277229083 
Car -1 -1 0 435.51300200002487 183.29121976844712 512.5105685594915 235.23470148191257 1.4738042 1.5692136 3.8454013 -4.2623916 1.8381052 23.22268 1.6242874 35.10358013223822 
Car -1 -1 0 538.6280056724803 176.5815097732686 573.3269348078492 202.78679819093605 1.5325497 1.5808239 3.3973627 -3.263258 1.7713912 44.466328 1.6665792 9.300444154045694 
Car -1 -1 0 688.0796197475987 180.4748438428236 744.9386453049452 221.98449498225932 1.4661369 1.6031456 3.7796535 4.088725 1.7828352 28.08392 1.5567034 0.900916339275196 
Car -1 -1 0 685.446025137697 178.2598397253168 729.2345775456737 211.85145373453742 1.4713413 1.5636775 3.6013432 4.551339 1.7394888 33.98751 1.5675757 1.2783094097752121 
Car -1 -1 0 547.1841617424824 175.72232021919 586.029979753339 199.18813643961536 1.5027602 1.6111406 4.0574293 -2.8611166 1.7056444 48.88497 1.7790934 0.28938838839530945 

