Car -1 -1 0 91.9320988981027 200.81425036268936 388.61401675584267 375.0 1.4481145 1.5550022 3.4495797 -3.8190837 1.8311652 8.151108 1.582588 120.48467976615851 
Car -1 -1 0 665.247683229927 182.87447543686957 724.4544396345893 232.0402385199774 1.4338386 1.568085 4.0643787 2.744243 1.7945743 23.926434 1.5926396 66.48376513127039 
Car -1 -1 0 387.86552197679316 192.64387645191547 455.2410883743894 240.61572516127802 1.4157523 1.5565414 3.904772 -6.406561 2.1548324 24.945911 1.5025572 53.61805794933687 
Car -1 -1 0 768.6663680006294 168.02684549646395 904.7510001803544 212.0289568402136 1.5314655 1.6948543 4.386972 8.165865 1.3634593 26.137709 -0.08237927 55.737156473628396 
Car -1 -1 0 854.3233801228729 169.8344941364921 1080.4828093237197 237.83459740605934 1.4981053 1.7091805 4.430961 8.206408 1.4315827 16.801004 -0.022792323 95.83665186705319 
Car -1 -1 0 276.42545001283605 195.89941243198663 400.2223490418409 268.463290974257 1.4350357 1.6024535 3.569046 -6.3088045 2.0410986 17.189543 1.5725403 24.399877505277622 
Car -1 -1 0 817.0281955490416 161.51654642736426 994.0647992441185 225.29526649453678 1.6843196 1.6922523 4.192422 8.067335 1.384911 19.914906 -0.0066075916 58.099543012248965 
Car -1 -1 0 471.67942741301096 185.18651503137883 514.7622817373444 215.19513386224403 1.4896308 1.5681809 4.136361 -6.3292074 2.2028043 39.631866 1.6049469 8.51764494515332 
Car -1 -1 0 1008.6267494118398 156.24124945930197 1102.0416432256864 187.65934513454738 1.5146029 1.5764079 3.6249745 21.942417 0.7137356 35.602043 0.016592529 8.733480979051585 
Car -1 -1 0 1050.1809761497375 153.39977108282682 1159.8504671401186 189.2259262859043 1.5710303 1.6501184 3.7973688 22.237644 0.7179332 32.477524 0.0063083605 13.401467103391603 
Car -1 -1 0 1101.3049770229454 150.57390822863758 1231.7336183170864 189.0369640521066 1.5110862 1.6178043 4.071451 22.476952 0.63577497 29.207342 -0.025483847 7.0860902095503135 
Car -1 -1 0 709.9146873906075 171.52576458230467 768.8994505069961 193.37038066880652 1.5362134 1.6926321 4.116208 9.355704 1.4428055 51.978848 0.1992884 2.147801705666871 
Car -1 -1 0 492.2948301560777 184.22079625006194 525.6570206134286 211.11362670500264 1.5415173 1.6011199 4.1379747 -6.253965 2.2865863 45.20898 1.5485544 0.5436600278492149 
Car -1 -1 0 500.61644437397683 184.12966036084077 526.579036636837 207.26052731856382 1.4791788 1.584841 3.5667794 -6.5867167 2.28577 49.77458 1.4926708 0.2566179633140564 

