Car -1 -1 0 577.9906113470261 174.23051051458953 650.2211501578469 242.5031951039537 1.5789245 1.6722753 3.2710133 0.1344737 1.324873 18.273489 1.5547731 68.40866179208123 
Car -1 -1 0 357.7130103650115 179.65441222551792 471.2143131545531 258.61347658160537 1.5844282 1.6421249 3.4391606 -4.19341 1.4728329 16.148407 1.5659761 111.59065415811426 
Car -1 -1 0 184.48255947643517 189.08454488814849 329.35633488294604 254.89813186289084 1.4025874 1.5660937 4.15705 -8.390724 1.5088152 17.651491 1.5607414 62.94216326127072 
Car -1 -1 0 456.1501932446857 181.6050444550285 511.86420482865987 220.37473178946752 1.4137725 1.5469272 3.5139785 -4.726027 1.2821066 27.975262 1.5766844 50.35576581641848 
Car -1 -1 0 498.45491218037324 178.92724087055666 532.2392055091005 209.4089354780157 1.4396245 1.514578 3.7442641 -4.538966 1.142626 35.88031 1.4863235 13.0212396666315 
Car -1 -1 0 98.5015421675943 182.57160703796282 168.61554948935145 209.43973694968216 1.5576148 1.6678903 4.0261903 -28.69571 1.40433 43.70295 1.5512481 7.326200650400844 
Car -1 -1 0 277.50241240688786 184.5618981792657 350.8210431672737 220.15500387840493 1.4799784 1.6037692 3.8923206 -12.884998 1.4527931 31.850748 1.5889152 18.04242281651361 
Car -1 -1 0 177.9766519334718 181.15301522584366 287.31400134134014 227.5586822299051 1.438987 1.548407 3.7975898 -12.483221 1.3130078 24.229172 1.6254673 3.435277296257745 
Car -1 -1 0 378.58244890240536 184.04813714290077 441.5984686883687 222.84978095492073 1.5764599 1.6569992 3.530616 -8.422466 1.5290234 30.995798 1.601127 1.1392158044130212 
Car -1 -1 0 630.2272278548248 178.91567486017544 649.6383823914264 193.43592395515964 1.4607459 1.5343046 3.9786694 3.4135802 0.8269597 74.40675 1.7383143 0.8597833777518656 
Car -1 -1 0 415.8915891199236 170.44914582576553 449.80476297576814 196.07933453557467 1.7588476 1.7384531 4.027705 -12.418678 0.7455068 51.40644 1.4925678 0.521946913776329 

