Car -1 -1 0 478.16514223231076 187.67139850337338 613.2257375771181 268.85282407409636 1.3868332 1.5874038 3.840233 -1.4720118 1.7407324 15.158386 1.1264944 121.07327886579468 
Car -1 -1 0 378.8035670939161 180.39740308617993 434.1043253689933 220.58091347445057 1.4514554 1.5922974 3.9787164 -8.222757 1.7771077 29.007774 1.1542132 55.413726233974536 
Car -1 -1 0 1056.945875988951 153.7005276660897 1242.0 240.94233610517549 1.3676169 1.6876793 4.1008744 9.917775 1.0673639 13.522289 1.8879952 84.28505967829648 
Car -1 -1 0 184.26749436433462 186.24263412364715 228.54104419272193 217.2517208575765 1.5408746 1.6438646 3.9639728 -22.201378 2.3201718 39.852226 1.1888046 15.693877257130701 
Car -1 -1 0 0.0 199.7878167598853 129.59467564741752 310.72269751363496 1.456923 1.62586 3.827615 -9.57226 2.0030067 12.555979 1.0925604 71.18573547086784 
Car -1 -1 0 938.3742315693128 152.62703529244897 1055.0695705422422 227.6438209349926 1.4040097 1.5521466 3.439445 8.098984 1.025443 15.375764 1.8676118 36.4253247501193 
Car -1 -1 0 363.8420961191936 179.3603228327789 409.81435062162694 214.579390610997 1.5248277 1.5932221 4.1196775 -10.625033 1.8536432 34.259583 1.1486222 13.827100887529395 
Car -1 -1 0 562.6533927876105 165.6428146980541 651.2607444946807 204.32614296001432 1.6155742 1.6193027 3.5468569 -0.09494755 1.3144054 31.395124 0.27497026 46.260171930608834 
Car -1 -1 0 502.00710474952683 174.9466797738467 586.0714403868601 206.3007108821591 1.5543795 1.5699364 4.031862 -3.3338323 1.6648803 37.007923 0.15772131 1.5146645071327753 

