Car -1 -1 0 456.23694163067694 176.68929300426905 494.74832238289434 203.83449615622064 1.7040584 1.6554588 3.7275178 -8.938084 1.969562 47.91038 1.1408446 42.390491159187995 
Car -1 -1 0 819.5199170813959 184.27347176051634 1171.1950863068334 320.53344444400904 1.4888864 1.5757434 3.5444942 4.616034 1.6446371 8.938261 -0.06587879 117.44924784273407 
Car -1 -1 0 757.9754075354349 187.84205739104434 1041.0029254801034 289.6193243444282 1.4358027 1.5491811 3.7850642 4.3708725 1.6861372 11.235303 -0.021988655 44.58836335257124 
Car -1 -1 0 0.0 182.09186132435337 257.5272878764859 298.3185666705375 1.4945674 1.6391251 4.0722456 -7.466984 1.6377944 10.302906 -0.031890515 103.51347618882673 
Car -1 -1 0 1028.2615829731444 182.478031472905 1100.7424290964113 208.86698576230225 1.49034 1.6941667 3.7778554 27.781994 2.1065154 44.20065 1.4184847 30.9637258122255 
Car -1 -1 0 0.0 179.07667283309357 270.55332317570924 278.4313196635926 1.5741184 1.6487519 3.8333037 -8.231041 1.6923385 12.636892 -0.13290717 29.910628995908315 
Car -1 -1 0 93.44734766762133 172.32628459674547 316.9933454802275 260.374469836625 1.7115059 1.6631726 3.7745206 -8.334177 1.7012479 15.195737 -0.18836936 36.15144055696252 
Car -1 -1 0 1145.1401191929867 187.47372033904333 1201.2612645977124 228.21266283771888 1.3890378 1.5701661 3.9930203 21.983883 1.9993957 28.091658 2.2722392 12.304484595396794 
Car -1 -1 0 358.53449995104376 174.4267761474369 392.7873415054076 204.5064456442958 1.6116629 1.6078238 3.6443863 -13.278015 1.7050624 40.858356 1.1911979 6.8809967684090045 
Car -1 -1 0 174.9553016547577 176.989596683897 352.12058839967585 244.7926395416799 1.5487993 1.577619 3.645722 -8.368787 1.656878 17.737423 -0.19013128 6.4668391986857 

