Car -1 -1 0 633.5340182824322 187.65811887091942 673.8389766896738 220.99105140347302 1.5597222 1.668987 4.2077065 2.254271 2.37924 37.80274 1.5251501 31.817414264405933 
Car -1 -1 0 870.8746844307334 195.52925012657343 1169.8451872004664 300.9041579292592 1.4752811 1.5563347 3.7783532 6.257892 1.8564603 11.2950535 0.029880144 31.56616002044849 
Car -1 -1 0 723.8194911420055 194.41321661456524 867.7842288238236 244.9083177121817 1.4252748 1.5882995 3.9857275 5.6715407 2.1181974 22.200876 -0.100276954 42.087042044631474 
Car -1 -1 0 754.8564393705645 194.62022361943173 920.9848296577817 253.80670558945957 1.44968 1.5802203 3.9400234 6.049339 2.061953 19.337425 -0.08741219 55.82716939772734 
Car -1 -1 0 815.124854563908 195.97778383421291 1031.533212132118 277.8434802433113 1.470472 1.5509491 3.6136825 6.1058216 1.9553335 14.283626 -0.039173637 60.39328237870816 
Car -1 -1 0 10.016809559405699 195.4007500781426 342.7459619007669 302.37001952840086 1.4692485 1.6175182 4.140622 -6.480838 1.8434465 11.122463 -0.021249343 59.60764470833321 
Car -1 -1 0 128.83413888173402 190.01597743936065 377.9380102430477 278.51686263605967 1.5230162 1.621752 3.9064398 -6.585726 1.8671064 13.608196 0.024419503 48.101904029330115 
Car -1 -1 0 924.2603218650016 181.8517738554136 1242.0 330.64072403711987 1.6386719 1.6137706 3.8677926 6.192602 1.761676 8.959848 0.050744 59.4421547699315 
Car -1 -1 0 241.05191879571106 187.31358447371704 427.97767912648885 256.143183344239 1.6026231 1.6808382 4.082464 -6.80084 1.9860209 18.16833 -0.06102578 58.94897387406903 
Car -1 -1 0 723.7980097770153 181.97821746016834 852.7211026233537 237.73978721876034 1.7987895 1.6792665 3.9353712 6.0174875 2.1214645 24.55395 -0.06360668 20.147133300415895 
Car -1 -1 0 796.5535133070525 192.23047507091013 980.8357350289647 260.9880792525557 1.4602134 1.5727562 3.7364314 6.4809604 1.9423819 16.928417 -0.13260779 13.01942241105976 
Car -1 -1 0 434.4302187418086 188.82145852749682 521.6858689653988 221.47971687829144 1.4876177 1.582598 3.864503 -6.2522955 2.2709866 34.54858 0.030737791 13.787662731420225 
Car -1 -1 0 411.9220195717934 186.8411557616736 506.8891849699964 225.11373277753697 1.6203327 1.607198 3.8650532 -6.6036854 2.256298 31.979462 0.012289647 17.27468374572538 
Car -1 -1 0 284.77340067109355 176.78658454425891 452.3361531724442 244.36758505010934 1.8478996 1.6881058 4.2675114 -6.825348 1.9660068 20.753004 -0.034399502 11.04684453249537 
Car -1 -1 0 417.4762120299417 179.25397891002012 484.26627048730643 203.96022494290042 1.5152743 1.6047581 3.9735172 -10.017501 1.9299216 45.75698 -0.0968071 0.31624025106430054 
Car -1 -1 0 619.3329636892405 186.28680373347242 641.5313209202335 208.32822470805857 1.4752148 1.560794 3.9415433 1.5360365 2.4939098 52.72219 1.605444 0.2887258231639862 

