Car -1 -1 0 756.4271251027031 187.63017001188362 1103.6216797866632 375.0 1.4184834 1.6713891 4.2773156 2.7753363 1.6140199 7.4081035 1.5726167 99.65245713894184 
Car -1 -1 0 748.1498352811184 177.5227440210983 872.4829318219006 222.60328553032434 1.4446281 1.5834397 3.7056696 6.678487 1.6071434 24.212675 -0.06116793 40.50900035021162 
Car -1 -1 0 265.0727632759599 168.98230590734488 451.0987587827549 227.0982663371471 1.4482002 1.6345869 4.3160124 -6.4690638 1.3517208 18.902431 -0.04914829 45.44412832244001 
Car -1 -1 0 774.5932944122527 178.40184946533054 979.2052081298476 244.20231469112056 1.4357107 1.5978054 4.1382427 6.0677533 1.5701386 16.680984 -0.0016635077 56.90717759471788 
Car -1 -1 0 330.0868155020199 169.89666561700173 482.84832292139345 221.349578604223 1.4579716 1.6094468 4.074196 -5.9065957 1.3741723 21.30981 -0.029417135 42.42619025009585 
Car -1 -1 0 0.0 170.14421345337755 344.83996551767274 305.08335428543944 1.4726892 1.6337743 4.1991186 -5.6104894 1.4431152 8.760526 -0.033069346 110.84239657679406 
Car -1 -1 0 734.006162199742 174.3784804284516 846.1165739017742 219.44300750772538 1.5899804 1.6195648 3.6767323 6.536281 1.6474868 26.366514 -0.022752894 23.093936476076934 
Car -1 -1 0 397.3950209069549 170.01079254033215 511.1936248246879 213.12884329234527 1.4980018 1.5737159 3.7302005 -5.512533 1.3992233 25.891975 0.020218484 31.105263502295006 
Car -1 -1 0 855.6088546844983 178.60181053529618 1122.4610377117137 271.4971471505209 1.4415152 1.5773823 3.734889 6.311539 1.548329 12.367036 0.14001402 36.8921641120635 
Car -1 -1 0 692.9074015276378 173.60232233015654 771.6413731483647 204.65241208242676 1.5189029 1.657584 3.6896806 6.109979 1.5573467 36.20287 0.01977729 13.048786191101653 
Car -1 -1 0 411.9746590885645 163.01522977544283 513.3010315891619 203.38584164408772 1.678297 1.646797 4.0569983 -6.2318363 1.2692771 30.925282 -0.052815817 12.60432085979271 
Car -1 -1 0 634.9071399181911 171.8754294121404 661.8342596180598 194.1700968125574 1.5076895 1.5778865 3.7030041 2.6914654 1.4415128 50.669994 1.539067 4.791095378607442 
Car -1 -1 0 476.24641738754156 169.14756231541776 549.2269258131214 194.55265791803274 1.5285308 1.6071273 4.192683 -5.9333696 1.3055279 44.433716 0.106302366 3.38772254672837 
Car -1 -1 0 410.8000997247087 169.3046350658843 516.8787036919957 208.39624397478934 1.5011575 1.5974016 3.8438196 -5.7290955 1.3648582 28.61724 0.05837009 0.7146742470726585 

