Car -1 -1 0 283.3340425646322 203.9296772705009 458.49781491356293 323.9182021220174 1.476547 1.6716166 3.9455562 -3.6954627 2.0751143 11.904737 1.5455672 121.52688425786609 
Car -1 -1 0 671.6360959372229 194.79251862960015 777.5697715077605 274.0200308706447 1.4631121 1.5717899 4.4139347 2.5206592 2.0422888 16.807316 1.5240571 76.00338601842932 
Car -1 -1 0 712.5561115636211 193.2318890976802 881.7855734119602 327.05102424050517 1.5712321 1.561409 3.6443725 2.611452 1.929693 10.860999 1.5589039 86.56557562431517 
Car -1 -1 0 804.3527435758588 197.70943054250088 1210.9040988832426 375.0 1.5509884 1.5764568 3.3229797 2.9860327 1.8244098 6.241878 1.5256408 99.41093527945912 
Car -1 -1 0 393.0355330281782 201.77253190089334 498.17050432356456 275.24554498315183 1.4169347 1.6358868 4.1011014 -3.8456948 2.2038388 17.581966 1.5692081 57.45040474101072 
Car -1 -1 0 469.8139510872167 196.6381273803038 525.6023390725696 242.05406816730584 1.5027896 1.5562372 4.0680895 -4.269059 2.494487 28.04734 1.5660264 14.67607323432791 
Car -1 -1 0 650.1351595726973 192.56652172592607 702.4932245557759 236.4247676682903 1.5280133 1.5781763 3.594461 2.5841303 2.360014 28.620125 1.5219555 18.950240399741233 
Car -1 -1 0 617.4040246544155 192.62170431001982 655.6018346931482 217.5532333694761 1.5524344 1.6021292 3.6166234 1.826643 2.9757488 49.993446 1.292783 4.437962203470493 
Car -1 -1 0 659.7864289596713 192.84742939633833 731.0623218520366 248.66941997996585 1.5002145 1.6080744 3.9976442 2.6263971 2.1906636 22.88303 1.5237617 14.90660412594432 
Car -1 -1 0 440.12647629191105 199.1286814240597 505.9020740515895 253.70913392564756 1.4789913 1.523252 3.6291018 -4.298353 2.3890693 23.155807 1.5414029 2.431950775485195 
Car -1 -1 0 587.0187678748182 194.3404628173376 608.8301392729353 212.72391031827337 1.4735968 1.5789732 3.910438 -1.070018 3.4584322 64.62057 1.4568987 0.2949933707714081 
Car -1 -1 0 819.6951454684951 177.5503897325956 905.7227846899304 208.01972780913107 1.4693792 1.5561237 3.799051 12.594582 1.7104002 36.062027 0.10213353 0.48446298536049803 

