Car -1 -1 0 717.3640751993995 178.8506683843987 847.1703611128555 273.9100573879583 1.4695554 1.6067865 3.984128 3.0331573 1.5979933 13.431843 1.6102612 137.5554750825478 
Car -1 -1 0 887.7134846347276 148.19696642562857 1144.586081485233 225.23220417806655 1.5519859 1.727817 4.51078 8.549042 1.0552343 15.464275 0.028513802 136.7624873391503 
Car -1 -1 0 300.14257992625625 184.1489477332006 425.5888207588666 258.15978172973513 1.5722862 1.6758698 4.1314497 -5.9890056 1.887182 18.039133 1.584327 89.17041554055888 
Car -1 -1 0 430.47689067928025 181.52929287163386 496.5318277800699 224.0574869066359 1.5476508 1.6268959 4.043418 -5.8144836 1.9232316 29.16951 1.6326822 27.316449426478325 
Car -1 -1 0 482.4096238712625 180.2956267380006 521.654689132472 208.97852196561738 1.4586273 1.5344963 3.715493 -5.841549 1.8856716 39.5349 1.5887148 8.156153391177176 
Car -1 -1 0 462.10070984392604 180.23584770006576 510.02403831067545 213.94585003849852 1.4893081 1.5577834 3.8150976 -5.867692 1.8635001 34.64842 1.5965154 7.400686137826835 
Car -1 -1 0 738.1004193634902 165.58312609759838 769.021243868872 191.68497950419362 1.4542457 1.572746 3.7360535 8.372299 1.049154 42.161007 1.7138591 9.822340201638992 
Car -1 -1 0 1125.32036842457 141.40949749897032 1242.0 182.95506763929424 1.5144837 1.6512179 4.125066 22.082767 0.36821967 27.166126 0.018446038 1.0711926052860055 
Car -1 -1 0 520.6677250585259 177.79363243557296 542.9676852592413 199.46939097758187 1.494606 1.56127 4.146347 -5.6849914 1.8712212 52.870537 1.468395 0.5280460993137573 

