Car -1 -1 0 726.7223824502174 186.7741863534648 816.879359532418 252.9531747229051 1.4246844 1.5973576 4.2150145 4.0450306 1.824733 18.586693 1.6275208 85.0198289906179 
Car -1 -1 0 714.2929269113108 182.8372786602859 777.7077889688326 232.97885693865788 1.4881521 1.5321147 3.4532 4.4345922 1.8424186 23.857357 1.5984541 34.5115898569632 
Car -1 -1 0 776.360091007693 190.03778575213553 948.0821135780119 299.8448256600258 1.4906093 1.6649096 4.188925 4.1536674 1.8408816 12.583642 1.6081675 79.76753668622493 
Car -1 -1 0 554.2289264853166 178.05254965847885 595.7213860932861 209.91253269198577 1.4908535 1.6241667 4.114963 -1.6950966 1.7694757 36.56187 1.641618 41.573910504884054 
Car -1 -1 0 697.5794546037132 180.97293854899658 746.0122099703788 220.63858897934148 1.548907 1.4908533 3.419019 4.7019544 1.912485 30.594837 1.5610485 24.156655628678212 
Car -1 -1 0 684.7977630880126 179.7543276016822 726.2823326397006 214.07655063801792 1.5490131 1.5734601 3.6084726 4.6176567 1.902066 35.105003 1.5810957 9.575803209310687 
Car -1 -1 0 485.8848394275238 181.78265237010834 564.6201628695784 244.53747533682045 1.5456777 1.5842998 3.8126345 -2.2666411 1.820556 20.269173 1.6217222 9.838380406416597 
Car -1 -1 0 431.5355685642657 164.54685454285078 547.9344336525631 273.9635384326451 1.9203506 1.6717012 4.2982993 -2.2867837 1.7745534 14.813593 1.5718477 59.32738957012461 
Car -1 -1 0 674.6858887491865 177.45292591562864 710.9308755220299 208.7715703280347 1.6486125 1.5962038 4.149255 4.6405673 1.9211218 40.67381 1.5787914 0.2507547438144684 

