Car -1 -1 0 715.8565870445858 181.43727819466534 836.4689837083532 258.80537453552625 1.4218824 1.5679901 3.762164 3.4496307 1.6303475 15.60528 1.5192633 116.90551273014786 
Car -1 -1 0 141.33636286040493 194.80876038438728 345.4296354674084 305.3618693391742 1.4436352 1.5471823 3.5459511 -5.7931366 1.8600852 11.907574 1.5785953 108.08522413057007 
Car -1 -1 0 354.0642207645468 184.75987108237737 462.7748177836982 243.4980096375375 1.4604907 1.6405535 4.1415 -5.692226 1.8416096 20.953415 1.6731757 81.1440991737797 
Car -1 -1 0 662.1836768056181 177.36698550711117 711.4425574442126 215.68076959008638 1.4689472 1.5692453 3.6628013 3.1447458 1.6678382 29.94912 1.5468286 42.168206033950625 
Car -1 -1 0 684.6129536418183 180.18228385800188 771.1096231183833 235.73791298972134 1.428901 1.6187842 4.1545954 3.3620255 1.6662514 21.244074 1.5060706 31.514349584186828 
Car -1 -1 0 472.8195268225107 178.4059189816713 514.1990791469258 211.1991103814073 1.5256194 1.5428638 3.5188825 -5.7293425 1.815767 35.93767 1.5562384 13.104337572997915 
Car -1 -1 0 508.574705967065 174.62760738033944 559.4150019340736 194.0558654577036 1.5881824 1.649729 3.916851 -6.343747 1.7406502 60.632214 0.31730992 14.30423457067509 
Car -1 -1 0 103.12654038194428 186.70999125144542 243.22236219339047 232.0918439729838 1.4907238 1.5688099 3.8976657 -15.03017 1.9856339 24.97885 -0.00448162 1.1139339943406863 
Car -1 -1 0 654.187300491403 174.50362186195292 698.8488079471726 208.03021387758943 1.5566769 1.5159633 3.211206 3.2347856 1.6413721 35.3567 1.4437132 0.2543385624885559 

