Car -1 -1 0 740.52765993917 182.17973762281432 907.8547810199785 284.41868716428075 1.4201018 1.5965604 3.7075236 3.4346406 1.6028845 12.254286 1.5258899 130.58698600928176 
Car -1 -1 0 0.0 201.61911080078704 262.75350676263776 372.9139972295778 1.4889238 1.5710977 3.6005692 -5.804097 1.9079041 8.695336 1.5526047 112.20335550385212 
Car -1 -1 0 304.6437809906742 187.27183580937992 438.79433494277885 259.0103828083718 1.4647467 1.6354346 4.1277475 -5.6542807 1.8611917 17.713512 1.6568316 106.09558060492324 
Car -1 -1 0 668.2501054067451 176.93726386232873 723.6573352083186 219.88565419966022 1.4567277 1.5405225 3.5724845 3.1193888 1.6175728 26.61919 1.5482678 59.85417819173953 
Car -1 -1 0 695.8318714588868 179.8557343230797 797.639217447671 246.82488057066456 1.4478698 1.6256793 4.027939 3.2968912 1.6431346 18.075005 1.5274547 61.14711643459675 
Car -1 -1 0 457.9186214383447 178.86252865269373 505.9898189034242 214.27637431432765 1.4896804 1.5418308 3.6053288 -5.7348576 1.7775615 32.766903 1.5718766 27.544923369559783 
Car -1 -1 0 659.0806339861717 176.0713787990913 705.659668217922 211.84069682971415 1.4964238 1.4868821 3.250964 3.196362 1.6473911 32.17254 1.484004 15.148885452589882 
Car -1 -1 0 12.026359316579038 191.07989114924206 183.58334178383384 245.01508333637443 1.5107248 1.6190284 3.9663918 -15.293139 2.0818207 21.7125 -0.044224776 17.537815265921815 
Car -1 -1 0 488.85783815822623 179.9988715029314 526.8574728661156 210.11536873255582 1.4737061 1.5084077 3.3748095 -5.283244 1.8647141 37.797714 1.5728587 5.029796993252655 

