Car -1 -1 0 449.8484020224961 189.66366426028222 581.7140044881472 269.7218860876062 1.40167 1.6105497 3.922487 -2.1580915 1.8151032 15.633162 1.0994046 118.63986294249362 
Car -1 -1 0 348.5416461747666 183.55285375506398 403.3920352324487 223.13341794484919 1.4231353 1.5827534 3.6994798 -9.450701 1.8835002 29.038303 1.1128626 60.15656314015936 
Car -1 -1 0 1001.1501381885349 157.684926464636 1175.3342287628177 240.12925435782702 1.3962533 1.7272922 4.2329106 9.340491 1.1393542 14.4928665 1.8524718 80.25441799264632 
Car -1 -1 0 146.62639636362007 187.04785811386554 191.43667575060246 219.10784102656422 1.5706825 1.6649952 3.915667 -23.963795 2.3867502 39.358284 1.1330457 23.20811880225429 
Car -1 -1 0 886.9610263190906 158.70923885483742 994.1573583637813 229.68278307823414 1.4180516 1.5603954 3.3474638 7.3084807 1.1354392 16.224327 1.8020631 48.666966815679004 
Car -1 -1 0 0.0 200.9918730509596 98.08551282364542 310.8976788745546 1.4527833 1.5704976 3.7455125 -10.112759 2.0222723 12.586774 1.0557568 50.70625523733045 
Car -1 -1 0 529.5595403431191 167.7065732856539 616.9615448335518 206.66722690703236 1.656652 1.6202548 3.5411153 -1.5826905 1.4377773 31.893412 0.24329194 47.208723603615645 
Car -1 -1 0 331.4136787168334 180.98256066446905 376.8206380134137 215.7225354528622 1.495805 1.593655 4.2324133 -12.218416 1.9084255 34.37403 1.1228907 8.167381620130586 
Car -1 -1 0 509.69119830356306 173.2712959405491 596.0057321682663 206.45522919331145 1.5503931 1.6804383 3.9437866 -2.683415 1.5710087 34.69072 0.05928598 1.0604024352557502 
Car -1 -1 0 457.1391165595618 178.76690806236155 539.6641413060369 209.05528500262793 1.5158361 1.6183162 3.9571705 -5.750011 1.8318876 37.539436 0.11325449 1.7276539152546844 
Car -1 -1 0 590.5160436504917 141.10886286764978 943.2447894491291 361.69724587833406 1.9459546 1.7628638 4.484338 1.5171851 1.6659099 8.764811 1.1071897 3.192512641674271 
Car -1 -1 0 312.4111896225225 178.02057417674763 334.26599759446316 197.210166893902 1.5139477 1.6227138 3.6028414 -23.754591 1.9573991 59.958546 1.2113862 0.5104751979978677 

