Car -1 -1 0 705.326430484414 187.50785250487345 823.7534578443554 270.0556354574582 1.3854078 1.537192 3.4276755 2.8956342 1.4351132 13.874118 1.571374 82.66113006272144 
Car -1 -1 0 29.7760490865669 182.91096151431347 254.56309475846018 281.42869779088664 1.5085186 1.6259186 3.8587544 -8.076528 1.4732281 12.956137 1.5460477 116.04100916684908 
Car -1 -1 0 262.5022985493889 186.04153473535914 450.8288517892296 298.5845629968596 1.456105 1.6100619 3.8135202 -3.6664407 1.4712057 11.236625 1.572235 89.11417630112544 
Car -1 -1 0 653.9943401043322 180.77651987221606 710.4074553755396 221.9969587801313 1.4218227 1.586607 3.9620924 2.719305 1.2687014 26.79758 1.5434804 61.74218162144595 
Car -1 -1 0 441.52193051030804 177.57246470805563 513.3271545245335 234.8282562135992 1.610345 1.5899981 3.268823 -3.8633788 1.3953756 21.853308 1.5717355 96.6255240633365 
Car -1 -1 0 481.49663730734164 177.93818704380487 534.6621303283886 216.4864830127103 1.5032444 1.5787815 3.9745078 -4.0690217 1.2194477 30.039486 1.5962434 28.677658867120922 
Car -1 -1 0 381.40265088509153 177.88635787911457 443.56602421894985 215.62481384900454 1.5402048 1.6434152 3.7376716 -8.3753605 1.2410753 31.218046 1.5841708 19.802511946142054 
Car -1 -1 0 584.5585085288434 177.17950057450128 609.3930440122791 199.5032572315898 1.5208187 1.6691222 4.052411 -0.7596993 0.97334814 51.02849 1.5333749 8.969224258777517 
Car -1 -1 0 270.0367307869249 182.11714406213383 368.5190109379519 236.17583223058782 1.4376907 1.5139241 3.4082289 -8.225145 1.3552847 20.828865 1.5617528 12.210712086234379 
Car -1 -1 0 434.8065318068088 179.75465354222803 473.1684268253089 206.71707430442888 1.4781693 1.5599531 3.929064 -8.772462 1.1787767 41.411976 1.519552 4.062227199489154 
Car -1 -1 0 457.6699079913085 165.42332475799935 490.89674675931957 187.70524525319752 1.4765229 1.6082543 3.9365401 -9.127246 0.16497111 49.612938 1.559057 2.413796306579124 
Car -1 -1 0 622.2058557577327 177.3371244201941 651.6119516696768 198.14610590119457 1.4923462 1.5925083 3.5709944 2.1745634 0.92732286 53.428436 1.4390247 0.527151263267578 

