Car -1 -1 0 804.3439259476522 190.72367318107354 1009.3419203448125 266.59295057701706 1.4792264 1.5700737 3.680332 6.162775 1.875983 15.230089 0.002734978 46.23540121111135 
Car -1 -1 0 719.3016030653331 190.24266987917875 859.4136520003088 237.9338907378402 1.4190881 1.5919583 4.0707645 5.7206726 2.0018322 23.187511 -0.09901729 51.65639178255539 
Car -1 -1 0 157.5358822144064 186.03467199971823 393.07238873370284 266.7511201451432 1.5082604 1.6334555 4.0226126 -6.647667 1.7910752 14.622561 0.021271719 39.93417112074783 
Car -1 -1 0 848.1710034807772 190.9508626786024 1112.4846367051427 287.9741598739039 1.5035102 1.5587136 3.6956797 6.166304 1.8318821 12.287075 0.014137325 32.74710475961177 
Car -1 -1 0 64.55396071806231 189.95847753470622 362.71428160768414 287.9878738856354 1.4798377 1.615 4.0776844 -6.4321737 1.7855619 12.043369 -0.022591025 57.94473759034149 
Car -1 -1 0 901.2504439705197 182.2718853059128 1242.0 311.1483787756208 1.5747416 1.5894632 3.8970857 6.253454 1.7154775 9.86631 0.0630728 67.02622892671648 
Car -1 -1 0 264.2374755590025 181.0388401490537 438.68601638370757 247.8688102914591 1.6541674 1.6748161 4.058863 -6.715672 1.8824458 19.11524 -0.08605636 53.429284319744646 
Car -1 -1 0 749.0342496450812 190.69160443601322 899.5410791333727 246.05202429579643 1.4390929 1.5458093 3.7461672 5.965638 1.9627413 20.264591 -0.07837506 51.13298984674462 
Car -1 -1 0 0.0 184.58222799798975 266.610757805341 312.1796766698588 1.5486279 1.6153811 3.8024201 -6.9246063 1.7209833 9.758081 -0.019961927 46.26496975258931 
Car -1 -1 0 719.2541214878772 178.8117186758756 841.8865981994039 231.78298365081736 1.7828976 1.6680343 3.8923006 5.9754243 2.0010924 25.463648 -0.066707425 19.719470436618327 
Car -1 -1 0 786.4636254294651 188.03674645670984 960.7513818630903 252.48826175573015 1.4748476 1.5845376 3.729047 6.4553986 1.8699316 17.85929 -0.06765444 18.447415700994334 
Car -1 -1 0 632.1898542206593 182.85326131089673 673.978498238239 214.5786833916013 1.5458102 1.6645577 4.3442535 2.2791433 2.1142945 38.791733 1.4939659 22.079892787930437 
Car -1 -1 0 423.97277863073697 182.03383808144727 514.0655257696671 218.52310401037 1.6012455 1.5928582 3.7774577 -6.3742785 2.03155 32.959515 0.035272956 16.12408474904789 
Car -1 -1 0 440.2915147184146 184.14989829580972 525.0053199639644 215.9083066892583 1.499052 1.5888433 3.8656793 -6.2024813 2.068264 35.510315 0.028264139 9.832928515386298 
Car -1 -1 0 301.0781703672787 170.0567299983917 463.21465818018106 235.07754138219804 1.8739052 1.6800294 4.3604774 -6.7387605 1.7932875 21.70543 -0.03260953 0.4938144396199181 

