Car -1 -1 0 750.4162463491458 183.33802786387255 940.0266371601405 294.4241011383358 1.432592 1.6354501 4.208377 3.5910716 1.635402 11.832137 1.5434401 113.32260662301177 
Car -1 -1 0 194.58000108515802 190.58423606377974 398.2213044226862 307.8298800452676 1.4802186 1.6199486 3.7955885 -4.758849 1.8114554 11.581624 1.5712543 121.57794236198225 
Car -1 -1 0 335.30714723228124 186.90570657068986 463.5452594643086 261.3048265311471 1.4356267 1.6552323 4.285956 -4.7348475 1.8069975 16.90501 1.5976473 77.56178412915783 
Car -1 -1 0 490.0250008062941 179.18920504327966 538.4816223273725 214.83595977981105 1.5074497 1.5599809 3.351855 -4.2845497 1.8110058 32.849266 1.6368768 48.36997598757966 
Car -1 -1 0 860.7288203648541 189.25486699537927 1242.0 375.0 1.4432523 1.5850899 3.6334586 3.7071223 1.6353391 6.6223254 1.5856756 83.57692337982965 
Car -1 -1 0 717.5282915572873 179.89174289054168 823.3027609849057 253.73344809232924 1.4987929 1.6402373 3.9330895 3.6439252 1.683785 16.993721 1.5780246 61.90493646662967 
Car -1 -1 0 705.4605819404867 178.77468189812822 774.0364145407093 233.62690295540133 1.5361501 1.6187646 3.6055174 3.9612188 1.7353115 22.43705 1.6115477 36.58121154144244 
Car -1 -1 0 690.1206093971573 177.91924771490633 747.6289519695887 220.43444243222532 1.502517 1.5810034 3.9575148 4.1579614 1.7127769 27.96241 1.5578114 25.276668878816054 
Car -1 -1 0 510.8389342478746 179.44344829415604 552.190247006709 210.1338740909032 1.4759632 1.5525194 3.7625644 -3.9974427 1.8354503 37.443962 1.6234356 10.721217080120486 
Car -1 -1 0 1128.907528355218 171.80334823582393 1242.0 222.72637831870534 1.4423978 1.576412 3.5431514 18.213667 1.412638 22.28089 1.4676923 12.858797135676856 
Car -1 -1 0 1092.6392546259287 161.37392380021547 1242.0 241.17109252797582 1.471885 1.5412323 3.3645086 11.927359 1.2601311 14.998608 1.58044 5.127101866168318 
Car -1 -1 0 595.4635155811263 176.34505300312776 641.3949532951071 191.2516974115167 1.4502337 1.6491797 4.499608 0.9025371 1.8009894 71.56391 0.04775475 8.070219350763987 

