Car -1 -1 0 713.2876222742624 173.50737196754304 883.1925503958703 294.6121100655786 1.6775527 1.6283859 3.9378676 2.9175038 1.6902583 12.023834 1.5205035 127.4588936365238 
Car -1 -1 0 694.3019602724158 175.44820906279168 761.2558569302239 205.51122594218265 1.4609995 1.5070164 3.5612516 6.0597315 1.6020658 37.31594 1.0498911 33.99096853476385 
Car -1 -1 0 287.6442878100999 183.20955399377374 468.05421238484166 243.5250158263878 1.4722656 1.622246 4.2010307 -5.992692 1.7576181 18.913645 0.07621066 41.40037351847955 
Car -1 -1 0 619.5604087014972 174.3735884076544 649.8265368689067 197.4566555160445 1.518811 1.5763805 3.71493 1.6928713 1.6274621 49.659992 1.4649049 21.609476242722582 
Car -1 -1 0 305.14863124840696 180.52083747865206 454.14948244029745 233.94250305243955 1.4839394 1.6009439 3.886329 -6.744104 1.7216142 21.35127 0.11419724 8.32015888021644 
Car -1 -1 0 230.6393182756796 172.26384746858884 411.59693573804094 251.49754560584395 1.6849955 1.5621896 3.4310899 -6.38132 1.6724452 16.187979 0.03678056 10.549433407093835 
Car -1 -1 0 606.872865589294 172.80218110668412 631.2132509899586 191.9393403680187 1.5124972 1.5911163 4.04163 0.7441637 1.5084014 59.10978 1.4820789 1.6336892090572148 
Car -1 -1 0 133.84087487194918 175.85223793383352 363.8710974395943 264.5719276614055 1.585068 1.5497215 3.606275 -6.7450104 1.6454237 13.7346325 0.008530229 4.625012930054667 
Car -1 -1 0 365.11399320903126 175.7119840728636 476.9431156663907 216.1626010531848 1.5388463 1.619544 3.9723775 -7.3578715 1.654596 28.39443 0.009311591 3.2253943000420273 

