Car -1 -1 0 279.18299758644946 190.93071394859945 417.05045683631573 270.56829378918115 1.4779642 1.6212747 3.9700284 -5.7161293 1.9362645 16.295444 1.5868379 79.25200581259814 
Car -1 -1 0 372.44342825447995 187.1312666502978 459.51676735813766 242.67755580856831 1.4502814 1.5622603 3.8295293 -5.72022 1.9187014 21.750069 1.5811201 67.96291982875853 
Car -1 -1 0 790.539200275182 154.42012775503292 916.3098432933731 195.02032058961223 1.5369679 1.695755 4.371378 9.471333 0.8391319 28.269623 0.049490914 58.43145483347711 
Car -1 -1 0 416.7684096755744 185.3810504149745 486.24651037662466 229.6265933211334 1.4409363 1.6115568 3.8731508 -5.727063 1.936161 26.565662 1.5989416 30.776222019544253 
Car -1 -1 0 491.03755325342337 180.62009790595278 532.1176823805249 210.54491715585834 1.5322435 1.5957267 3.9727087 -5.377091 1.9845381 40.0066 1.6091735 14.37380308828869 
Car -1 -1 0 457.1867900486454 182.15742421442812 510.9179294066384 218.63452950491595 1.4878275 1.621553 4.137621 -5.5908422 1.9348176 32.580555 1.5929748 13.622086031257062 
Car -1 -1 0 1151.588595574204 133.3636825656114 1242.0 178.78225837685466 1.6686163 1.7146368 3.9795237 23.193237 0.21779595 27.367496 0.000940036 18.843570949035243 
Car -1 -1 0 1043.1010531750567 142.9095214259181 1145.566929604528 174.72366523161966 1.5316331 1.5936493 3.9899936 23.832747 0.09001139 35.55463 -0.010400763 12.09441391041807 
Car -1 -1 0 791.438870695093 155.10032205838672 896.7508885657282 192.32733745051013 1.535588 1.6445131 3.973248 9.909876 0.8032612 30.69698 0.05698039 5.113529424445266 
Car -1 -1 0 765.235009950173 161.36470677814467 856.5015573931752 194.63065738988706 1.4917533 1.6200905 3.7357976 9.290498 0.9765359 33.421383 -0.14144853 5.356094076292988 
Car -1 -1 0 659.9428397725201 172.43993696151475 700.5612775066315 206.53817588723362 1.5257128 1.5501137 4.106385 3.3067505 1.5071856 34.341858 1.5756426 3.2755254215634073 
Car -1 -1 0 1072.3923734563875 139.195316052665 1173.7856090817636 175.85169145450033 1.5003194 1.6028804 3.9896045 22.300056 0.12269322 31.53007 1.5748618 1.6163080889867252 
Car -1 -1 0 657.051560188966 173.36819534832335 693.884100614915 202.07955348488682 1.4959943 1.6220794 3.8674016 3.5689557 1.525606 39.608807 1.5582309 0.279013991355896 

