Car -1 -1 0 230.60752581686995 189.49755515765978 418.8594671971067 295.482536038803 1.4679478 1.6564451 3.9270544 -4.720582 1.8043518 12.600298 1.5957974 105.43992446842225 
Car -1 -1 0 495.84200477281007 178.46685328046158 542.3174192867683 213.2363716334661 1.5209527 1.5315719 3.3819113 -4.19436 1.7979567 33.867203 1.64325 40.32547200751837 
Car -1 -1 0 740.9729500122979 182.08843770076888 909.3022740975698 283.3006667980394 1.4483876 1.6451285 4.233992 3.5950243 1.6401961 12.851155 1.5470793 109.66724996634781 
Car -1 -1 0 358.8756867152958 186.3280319033182 471.56468215351566 254.4844606991443 1.4205215 1.638062 4.151694 -4.6731853 1.794663 17.949266 1.5835283 70.34368228387672 
Car -1 -1 0 834.6610846905771 187.38930786371952 1162.1186737735413 375.0 1.4454131 1.5891542 3.618847 3.7165084 1.6366222 7.665536 1.5923812 94.31373783633543 
Car -1 -1 0 713.6169620175326 178.3614567193464 809.1385602871582 246.52443587429238 1.4840676 1.616775 3.9452534 3.6594024 1.6367471 18.016619 1.5878255 55.89159998358973 
Car -1 -1 0 701.9425990009964 177.65424888884186 770.4345633672795 228.20539434769086 1.48953 1.5921122 3.7721655 4.0363975 1.658525 23.51097 1.5771809 30.01231869558914 
Car -1 -1 0 688.318385823719 177.45645547326833 743.0477719108499 218.1982866668407 1.500182 1.6061288 3.88228 4.184952 1.6972723 28.953028 1.5655818 6.6965749911498245 
Car -1 -1 0 1109.7750096951595 172.3427950503024 1242.0 220.40779179085033 1.4339256 1.50193 3.4396524 18.214476 1.4186747 23.311852 1.4708444 12.713746296148038 
Car -1 -1 0 590.2322828205674 175.2215939652425 636.9391975081006 189.86697477112028 1.4473636 1.6893747 4.6094255 0.4277221 1.688903 72.61937 0.064394385 10.603853443933776 
Car -1 -1 0 951.997813326348 172.938751480313 1016.6061839700976 206.03414096206455 1.494427 1.5873291 3.4577217 17.78267 1.4986787 34.394676 1.6787322 0.7306824473740108 
Car -1 -1 0 516.4144375077485 177.350257489861 554.7517398795188 207.09578894662883 1.488608 1.5506213 3.7662787 -3.9073794 1.7409792 38.5925 1.6026107 1.8258733448897537 

