Car -1 -1 0 705.0812461453521 182.99599512648803 806.7152014199269 250.21638086138822 1.4296398 1.585527 3.6337361 3.4781823 1.7054507 17.764223 1.5154335 91.41291820979046 
Car -1 -1 0 224.47595686870713 193.98215423946607 384.7800055996857 285.5540429943807 1.4584486 1.5697027 3.6177163 -5.781675 1.9261968 14.152956 1.5864158 92.90781088816968 
Car -1 -1 0 382.5671757118901 185.78923319768884 476.77777855544883 238.38845049750844 1.4565454 1.6249549 4.2379313 -5.6620035 1.9124279 23.242718 1.6662989 63.26269200303052 
Car -1 -1 0 791.065588235014 182.559084175268 1104.2961316489327 374.235542761348 1.5232296 1.6276724 3.9748418 3.284637 1.656844 7.9350605 1.5848858 137.41851208718546 
Car -1 -1 0 659.9936859417953 179.43142504191755 704.1644263382113 215.37559795051862 1.4768827 1.5386019 3.601345 3.1742628 1.7862868 32.126205 1.5515081 39.62541581985971 
Car -1 -1 0 678.9859250895022 182.14256188584451 753.1894407136401 233.2665763560602 1.4676557 1.6547643 4.078949 3.372612 1.7973909 23.540535 1.5274771 21.880367005698126 
Car -1 -1 0 481.87449334663665 182.55526283038418 522.9400268115963 212.21004698723735 1.4490954 1.4759595 3.5399525 -5.6307907 1.9876392 38.247566 1.6244352 8.419662769625873 
Car -1 -1 0 500.9689102140504 180.93719531701228 536.1710349067602 208.05272670446436 1.5243547 1.5062593 3.326602 -5.419115 2.0283794 43.285473 1.6312658 4.140033262683786 
Car -1 -1 0 652.3285900895733 180.6597565201372 694.7799697046522 211.9295109007476 1.5001842 1.6051687 3.4958434 3.261731 1.9236189 37.330467 1.4847542 0.3553728461265564 
Car -1 -1 0 522.2253721226463 176.42417362034894 572.063138116039 194.22927895401105 1.492113 1.5999514 4.0235257 -5.4152093 1.8092803 62.586815 0.39548144 0.8136604512701398 

