Car -1 -1 0 262.38438617848254 184.945954830608 371.1746918025759 240.48625871316034 1.4372227 1.6087232 3.7202208 -8.1270075 1.4302425 20.465776 1.5661118 61.79186798228415 
Car -1 -1 0 467.9039903423154 180.61625096297442 526.6820462304902 224.5173152058687 1.523274 1.6305838 3.6456418 -4.017471 1.3636829 26.765745 1.5709717 66.52771330746545 
Car -1 -1 0 340.5074785312388 178.36930918234071 492.8527719261813 283.56148236541776 1.6027886 1.7075663 4.385579 -3.2542596 1.4984717 13.162685 1.5505261 88.4091009247577 
Car -1 -1 0 0.0 182.15937614361354 200.28670670295736 320.9559952008706 1.5961757 1.6369697 3.8130763 -7.6430764 1.5610276 10.184139 1.5575409 92.06229690288093 
Car -1 -1 0 94.3884900294458 183.77372353674232 236.14568992876016 239.1256275503454 1.4641702 1.6235505 4.1718864 -12.769882 1.426027 21.107658 1.5626869 66.86224238852411 
Car -1 -1 0 561.6205210836695 178.59455097994086 606.7630407263196 220.40566969393177 1.5207614 1.6426483 3.385179 -0.88762546 1.2799358 27.862932 1.5406526 25.43354746488077 
Car -1 -1 0 238.91311651893056 184.0311707332379 320.3129886883611 223.74311162476553 1.4379134 1.6127613 3.5470312 -12.577549 1.3950233 27.823769 1.5433128 17.08882897970347 
Car -1 -1 0 511.96940795824725 179.20722292014722 549.2908149062754 208.30720383231477 1.4975576 1.5930291 3.8680491 -4.0963507 1.1883465 38.931633 1.5751935 9.166455935991038 
Car -1 -1 0 391.06201979058636 167.87964240380956 443.6601547232032 203.7059384146755 1.546355 1.6374199 3.4761097 -8.597818 0.7980863 32.804424 1.5208648 3.1148053837644287 
Car -1 -1 0 343.7589163451006 182.57835286161736 400.1511480413377 224.7805497589651 1.462692 1.5439078 3.7579448 -8.726525 1.3712839 26.905748 1.3811312 1.4884321561201908 

