Car -1 -1 0 364.5390407595716 201.82978543433458 485.7840623125741 287.76881288996117 1.4963093 1.6957304 4.2177124 -3.940682 2.2288268 16.11764 1.5536587 118.041075253442 
Car -1 -1 0 727.0642423559801 197.65743661467877 910.3429435624465 333.41612156187034 1.5426228 1.5774212 3.2879505 2.8379228 1.9611065 10.493328 1.5220377 89.89029317286932 
Car -1 -1 0 673.5985248241094 193.71363449087437 783.714492331546 286.3837625910426 1.5939269 1.5790098 3.5919785 2.3506598 2.0819798 15.056915 1.5324931 73.7039739842437 
Car -1 -1 0 651.8869088036234 196.04246473892536 732.3147889341907 257.43055007162906 1.4493804 1.5925349 4.409578 2.2800114 2.1958673 20.980602 1.5127597 42.73154645834339 
Car -1 -1 0 423.509544323103 200.38231530589658 502.4154336739593 259.6968087041942 1.4590783 1.6228399 3.984475 -4.282641 2.360459 21.618929 1.5522559 25.123826710141095 
Car -1 -1 0 637.2483450993492 193.10063566360662 679.0169685552173 230.5424133974835 1.5002292 1.5269488 3.6187077 2.1518903 2.470183 32.731228 1.5351439 5.390442483446029 
Car -1 -1 0 483.9831951706203 196.7877460004511 522.0735786423235 236.64723295539702 1.5215142 1.5127325 3.8830695 -4.666769 2.648588 31.967634 1.4649147 2.6970941182340615 
Car -1 -1 0 611.0767778273419 193.3446545889828 641.0557886081162 215.60897604098975 1.5019584 1.5716407 3.8997436 1.2095482 3.108007 54.50245 1.4081757 1.7298963736326796 
Car -1 -1 0 781.1108918855298 176.88861189718642 859.2247142193496 204.04818315116617 1.4673145 1.5933282 3.9634023 11.701559 1.6980846 40.273926 0.10307541 0.6071136208257206 
Car -1 -1 0 644.5693192865753 193.90140900061613 701.0211064086359 240.48878657100897 1.4867457 1.5570419 3.765274 2.2671144 2.3213418 26.68783 1.5145617 0.2697649896144867 

