Car -1 -1 0 733.2091179157742 186.78775547435876 973.3951105092333 273.51111609036786 1.4356315 1.6281023 3.86699 4.3918505 1.7121031 13.294739 -0.11028826 129.43474085605158 
Car -1 -1 0 665.6524124830712 180.40707872482074 784.3171413547547 228.3682847191053 1.515791 1.6166759 3.6189618 3.806887 1.7786137 24.112211 -0.10584009 53.609255594562576 
Car -1 -1 0 296.8341212724925 178.9064288192436 432.45722185549363 224.89053975993565 1.5003984 1.6413145 4.137051 -8.321358 1.7166021 24.788511 -0.08140199 49.00466943066511 
Car -1 -1 0 66.3572641042756 173.77848025225376 329.6873947813304 265.93870717334977 1.6955171 1.6786019 4.2253613 -7.9825583 1.715191 14.32516 -0.09208234 113.10155680504536 
Car -1 -1 0 154.75400784010856 183.77373614435095 365.91055472921846 252.763419743109 1.4849654 1.617126 4.1218667 -7.9934897 1.7540421 16.808838 -0.080067344 30.368508038158748 
Car -1 -1 0 209.34592505212154 182.84352362903653 389.0621716927431 239.98720335134374 1.4671149 1.6053292 4.193966 -8.335202 1.7497764 19.611412 -0.0011492157 18.866751879415897 
Car -1 -1 0 647.0285738730047 181.62517201905018 755.0106388827669 223.8964438214744 1.4658477 1.5824206 3.6483114 3.3121574 1.7998085 26.457293 -0.12656292 8.677936620981077 
Car -1 -1 0 394.4527492412978 171.57202103214667 429.7154389099277 206.9515939650182 1.8427194 1.5780802 3.724103 -10.874273 1.7759483 39.600067 1.2247595 2.046432329893871 
Car -1 -1 0 326.25953325456766 174.71957277959825 428.3334464047219 218.58953594295963 1.7064008 1.620208 3.8671808 -9.417651 1.7859703 29.475391 -0.27174574 4.433562819018529 
Car -1 -1 0 462.66030387988 175.14114710718243 491.68277380083384 195.6726216126954 1.7028964 1.6502198 3.3857791 -11.426587 1.9058616 62.147503 1.1315986 0.9028712117986821 

