Car -1 -1 0 705.3302884931675 187.3598996643306 817.7065272722491 271.60429966344554 1.4180996 1.5631409 3.4626431 2.9151516 1.7443001 14.485298 1.5823545 79.28763769975754 
Car -1 -1 0 766.7762375833835 179.95600199637542 937.5330455384162 240.36288339781916 1.5439854 1.6821535 4.1088214 6.4876003 1.746768 19.635761 0.06173953 94.19259105119488 
Car -1 -1 0 312.16291217209465 183.34254012673168 472.3477899923646 234.4034705482749 1.4568139 1.6309173 4.354944 -6.469183 1.786128 21.796543 -0.01959078 26.796050217004865 
Car -1 -1 0 246.84296967432826 183.2543017929542 449.8352531394465 252.41720575420806 1.5092459 1.6366608 4.2073717 -6.077338 1.7690852 17.035072 0.08388065 48.329433219035714 
Car -1 -1 0 0.0 193.57240287314931 339.63876395425814 309.89264750404357 1.4247618 1.580622 4.070428 -6.0504045 1.7336365 9.9424095 0.011885034 112.04877009899843 
Car -1 -1 0 127.78312346444517 184.07473980220811 407.1177879897777 284.33074626446256 1.5402367 1.5808525 3.9578772 -5.6101217 1.7421232 12.129033 0.031863347 79.03804333597617 
Car -1 -1 0 193.6445331120909 181.91208353452646 411.79215633475474 264.8023803079834 1.5453029 1.5699528 3.772229 -6.1224213 1.7407331 14.613621 0.09133403 32.728031314638706 
Car -1 -1 0 270.601992403643 181.6415083295162 435.693455719365 241.72191657063016 1.5230092 1.6243069 3.8773923 -6.802021 1.7702233 19.422739 -0.033111088 15.284896575396274 
Car -1 -1 0 356.38182649477847 182.04030467894037 482.9666108281372 228.46039179884963 1.4847369 1.6021761 3.8214521 -6.333084 1.8053759 24.305395 0.041241992 10.812892164432359 
Car -1 -1 0 635.4670633040616 180.43226420958362 667.4091639732135 204.38885019477343 1.494029 1.6094745 4.1171126 2.7678652 2.0250678 48.447937 1.4957883 7.577126535875689 
Car -1 -1 0 693.2801926961579 183.7012949858752 787.6382078617736 217.34519606282637 1.4572668 1.6133641 3.9410088 5.9264383 1.9666309 32.887844 -0.09710489 10.927793434780769 
Car -1 -1 0 391.9941557852474 178.27801235233693 498.0724431367834 222.17884789604713 1.6751201 1.6400602 3.9733636 -6.4965305 1.899606 28.825289 -0.11220254 16.253185902213872 
Car -1 -1 0 705.314587100707 185.88434221801646 805.5828417470282 222.4481941887935 1.4334129 1.5739607 3.7929962 6.0590577 1.9969964 30.13083 -0.1587316 7.267905193755776 
Car -1 -1 0 404.9298535606951 180.40113051107662 509.13717247431924 215.94044496517313 1.4917934 1.6030223 4.197535 -6.594058 1.8294711 31.46014 0.010402547 4.451200318991673 
Car -1 -1 0 696.9622309351942 176.19149481945718 783.3026456530548 212.72080103388768 1.7185137 1.6751807 3.8241148 6.3270817 1.8859935 35.17089 -0.106909454 4.689640641653778 
Car -1 -1 0 482.31567668750006 181.32941305037562 548.4914830474163 205.83758662409286 1.4866593 1.6106063 3.887242 -5.8838506 2.0299613 45.329865 0.061435122 2.414683199591396 

