Car -1 -1 0 679.737174442338 172.6847042281937 856.4369930295939 300.95103024789955 1.6716663 1.6468444 4.280585 2.2922816 1.6694598 11.593397 1.5050623 142.49619854641676 
Car -1 -1 0 173.7277553895071 191.2983256825834 450.31029109313704 375.0 1.4488989 1.5466602 3.5485978 -2.8688622 1.6934274 7.784826 1.5619437 130.50615774282926 
Car -1 -1 0 621.2425124908673 178.290406933407 653.4187357520051 203.16865941771528 1.4608392 1.6347116 4.182162 1.7032332 1.8192466 45.435028 1.5141217 13.37764770213848 
Car -1 -1 0 144.13511222224648 184.28618986556504 363.8346329828269 262.4826780157997 1.4493034 1.5676357 3.674791 -7.055578 1.6960613 14.613912 -0.09815757 71.39082516887886 
Car -1 -1 0 258.3993063849475 181.49249574281603 430.3302307356099 238.10812752082052 1.4380624 1.5726184 4.0423098 -7.0280557 1.6798341 19.384356 -0.01166937 11.802690117390634 
Car -1 -1 0 292.5483877652411 179.15729773539695 429.81296383027444 232.30077133802342 1.5321579 1.5779328 3.6075616 -7.4276943 1.7296492 21.800255 -0.009776318 5.874347490057833 
Car -1 -1 0 394.66205840223137 180.87792922507887 499.2152834740794 218.9547535527093 1.4893845 1.5802073 3.885799 -6.597249 1.827278 29.491905 0.0533515 5.831468235856758 
Car -1 -1 0 355.38393395274113 179.7716877556038 464.32050000296806 221.79262524974644 1.4938065 1.5607497 3.6542616 -7.501258 1.7657496 27.199156 0.2231811 0.8655061586990946 
Car -1 -1 0 691.8583506287615 175.67383205262973 756.7989768792896 199.5104431042312 1.5172637 1.6328822 3.9136248 7.4675 1.7052649 47.13198 -0.081901744 0.9958367599886817 

