Car -1 -1 0 713.9893714376236 188.1825303062141 838.8990146279586 279.5184547607866 1.3940035 1.5311258 3.4962459 2.8741317 1.454417 12.862421 1.6083232 88.20707475827422 
Car -1 -1 0 270.4614409545712 186.03518166961788 454.43096712080524 295.9408183755034 1.461421 1.6322873 3.842292 -3.6730204 1.4767334 11.509748 1.5723531 100.97416818531165 
Car -1 -1 0 659.6038091096553 179.88192686396047 721.7302401413882 225.2217320590295 1.4424384 1.5842638 4.0216355 2.8055372 1.27275 24.900711 1.5443509 57.382307140938956 
Car -1 -1 0 114.20669379928161 178.22712999390458 291.3289356301821 265.125546373808 1.5675845 1.6348045 3.7448065 -8.127899 1.4415158 14.861973 1.5430877 86.95340568946791 
Car -1 -1 0 448.38264411354226 176.91179360080923 515.7225867288696 231.7584429302531 1.5899538 1.6128452 3.2332253 -3.835771 1.3492312 22.474194 1.5471594 73.54952297419464 
Car -1 -1 0 480.92925399343153 177.76819735814692 536.3415550653614 217.29012278075385 1.5564325 1.5958266 4.1995068 -4.094326 1.2631388 30.442818 1.6153295 28.77809389861505 
Car -1 -1 0 384.86031320312316 178.95550666209311 447.2590639751657 215.074215036158 1.4951771 1.6707813 3.8590145 -8.345591 1.236029 31.70067 1.5869695 20.968906801011563 
Car -1 -1 0 586.382097969565 178.30276159346147 611.5550003800296 201.3284023190943 1.4888284 1.6137474 4.091239 -0.59080625 1.0418408 48.55179 1.5381652 7.100020528155179 
Car -1 -1 0 437.46295149896906 179.4664193168148 476.2717822881309 206.1399084578452 1.4849238 1.5516537 3.7669265 -8.714727 1.1648592 41.91908 1.548794 3.722847893874922 
Car -1 -1 0 273.19676999714596 182.555659146932 391.0134983571544 234.4153312914148 1.4342992 1.5008543 3.7567313 -8.237646 1.3607297 21.881569 1.8006654 4.637158422805529 
Car -1 -1 0 460.244519887569 170.01928052761016 493.18150150238165 193.52140905184422 1.5775845 1.6417996 3.5796413 -9.042418 0.5575223 50.043503 1.5712175 1.1796928118316048 
Car -1 -1 0 635.640819650312 179.2690354889024 662.8455131424397 200.66608048782672 1.4008242 1.6115129 4.014699 2.832567 1.0115074 49.071697 1.568057 0.4019918143749237 
Car -1 -1 0 530.3181541065283 177.1801766734817 554.2470371383887 198.37936646591768 1.5004689 1.5949484 3.8084543 -4.737258 0.93171835 52.821064 1.5221299 0.27727800607681274 

