Car -1 -1 0 813.3893269520441 174.75392159006134 1242.0 375.0 1.5728817 1.5934635 3.6444242 2.9686663 1.5930414 5.828639 1.5641313 118.10541758011028 
Car -1 -1 0 237.28253842311187 172.00890324688726 417.11542909223783 301.9578733373303 1.8085063 1.5798008 3.7893412 -4.4402227 1.796745 11.956089 1.5450022 135.42351205252092 
Car -1 -1 0 701.4228364653003 173.3782439133349 827.7320373438353 261.87888150713763 1.530359 1.6265302 3.91043 2.9391043 1.542304 14.4703665 1.5520109 130.11811534373513 
Car -1 -1 0 368.1635663753471 172.6789642465683 480.3066886960271 255.67883918338612 1.7626052 1.6309264 4.1613035 -4.308694 1.758888 17.404556 1.5722177 99.20361734451667 
Car -1 -1 0 680.2373860906526 171.40103726112213 764.2577598387531 232.8454392428202 1.5829573 1.6187052 4.0805683 3.1096888 1.5455253 20.659279 1.5312164 61.63294276020368 
Car -1 -1 0 512.2660779387161 173.60105225474027 540.7648481267083 197.0693117523331 1.6343948 1.6403991 3.8729603 -6.0705667 1.6908457 52.452484 1.3455285 2.690213065467883 
Car -1 -1 0 581.822983520084 174.69502159249376 605.4566036325724 191.61794911829804 1.553957 1.5879186 3.576805 -1.5391433 1.7338552 68.589485 1.3552414 3.8720451570659584 
Car -1 -1 0 599.71885462925 170.51935323956292 633.9860795470664 190.8894840312372 1.5432532 1.57312 3.675789 0.5372383 1.3663787 56.656754 1.2471066 0.8574831073877449 
Car -1 -1 0 570.6625934066827 174.7085276653427 585.8675500051552 189.5350791589 1.5699767 1.5964663 4.0333433 -3.4461815 1.7782699 78.97963 1.5109575 0.5789172042960933 
Car -1 -1 0 641.9283729964319 172.1921367012109 676.0249307371081 204.92898449798534 1.5252309 1.5885134 3.867061 2.4768374 1.4943941 35.6132 1.6595048 0.2883671522140503 

