Car -1 -1 0 455.4178136781926 189.98218573551748 527.0905226974505 243.0107539212439 1.6035229 1.6378899 3.8273337 -4.0146847 2.2447004 25.048027 1.6347097 87.62334373218256 
Car -1 -1 0 799.2261006121444 196.6885869804869 1051.2593674179216 353.61593010293507 1.4290777 1.618989 4.0504017 3.6902294 1.8029242 9.256992 1.6169 93.4675701464279 
Car -1 -1 0 744.2231626431326 189.61966214788436 867.8391225427345 277.6133254660811 1.4726646 1.633232 4.151078 3.9022903 1.8702596 14.996356 1.6222644 113.54484290532221 
Car -1 -1 0 493.89369380567143 188.90464881028296 548.44798423615 231.31535229957817 1.565773 1.5912461 4.0614514 -3.6336074 2.2852829 30.274988 1.6233621 27.82568297374226 
Car -1 -1 0 1063.7182497530982 181.36616762756262 1242.0 267.3830707699482 1.4579242 1.6360332 3.924068 11.466961 1.6496699 14.422648 0.6426959 41.003877295206784 
Car -1 -1 0 692.5496151154678 183.23649732359922 726.4935747695107 210.93591122404246 1.522905 1.6708605 3.938811 5.935422 2.173184 43.18342 1.6200014 18.55990754451603 
Car -1 -1 0 194.90722748228526 194.07399369199516 316.53205401991517 233.87910428417902 1.5429039 1.6303723 4.2111516 -14.536684 2.445149 29.794659 -0.03296538 19.60106924463825 
Car -1 -1 0 534.9699028161884 188.08515640644043 576.7075428123561 218.2504892375097 1.4935572 1.6422727 3.8545818 -2.9062061 2.374814 39.74647 1.6727635 5.897262631814755 
Car -1 -1 0 597.8301317140005 185.82511903335575 624.6862619744576 204.1693598300854 1.5595479 1.7406979 4.2923408 0.19363442 2.801569 66.820145 1.7546995 3.1716972325022126 
Car -1 -1 0 175.549247237264 195.2078145195526 225.95361765914396 218.95278028074787 1.4704828 1.6266377 3.4947712 -28.168255 3.0694122 49.82638 1.5233917 2.7565327952005254 

