Car -1 -1 0 762.9524009116542 182.79721453374805 1038.5448777627603 358.7986243393041 1.589943 1.6287358 3.7397232 3.0660002 1.5680952 8.3785 1.5523381 133.26914869621552 
Car -1 -1 0 136.500416071873 186.97725024142588 382.24437678838524 328.67645845750104 1.5001277 1.5780147 3.5407693 -4.263189 1.527647 9.442444 1.5483067 113.55533738547315 
Car -1 -1 0 396.9649896173153 187.52856926034795 480.1034857198907 242.39826079968915 1.3612932 1.5610712 3.5189192 -4.534868 1.4306326 19.767994 1.5393084 75.27011630061855 
Car -1 -1 0 458.74721738010595 183.51320585317393 512.668501006107 225.76612424167655 1.4450595 1.5319768 3.9067888 -4.4167004 1.3868339 26.576689 1.5171645 37.072968418729204 
Car -1 -1 0 577.0819959745817 180.7955051502199 617.0438748655677 218.1940400870153 1.5453293 1.6531496 3.4770625 -0.48105076 1.3626844 31.470844 1.5346153 33.730597529445724 
Car -1 -1 0 68.5778372554582 166.0668190520662 261.05664901731893 268.4655720608792 1.7777066 1.6221188 3.8276746 -8.61622 1.4452701 14.424307 1.5311028 52.578324899619794 
Car -1 -1 0 616.0642944996948 179.7406801097816 643.6775337054739 200.13687744795777 1.4291608 1.5914357 3.7539883 1.6154671 1.0455265 52.306393 1.4883053 9.758935158006956 
Car -1 -1 0 415.82941718621726 172.25034902054 456.7596004343387 207.30276472755136 1.9619281 1.774569 4.3817563 -10.039687 1.2362411 42.501724 1.4738991 12.55969274119794 
Car -1 -1 0 385.31939702150015 183.99119673223328 439.79427064519007 219.18891720942537 1.4646312 1.6233559 3.9897046 -8.576813 1.4136778 31.964127 1.4937279 14.036001275588891 
Car -1 -1 0 475.3035342561361 183.5377641546948 524.5729341497351 215.78586831515028 1.4490044 1.6192725 4.040056 -5.0565133 1.3736098 34.34759 1.6059369 3.8797752310333435 
Car -1 -1 0 698.2334758750354 180.45635056846373 735.8795245706257 204.88013512510824 1.4899032 1.5385984 3.6718655 6.945716 1.1995728 45.748596 1.4821368 3.33686840036286 
Car -1 -1 0 505.5338585531862 180.17308560414253 535.108852135801 204.00810331578987 1.4947016 1.6606401 4.159675 -5.660564 1.1784778 47.202106 1.5156882 0.3636319935321808 
Car -1 -1 0 565.4832317648406 182.44393220437908 594.8107511455667 209.76698940454105 1.4770856 1.570843 3.277678 -1.4904978 1.3272438 40.51017 1.5579618 0.3029875159263611 
Car -1 -1 0 281.46492532943887 179.24268438733222 380.17444064836064 235.72968858071215 1.6393915 1.6481634 4.259007 -8.701966 1.46604 23.019169 1.5369078 0.2621981203556061 

