Car -1 -1 0 732.8787789168567 187.98027050768079 902.6536966957135 310.7783610315775 1.4347781 1.5382612 3.4407392 2.851464 1.6930041 10.58721 1.5840673 69.7031488146201 
Car -1 -1 0 251.5506839419621 182.6456925371898 444.3691699975496 246.00728028583197 1.4819314 1.6361926 4.203387 -6.3987675 1.736651 17.9496 0.0010830626 33.31890847162465 
Car -1 -1 0 633.7001160782361 178.2728671573596 669.2959996246293 204.12888212222302 1.4883124 1.6047447 4.1469264 2.54111 1.8390477 44.56491 1.4818577 15.517250826696273 
Car -1 -1 0 801.9466871594288 173.1893397581518 1020.7106232797732 255.18383230342212 1.6815575 1.6672328 4.0747013 6.4382486 1.689297 15.728899 0.04474798 76.41210524179687 
Car -1 -1 0 295.5003852673165 179.36410858146823 456.3116556737529 237.31865572656613 1.5528516 1.6495901 4.0095243 -6.5319915 1.7452675 20.430252 0.035729423 20.01127402989729 
Car -1 -1 0 721.510464414322 180.34122210498782 844.285397423801 223.94647652415873 1.49878 1.6066786 4.01673 6.214744 1.7795652 26.095213 -0.08133345 27.7561726647317 
Car -1 -1 0 132.2343881249241 184.19271699445488 401.422075495708 274.5878666333764 1.4765365 1.617378 4.135256 -6.0650907 1.696516 13.015375 0.08584916 77.00230588261668 
Car -1 -1 0 34.65153434802153 178.53461885734842 342.584254281669 300.376576832645 1.6163045 1.5910639 3.7118025 -6.0930657 1.7080504 10.658841 0.110016905 56.50519546663862 
Car -1 -1 0 700.7455328117901 181.4900686007048 805.0427194929546 219.2918158052145 1.4430666 1.5796378 3.8122735 5.7041063 1.8008814 28.938395 -0.08937666 22.6882621251756 
Car -1 -1 0 0.0 184.08930252864909 309.658279943189 340.2818008034182 1.5674207 1.6029458 3.9729524 -5.7488327 1.7098768 8.258703 0.0449428 70.65902430099375 
Car -1 -1 0 702.6723826772901 175.1656184639327 799.487369495265 215.54131225883262 1.686688 1.6546038 3.8270512 6.0535135 1.789242 31.127058 -0.029692018 7.148824231146407 
Car -1 -1 0 187.22538716220808 180.49072271353043 395.0916698106609 254.49057404237647 1.4993782 1.5974419 3.8208401 -6.816991 1.6746709 15.681781 0.04312917 23.779760245001075 
Car -1 -1 0 354.76052187573464 177.14885631362878 479.86970811850904 225.87524681630146 1.6059277 1.662178 3.9291608 -6.5543785 1.7599559 24.91356 -0.06831853 20.159296539157403 
Car -1 -1 0 758.0850572159395 181.31639398814656 904.7862999800554 235.31631510342663 1.5031707 1.5676644 3.8131351 6.427917 1.7607925 21.152897 -0.015337199 6.607332161285573 
Car -1 -1 0 456.24800692152434 176.11191084125306 534.8209616811513 205.76695437370697 1.5520453 1.6690668 3.9344363 -6.09996 1.7315989 38.86369 0.034827158 3.6292209616488336 
Car -1 -1 0 622.677068295158 178.21444652981032 643.2816680873244 197.29108094072487 1.4919132 1.5258436 3.893315 1.9030907 1.9483585 59.483673 1.558685 1.11246198624135 
Car -1 -1 0 784.3949837623991 176.22895942054058 965.4319564008159 241.6736924570856 1.5654235 1.6127231 3.9651275 6.576803 1.654211 18.162785 0.0065167793 1.2651596455490208 
Car -1 -1 0 371.2017577516667 168.2777902421675 489.2436793485887 216.27315887840325 1.7754669 1.6346563 4.1151257 -6.7776175 1.6061815 27.55212 -0.021151444 1.1149345740147028 

