Car -1 -1 0 631.6163741298786 194.0273964295396 817.8275564982914 310.0431153394094 1.4063917 1.5963144 3.890725 1.6274929 1.807154 11.580811 1.3405006 108.75257438407536 
Car -1 -1 0 526.4969171936988 187.57942178751168 585.3970204694683 232.4999055565941 1.4329935 1.5995567 3.9872885 -2.0433745 2.017636 26.52728 1.3514678 73.18806087122606 
Car -1 -1 0 20.408269597953353 203.52960684074333 242.02269974377825 346.7886513392575 1.5577844 1.6019727 3.7800803 -6.811903 2.1009233 10.745392 1.3187555 79.31046834771003 
Car -1 -1 0 347.95410178487685 190.87017219944744 389.65355835681913 222.94323084162542 1.5921586 1.661537 3.7358384 -13.299567 2.6412053 40.03022 1.3968138 31.414292901330015 
Car -1 -1 0 516.5672085113034 186.3053105210914 560.4310194366135 223.708016778873 1.4817309 1.57203 4.040084 -3.2320132 2.122777 32.252502 1.3768315 21.89568405358035 
Car -1 -1 0 730.1049745432325 170.7631321263033 830.5889553293388 215.79167525648367 1.599226 1.6019226 3.385086 6.414014 1.524967 27.11919 0.48101786 56.67105895262422 
Car -1 -1 0 503.10336121359035 184.3335284626346 522.8511089902762 204.23379849192324 1.54297 1.5763724 3.4067369 -7.9939723 2.522844 59.799427 1.4430618 3.359952231132664 
Car -1 -1 0 60.784379357996634 199.19182868692275 103.68252341804946 220.43843209991502 1.5173497 1.5976497 3.7400665 -42.725586 3.7279005 58.543232 1.2987766 1.450433298381564 
Car -1 -1 0 908.3962821640762 166.00542516665536 1010.8271352087769 206.65093804260428 1.4937876 1.5866789 3.8132796 13.736033 1.2420914 28.557098 1.3343418 1.7845180768622038 

