Car -1 -1 0 629.6856716806824 181.9867158688696 697.9118104132765 229.33756051189945 1.3966516 1.5990994 4.266075 1.732017 1.7324219 24.329144 1.4767889 82.91365181465846 
Car -1 -1 0 873.5779227451291 191.68836234830962 1242.0 329.7879620750725 1.4416003 1.596305 4.090393 5.5308685 1.6942794 8.734932 -0.07296129 104.1517667790996 
Car -1 -1 0 616.2840979190287 176.8679110677508 647.8822193486266 205.9316560981591 1.4930196 1.5045764 3.702608 1.1916409 1.7229306 39.455864 1.5411296 9.236417580247823 
Car -1 -1 0 239.97712236397516 184.87960507292914 421.6582803229579 245.4295858624521 1.4525347 1.6201943 4.020377 -7.0251217 1.7736835 18.451363 -0.003742086 64.24317138933311 
Car -1 -1 0 834.9250435535853 166.9202885534232 1137.427539638381 292.1919291958011 1.7697878 1.653787 3.8382518 5.6667075 1.6859586 11.139485 -0.06289809 63.68609188643406 
Car -1 -1 0 609.3142296244517 175.74560392302627 640.2216130785586 203.06901099417902 1.599918 1.584658 3.7298002 0.9007187 1.786201 44.568832 1.5032066 4.591809773749201 
Car -1 -1 0 410.01865039277715 178.9249487710956 496.46461605565423 210.82050067009922 1.5106281 1.6633278 3.9572845 -7.633851 1.8174493 35.50294 -0.067413494 3.989783009539201 
Car -1 -1 0 349.38839985176867 183.21555985432948 461.2944617245873 225.65400814038102 1.452373 1.5541381 3.572123 -7.331266 1.8401023 26.072912 0.08565586 6.120737584354016 
Car -1 -1 0 286.4105771474266 184.8403940281565 436.8584425492646 237.76233034811867 1.4508188 1.5674249 3.8357067 -7.142376 1.813787 21.005955 0.03134365 5.3663006088769745 

