Car -1 -1 0 701.8154364528284 189.6780332206219 820.7722268839659 275.0641390693308 1.5113707 1.6530042 4.3725014 3.1493406 1.9316282 15.829888 1.5615029 80.9547662307389 
Car -1 -1 0 731.9702869317308 194.8060675513179 968.65040034296 349.2309362155723 1.4488348 1.610059 4.4387627 2.8543985 1.810026 9.638264 1.552608 113.09318274936328 
Car -1 -1 0 234.56431598933608 206.43597812342364 452.3100069780445 344.67911619027495 1.4403427 1.646658 4.1123886 -3.5942569 2.028946 10.583357 1.5795126 100.78673666430963 
Car -1 -1 0 684.1987763459381 188.09819088762677 756.5561374217395 246.82115258911512 1.5148797 1.5677027 3.702274 3.1986995 2.0068126 21.43015 1.5671113 41.0811254264231 
Car -1 -1 0 440.44278479295673 196.06876572845422 522.0921024075026 257.687983714941 1.4876509 1.5526366 3.8136163 -3.5937557 2.219376 20.809591 1.6062832 64.37825273075302 
Car -1 -1 0 383.6273010359077 197.5711314277385 484.5689841941564 280.41244923739436 1.5330008 1.4789299 3.4291518 -3.7971518 2.14414 16.11193 1.5517776 50.278226832166105 
Car -1 -1 0 632.4785571443914 188.5107006427681 681.2011222193264 217.1573711498946 1.5395757 1.588427 3.5921302 2.7616758 2.5124924 42.877995 1.2260244 14.77037423223427 
Car -1 -1 0 599.2179151167434 188.42001324839242 628.5593124936566 209.826464331971 1.5505384 1.7152267 4.2910304 0.30609304 2.8455632 57.78077 1.423681 2.9048000401563177 
Car -1 -1 0 559.8243127888041 190.6169136098828 600.2668585207422 207.6011555720534 1.5668814 1.5801808 3.9532382 -2.9434052 3.397538 72.45664 -0.7285032 12.124723482459727 
Car -1 -1 0 889.8438922401727 168.86986325441703 1003.5342349385825 208.94765956867082 1.5291955 1.5641243 3.7906108 13.271222 1.377178 28.580584 0.14619723 1.1351106698533544 

