Car -1 -1 0 684.8831486993473 180.61108203966765 772.9828915753803 248.2461336223258 1.469262 1.5777482 3.9203348 2.8727558 1.6848432 18.08869 1.5756298 140.23853077568765 
Car -1 -1 0 82.23244472632382 198.5496378322784 313.1955826930375 317.1303597188384 1.4518883 1.6005648 3.6344957 -6.240807 1.9242817 11.444187 1.5664629 105.36802672543965 
Car -1 -1 0 364.7949029137953 184.6298082904465 451.91763158525424 242.82273477986826 1.588769 1.6466703 4.061607 -6.1700783 1.9904441 22.568916 1.5558482 66.57396090942271 
Car -1 -1 0 819.010663733823 161.78459440512853 1003.0062592890556 216.58160485852062 1.4686856 1.684987 4.468656 8.362533 1.172 20.25166 -0.03165748 87.04959309580293 
Car -1 -1 0 982.9071021898634 158.07793091018664 1242.0 266.88569924640916 1.5109466 1.6479816 4.231098 8.192054 1.3057604 10.953989 -0.052774098 87.27466759920367 
Car -1 -1 0 452.53289517919166 183.43775835922418 504.2045104996209 218.5057142705608 1.4829724 1.5852251 4.020223 -6.068944 2.0081182 33.770092 1.598421 10.695339003455691 
Car -1 -1 0 477.34513807590236 182.76208427629766 519.6501944803902 212.75502645528704 1.4987261 1.5696199 3.8652897 -5.995469 2.0655077 39.312893 1.6100125 7.69463344490648 
Car -1 -1 0 907.0500748865164 143.11345794219034 1170.297680458061 241.45761777513218 1.8074753 1.6896982 4.1639705 8.257942 1.2608714 14.135449 -0.014162171 41.72450999818786 
Car -1 -1 0 1150.5587353919077 143.32465994804713 1242.0 185.4319150422071 1.4987856 1.579401 3.9209175 22.41107 0.44770414 26.48142 0.004576687 7.437107199897907 
Car -1 -1 0 490.506601278855 180.88192463402007 526.8935949971412 207.79720994645575 1.5293334 1.5797666 3.8238745 -6.115138 2.0413876 44.087513 1.6013385 1.6721390497253157 

