Car -1 -1 0 10.337507501797173 197.87404244757795 292.2800486487529 344.17617303468825 1.4883504 1.5783801 3.534024 -5.8275356 1.8869853 9.721594 1.5613389 106.89374409366093 
Car -1 -1 0 730.6327242595801 179.71437475278404 879.8179646013303 273.0912194079827 1.4477215 1.576879 3.6867635 3.4345822 1.5925791 13.349615 1.513143 125.55792423436522 
Car -1 -1 0 321.5057729196872 185.0933654339247 448.8122204060588 251.80180115243996 1.4623647 1.6557755 4.2470093 -5.672011 1.8187187 18.814957 1.6665158 91.70425789006332 
Car -1 -1 0 663.7775476499618 175.66666838326836 720.1132453553748 216.96646780215409 1.4643023 1.5781522 3.7630134 3.0975075 1.5799747 27.758461 1.5256968 53.65119569938308 
Car -1 -1 0 691.2715394837965 179.33005100849755 787.1761721037517 241.74797591372027 1.4396902 1.6297278 4.0620356 3.3076034 1.630056 19.140854 1.5210664 55.21179255612146 
Car -1 -1 0 463.38577956356283 178.6063716506604 510.91013630390984 212.33256874874857 1.4623424 1.5324672 3.6817825 -5.6697774 1.7463965 33.774086 1.5906332 16.340796034972268 
Car -1 -1 0 54.132769392769035 187.37377872905154 205.92611801189406 239.9062952041335 1.555293 1.5986 3.8330948 -15.1093445 2.0339518 22.8366 0.079839796 10.608554014239227 
Car -1 -1 0 491.7623856152884 177.6273791003535 532.3308281897854 207.6319756609185 1.5274818 1.5419335 3.5965571 -5.2419043 1.7986417 39.15229 1.6227901 1.3220908397693432 
Car -1 -1 0 655.6597506797618 173.88876862066655 702.3749672251342 209.49823848298425 1.5501138 1.5388746 3.2623143 3.1465168 1.6001724 33.206818 1.4723805 4.207305585526025 
Car -1 -1 0 496.47142872104143 172.33905344501693 545.7767873320513 191.67855411209072 1.5368924 1.6445504 3.6344016 -7.1946 1.4959698 58.740128 0.35326713 0.3219797909259796 

