Car -1 -1 0 781.3771851402894 189.1811453290898 1115.5150858377826 306.0787944187953 1.4514191 1.5687108 3.9059172 4.5298157 1.6966014 10.01196 -0.020005383 47.994225305002445 
Car -1 -1 0 460.2769502908094 176.87106013014295 498.25012328109193 203.550672412972 1.6333807 1.6291726 3.6601017 -8.483263 1.9049748 46.780277 1.161489 33.13366880462505 
Car -1 -1 0 860.0032645682139 186.7913186228791 1242.0 347.4806037796376 1.4730217 1.5479453 3.4632878 4.6583652 1.6374391 7.6388197 -0.058031365 108.26349891084611 
Car -1 -1 0 1051.0663429133365 182.7951631599175 1126.1647630428906 210.65064748271536 1.5183575 1.6378238 3.692216 28.24314 2.1331487 42.67193 1.4163067 24.034092429622063 
Car -1 -1 0 1175.9789248794173 185.43090963697972 1235.3639459088154 229.94528543255208 1.4525104 1.5999155 4.01239 22.089067 1.9548256 26.76178 2.2614007 14.080129937098675 
Car -1 -1 0 45.82066989355903 170.25601663710876 299.43849102278085 267.5946925719512 1.7353474 1.6729143 3.870101 -8.28448 1.6890306 14.015038 -0.16985029 57.016987587892366 
Car -1 -1 0 0.0 178.24316537690507 245.99660655272712 287.0184606433409 1.5584433 1.6385095 3.8544083 -8.146774 1.65264 11.528322 -0.14178723 30.291796494545647 
Car -1 -1 0 139.2070807201721 175.96931341321803 340.4554926414705 249.66642575409992 1.5551963 1.5945582 3.8040776 -8.286072 1.6313988 16.486917 -0.20182118 9.472756469112475 
Car -1 -1 0 359.27203650632185 174.4896065673022 391.42611662631543 205.2957957512459 1.6040406 1.6114283 3.5118203 -12.866112 1.6983588 39.69058 1.2634108 0.26566341519355774 

