Car -1 -1 0 711.4884480444257 171.20466218044845 873.777496448967 288.16723530073847 1.594104 1.5755048 3.4711401 2.7548223 1.5716249 11.607728 1.5193828 122.12842613606028 
Car -1 -1 0 663.2695033534553 178.0668799546603 717.0110432722597 221.6899645926699 1.4047492 1.5499403 3.421647 2.7688906 1.60045 25.367023 1.5838847 74.82721236453754 
Car -1 -1 0 708.6548681442678 171.51929705575017 810.3210542848918 211.80786911077715 1.6479969 1.6952021 4.007093 6.2664547 1.593401 30.487513 0.06355524 29.68888640262056 
Car -1 -1 0 0.0 180.81367909148648 343.66630260916776 299.8664357981231 1.5211692 1.5943034 4.024807 -6.088307 1.644614 10.2664795 0.06372392 80.75776818430498 
Car -1 -1 0 313.20044451425605 179.53582117059918 469.4429523687313 231.82874725602952 1.4275615 1.5907323 4.004512 -6.1929317 1.6274068 20.745583 0.019755512 55.204885933901224 
Car -1 -1 0 120.93671495023435 180.6022941241286 387.64695906926573 269.9303887551621 1.4725243 1.5822086 4.017625 -6.23111 1.620661 12.920336 0.0418626 46.295635036076774 
Car -1 -1 0 355.24481369511363 177.46077316448424 491.2504277148202 225.94420817874774 1.4682064 1.579785 3.8855524 -5.8318214 1.6195042 22.85372 0.027691418 42.32298848811725 
Car -1 -1 0 629.1591868091898 172.41016413131325 650.8076374488417 192.9901301641563 1.6294067 1.7019624 4.1579437 2.5288315 1.5942659 59.25363 1.6308632 4.492937283802729 
Car -1 -1 0 392.5627386289614 175.09457958182722 503.2811328202355 216.2946557121729 1.5299706 1.5717525 3.877654 -6.210371 1.6197753 27.912018 0.117627315 2.1756398311958565 
Car -1 -1 0 227.80819879797755 178.96875508989612 407.8207611570812 239.92118614598945 1.436643 1.5882033 3.8553562 -7.1804132 1.5964849 18.01847 -0.025396463 1.325819761966445 
Car -1 -1 0 363.8588728461234 172.89900831702096 484.79817707041315 221.36829458431188 1.6339321 1.568887 3.79702 -6.432719 1.6355662 25.262234 0.08181548 4.405752216859057 
Car -1 -1 0 169.24735665901724 160.69286889074908 386.68020612276587 250.10053799962043 1.7689959 1.6552286 3.8211823 -6.846725 1.528379 15.201596 -0.051809724 2.1005540645013636 
Car -1 -1 0 416.8150759232946 174.7780629449587 514.4123080177756 208.9728504114212 1.4990549 1.6294562 4.0457244 -6.518958 1.5895821 32.851566 0.14414641 0.8425716267445378 
Car -1 -1 0 402.74007226315234 173.56829892333457 494.73015092045245 211.38916727877088 1.5471473 1.5625365 3.4776175 -6.79527 1.5785177 30.622435 0.17118277 0.2677433490753174 

