Car -1 -1 0 707.6957187824387 182.369823776002 880.0313068086983 249.55805782400265 1.4467359 1.573481 3.5562496 4.209867 1.6804764 16.765629 -0.09848653 117.84573859055425 
Car -1 -1 0 185.88484835251745 180.32670105745453 377.8481841336241 244.98423088015676 1.4840738 1.6190614 3.9732885 -7.918191 1.6771061 17.707537 -0.061965074 91.04702813386534 
Car -1 -1 0 681.5879276219702 182.66293538245412 837.2557974677106 242.484149958167 1.4747834 1.5752039 3.7272081 3.8855476 1.746323 19.035202 -0.08280742 23.26416698881637 
Car -1 -1 0 5.082372582733064 181.46437883587413 298.7122836050259 273.4312753490969 1.4706082 1.5793128 4.096689 -7.7730446 1.6294706 12.501106 0.010609275 63.96647528104263 
Car -1 -1 0 258.23779461062395 172.69178073592056 393.30340076985675 229.11951581502709 1.6821837 1.6067102 3.7027347 -8.79684 1.6773477 22.633474 -0.18099974 17.296618849707304 
Car -1 -1 0 459.5164858293256 177.13347773721557 491.26456293249055 199.2182931734752 1.6066918 1.657644 3.4300077 -10.2793045 1.9449791 55.13343 1.1606349 10.850226794681443 
Car -1 -1 0 219.59301336117045 175.4224003712507 379.1681965252299 237.70005298737763 1.6295382 1.6293708 3.7935135 -8.506649 1.7049038 20.071386 -0.15688498 5.727314071011785 
Car -1 -1 0 945.5842744301145 180.887936923163 1004.6355463731875 203.36970587680332 1.5255368 1.6123915 4.004144 26.590958 2.135319 52.627254 1.3250263 0.6268103476279192 
Car -1 -1 0 275.9625003795359 170.2199944275054 399.70744663107956 223.2996051028367 1.7497361 1.5925244 3.8629973 -9.319456 1.6629076 25.030512 -0.24767573 0.25456687808036804 

