Car -1 -1 0 24.010224531139848 181.49676374769084 166.4238032297169 227.3065246141041 1.4726883 1.6201748 3.9393656 -18.477158 1.8111825 26.129313 1.9640474 63.551241569233234 
Car -1 -1 0 775.5727655733473 170.97723042638975 846.2826256168017 195.27547193516375 1.4915895 1.614742 3.9624474 12.563808 1.3763806 45.151035 -0.025791446 41.84473534873442 
Car -1 -1 0 1077.3607999394521 163.5743420492402 1127.9029957081996 184.1988319699099 1.5972147 1.6265378 3.1701233 39.2807 0.8785733 57.556427 1.4382316 22.552282645616458 
Car -1 -1 0 0.0 187.00920672047337 86.13025956694949 225.30896661114775 1.4205858 1.5342727 3.6312175 -24.285263 2.051382 30.185658 1.9163427 11.388112328982988 
Car -1 -1 0 1032.6539368595647 165.98403573728265 1079.9670773515602 185.06534901229887 1.4770193 1.5351048 3.6279528 35.64518 0.94523853 57.66578 1.5708373 3.540021790458843 
Car -1 -1 0 304.0382384024543 177.11723550815896 378.47036067910824 205.99373519216 1.5547299 1.6580582 3.7453759 -14.983155 1.8012124 40.466698 -0.23952599 4.824583051511004 
Car -1 -1 0 1005.5473997206448 165.75647260346906 1054.0427871211245 186.03992788237102 1.5396535 1.6632146 3.758196 32.93701 1.0009022 56.66145 1.5863214 0.858922217114779 
Car -1 -1 0 833.4376582850318 168.71946251073882 871.4779472702667 188.0709487313166 1.5255058 1.647221 3.7373664 19.745512 1.1995739 58.796658 1.5078512 1.4965915103966723 
Car -1 -1 0 1189.482218820432 167.14072445877267 1242.0 186.06470603696715 1.46718 1.6622455 4.0792828 48.855495 1.0242283 58.103436 1.7668583 0.2990669906139374 

