Car -1 -1 0 807.9736785315733 190.9851488490315 1111.116290963829 289.53814209056515 1.4202222 1.5841191 4.1634593 5.513219 1.736119 11.6534395 -0.06116588 76.61823427551236 
Car -1 -1 0 628.5883493816739 180.67069365327447 688.3054205178254 222.5607261884563 1.4053109 1.6206838 4.4259706 1.7627718 1.7259288 27.324394 1.4902854 64.068236911259 
Car -1 -1 0 901.928648856656 189.2147288255055 1242.0 330.4489770990275 1.4790932 1.5934398 3.9178593 5.8026066 1.6975008 8.702032 -0.06913616 108.8050899984963 
Car -1 -1 0 331.8377082411523 182.3052579660191 467.884204187093 228.60549874883802 1.4541192 1.610543 4.0461583 -6.856557 1.7780575 23.87106 -0.026892807 26.888542212105115 
Car -1 -1 0 291.48842100504845 181.08766964199575 445.33672058888095 232.87923448334953 1.4551746 1.6011918 4.0165224 -7.045978 1.7079475 21.340832 -0.0048481105 58.582571485430826 
Car -1 -1 0 791.9310073609607 169.4626732969785 1026.2238634144026 266.2263732845228 1.7543086 1.6509838 3.8688912 5.699891 1.6928244 14.011835 -0.05494736 37.44094900748203 
Car -1 -1 0 616.6547407326111 177.43014740559983 645.1259318630268 204.08388748486385 1.4713172 1.511212 3.5507178 1.2136178 1.7504697 42.229008 1.5564492 4.230144059167275 
Car -1 -1 0 0.0 157.7426891446925 296.39389469661324 307.0671818726346 1.8981435 1.7039123 4.5174446 -7.020707 1.7060555 10.112759 -0.039688326 40.26311735052827 
Car -1 -1 0 652.5358097349833 156.97300492272583 690.4253103466001 194.82607986130543 2.6077666 1.8505062 4.647218 4.4149895 1.513696 52.12051 1.4587777 3.1097300582645806 
Car -1 -1 0 612.1146832324292 175.02407478625338 638.7556285113177 199.88599516711977 1.5636373 1.5451658 3.628383 1.0131127 1.7121612 47.54223 1.5342137 0.8972404667612688 
Car -1 -1 0 366.2560130809158 176.80188818574646 466.95585492376927 218.6092907601623 1.6355286 1.5678971 3.6459804 -7.7545576 1.7997181 29.194431 0.016426578 0.5461870388036967 

