Car -1 -1 0 0.0 182.506253518294 288.12382349287265 340.54440683795065 1.6656449 1.7325248 4.3252788 -6.229996 1.8298897 10.075743 1.5222887 122.00312553568213 
Car -1 -1 0 244.56064059577983 183.97607313865134 389.82186533063754 266.15902935558 1.5916471 1.6667392 4.1113243 -6.5148473 1.8790585 16.5883 1.5728158 77.78095855255552 
Car -1 -1 0 395.59487301668565 185.42361307819337 462.19352893624955 228.4746628816829 1.45259 1.6249043 3.8576956 -6.7766027 1.9641432 27.422335 1.5536005 52.54280240818532 
Car -1 -1 0 476.08117156338614 181.87367502879798 512.5553043581675 208.68607317770503 1.4517043 1.5179288 3.5127184 -6.667403 1.9990861 42.02163 1.5846951 7.794775687261385 
Car -1 -1 0 496.97972901467114 180.18003805546667 545.3665555686349 214.40222102780248 1.4294571 1.7734812 4.3384414 -4.000846 1.7893293 33.258816 1.5527923 37.97343806470802 
Car -1 -1 0 626.3800988263338 175.12544329498945 654.6712218409106 198.67285493377668 1.5258008 1.5945716 3.6907878 2.0674112 1.6859672 48.99711 1.5238162 17.68712281575556 
Car -1 -1 0 699.4309143827688 169.4929697935785 776.6896453297873 196.59207696999403 1.5509229 1.7315226 4.2811427 7.4770837 1.3585658 42.280437 0.056732386 10.304452974656899 
Car -1 -1 0 1077.433224274572 154.71159328797944 1193.217071282232 202.38551441015534 1.5210354 1.5876545 3.9663987 18.121187 0.9422022 25.097383 1.7150928 4.417641773868416 
Car -1 -1 0 1161.7691579397083 139.95861323456128 1242.0 172.5071731758018 1.4626203 1.5710373 3.5381138 28.318611 -0.017326087 34.253174 1.6004522 3.7720200427567527 
Car -1 -1 0 697.8487857225814 163.52663435678056 769.4598633077517 192.35522881360248 1.7685353 1.6625088 4.182958 7.7188597 1.1963332 45.114697 -0.0093799615 5.534517662801694 
Car -1 -1 0 866.6756561686761 150.95245691855476 910.3906903064642 178.20475163648644 1.905234 1.623308 3.7903287 20.187468 0.3740759 52.35958 1.5440547 7.306460872129568 
Car -1 -1 0 1026.7648618275311 145.72208192836737 1099.4260866607337 176.35277223743105 1.6685008 1.701904 3.942222 25.848377 0.19058329 41.281013 1.5786638 1.8463069183338097 
Car -1 -1 0 841.0385154102918 159.36424146224167 876.4867675499182 178.97184424055814 1.548906 1.5570964 3.7242734 20.28764 0.48327985 58.87195 1.5553346 0.2544682025909424 

