Car -1 -1 0 307.46498326267084 192.43598444701863 468.542132220635 291.5648346790813 1.4079149 1.7671201 4.448843 -3.8609738 1.8326046 13.393665 1.5346622 130.64466243156798 
Car -1 -1 0 95.4426642851361 204.1164842679201 315.90690950901984 308.41081814729336 1.3603617 1.5998449 4.080251 -6.7848077 1.9981916 12.678511 1.5676948 96.17606533978554 
Car -1 -1 0 432.0915899202079 188.71280487743303 506.7783998898128 242.43893630198525 1.4034195 1.5409391 3.4662755 -4.10789 1.9166709 21.612999 1.5781016 66.15988236631908 
Car -1 -1 0 637.1348307857864 178.09634073765935 677.3149465097672 212.04192642300583 1.4906672 1.587838 3.8584402 2.2077732 1.7534599 34.227524 1.5538638 50.985902363434505 
Car -1 -1 0 760.415427449233 163.50976132726996 886.622178591809 208.57303925023038 1.6501381 1.7213328 4.2630677 8.015559 1.3079684 27.28591 0.0017826769 29.46686361761486 
Car -1 -1 0 742.4706862587256 159.21708795112528 852.9372987954359 203.97425845991947 1.8206215 1.6719426 4.177883 7.850124 1.2659023 30.312775 -0.06123245 11.272229122661605 
Car -1 -1 0 714.7014986908997 168.25852914477744 804.5857090531762 200.86335367422927 1.5983645 1.6601015 4.2685013 7.5043306 1.3730836 36.379215 0.08476072 5.516541481350149 
Car -1 -1 0 487.29946285721377 182.85007379900733 518.5678309371474 206.5100108059886 1.5064749 1.5190182 3.8694246 -7.278005 2.2196493 49.53232 1.5861444 1.3405445676754302 
Car -1 -1 0 397.49532002356614 187.50449879422996 464.05926579113617 228.64872101083387 1.3801605 1.563452 3.8585277 -6.7285957 1.9780772 27.513971 1.5762025 0.40810835361480713 
Car -1 -1 0 916.5781367506808 155.20748387231345 970.3711501134035 180.73105836961102 1.4909326 1.5091648 3.4531577 20.262249 0.4601298 43.918465 1.5078866 1.1213786718141863 

