Car -1 -1 0 682.025183146262 181.7725613829171 783.7436335990176 255.94182474105057 1.450058 1.6316103 4.380859 2.7213492 1.6851285 16.825808 1.5728369 129.4663933535218 
Car -1 -1 0 761.9741648624736 180.46895069585395 895.3741767275395 232.84663448984358 1.4826791 1.6253084 3.6054692 6.5037503 1.7225467 21.72269 0.10987982 55.92523450635358 
Car -1 -1 0 288.35052205580774 181.46796350414982 470.55428992946355 242.3594210563649 1.424427 1.5980983 4.0844965 -5.6467123 1.651353 18.075459 -0.06636067 59.992606952781784 
Car -1 -1 0 0.0 179.78188860800125 329.57509384194447 316.2815338814995 1.4886744 1.6550128 4.2730103 -5.8903494 1.5821794 8.848982 -0.029207524 125.04138084726758 
Car -1 -1 0 111.2634579876535 176.24015052140822 374.843845867066 265.5802852018576 1.5463259 1.6004355 4.0999565 -6.674796 1.613264 13.408457 0.026891723 45.492030169634205 
Car -1 -1 0 669.1637680079875 176.9617138091976 738.529752342978 202.60268537899688 1.5812039 1.7232536 4.1550784 5.9250927 1.8461006 45.653214 -0.007445551 10.83446544751912 
Car -1 -1 0 412.37108867510346 176.13311497008812 517.9613822820517 211.97948520677656 1.4649892 1.6319222 4.2238245 -6.058987 1.608576 30.629858 -0.07166659 17.18599103822941 
Car -1 -1 0 0.0 179.90597206340448 298.4224462143281 285.4212538756801 1.4915112 1.5845448 3.82728 -7.083677 1.6095929 11.199509 -0.047520272 20.807022985505796 
Car -1 -1 0 172.99817704066092 172.06605922042175 375.7035637869312 247.65197748438206 1.5452566 1.6110039 3.7073302 -7.1876655 1.5291481 15.783778 -0.1264659 19.277070521943646 
Car -1 -1 0 380.4862361017959 175.02981991619168 498.1446744241111 214.42028014774817 1.4803073 1.6193382 4.2910905 -6.5773945 1.5684074 28.220524 -0.087934315 7.439530027425909 
Car -1 -1 0 451.6613452585448 169.43517872469315 532.5819681276106 200.7810272123797 1.7083744 1.7089008 4.352616 -6.5113535 1.5220456 40.363945 -0.086632445 3.86317754593958 
Car -1 -1 0 449.01157575354483 175.96565542091918 534.5003695927627 207.8668208806773 1.5184941 1.5920465 3.9083464 -5.726322 1.6745424 35.34677 0.02163261 2.942627814290454 
Car -1 -1 0 701.1737530969358 174.60428784546733 786.7008434195031 206.70682599563992 1.5554963 1.6123658 3.910986 6.6743984 1.6452789 36.03971 -0.08660246 0.9237023249443427 
Car -1 -1 0 740.8782318167189 180.0452151184995 856.9352485510068 223.34188779396257 1.4799393 1.5958843 3.7342792 6.8096056 1.7508376 26.101305 -0.15670115 0.2758601903915405 

