Car -1 -1 0 676.0833633288354 179.82832308352184 781.9268695112393 254.74858162020172 1.5026724 1.641366 4.2422943 2.6651244 1.6880234 17.024094 1.5316389 102.22483481404711 
Car -1 -1 0 780.7837837104553 193.86871734130546 1111.072922259379 375.0 1.4072711 1.5302124 3.4114604 3.0138743 1.6703061 7.2694855 1.4902046 118.64338440746828 
Car -1 -1 0 661.4731370720161 179.00871346900695 715.8244510450027 219.71750215338653 1.4196762 1.5397816 4.1627064 2.9805145 1.6755791 27.899282 1.5442001 39.727558626243486 
Car -1 -1 0 0.0 192.63873667541927 319.0568202464911 305.8302137942213 1.4271255 1.5699382 3.8376098 -6.388905 1.7353354 10.32814 0.06722779 68.22757048055394 
Car -1 -1 0 95.45065669947823 185.171730808349 364.6890119538791 277.93199346555497 1.5027883 1.619876 3.9289238 -6.578656 1.7356011 12.777673 0.02554093 37.26064897957727 
Car -1 -1 0 325.9697521746675 185.33941463632203 483.8531691337447 238.3828351041677 1.43016 1.5933945 4.0879545 -5.838542 1.8069601 20.835941 0.07090905 71.99782394911304 
Car -1 -1 0 186.39010344730735 177.11487076845017 400.60691276693143 260.69905615294937 1.6377497 1.5945126 3.8190775 -6.542714 1.7327607 15.160845 0.06973565 41.63388381400651 
Car -1 -1 0 341.57004495849975 180.99696102450315 473.72296744931015 230.04242335576612 1.5195825 1.5892618 3.8436327 -6.4796143 1.7928066 23.414818 0.00031969443 13.924507282349525 
Car -1 -1 0 642.1346025022037 173.10760227973773 672.8445995060595 200.91945415127822 1.7395632 1.6638434 4.031846 3.092822 1.7568666 47.199467 1.5510044 11.261567706678013 
Car -1 -1 0 366.90564662855485 168.237813735105 480.9347396960936 218.8901282178063 1.7555289 1.6370304 3.654036 -6.5900054 1.5955391 25.855953 0.016528372 8.811126206129854 
Car -1 -1 0 517.1097938516783 177.64910047705104 545.5760543080995 202.5183417799267 1.4770967 1.564872 3.5688057 -4.882984 1.7907398 45.376022 1.5238832 0.2910799980163574 

