Car -1 -1 0 215.88013051875723 182.8923672044787 425.158081050464 318.0818991272192 1.7134397 1.6346675 4.1488867 -4.3241286 1.9030273 11.541009 1.5854189 125.16897558636985 
Car -1 -1 0 705.9346234269289 176.82755972707915 843.0248476200226 266.14262486888117 1.5223911 1.6349859 4.1682 3.1456358 1.6145409 14.610317 1.5203028 81.23245539308006 
Car -1 -1 0 756.0950996541443 178.19383518305932 1021.2519780543334 348.0209770939206 1.5340981 1.6353165 3.7601411 2.9557552 1.6112115 8.528328 1.5565627 96.74443038969271 
Car -1 -1 0 504.777594759528 180.92387677580908 532.0173172336926 206.22907945252047 1.518009 1.6093621 3.9795892 -5.8549795 2.062718 46.648575 1.4800082 8.84379700530785 
Car -1 -1 0 579.6776682137784 181.46428557937514 604.7068811824124 199.70059756169033 1.4944794 1.5471389 3.4743931 -1.536968 2.2655184 62.750763 1.3565245 4.96957793388702 
Car -1 -1 0 626.3006862319664 178.57395442367795 659.8809297397942 205.0192910722599 1.5176094 1.5108666 3.388443 2.0050664 1.88001 43.94371 1.4535203 8.376814247339093 
Car -1 -1 0 647.0937260932017 176.95915140802694 692.7848628464228 211.31769230119542 1.5540786 1.5768853 3.6576815 2.8724787 1.7639189 34.985817 1.4738297 2.554588544071285 
Car -1 -1 0 651.7829516405313 173.36535794923523 697.5017879548479 218.632651112977 1.7370236 1.6012874 3.9782486 2.618792 1.7595189 29.737072 1.5904948 2.4127047649297997 
Car -1 -1 0 563.6064120948643 180.9105407429192 584.1689017671575 196.84338555703224 1.5244193 1.6116389 3.7442937 -3.634614 2.3620026 73.02811 1.3927678 0.25411465764045715 

