Car -1 -1 0 555.3402795608973 175.96560320985247 623.677071037848 240.16724994138457 1.5746582 1.6775637 3.2481208 -0.47381163 1.3477833 19.275707 1.5458208 63.99853751233469 
Car -1 -1 0 411.75353956962385 181.8227478415746 514.0460486003369 251.4272215075314 1.4546319 1.6344807 4.35921 -3.2994738 1.3837242 17.214493 1.556009 82.72408019792455 
Car -1 -1 0 259.59517981734473 192.13473321219226 469.04732229363856 314.3811759232148 1.3534753 1.6470156 4.4817963 -3.2103348 1.4761003 10.477623 1.5434837 96.11397862529442 
Car -1 -1 0 269.8976621451512 178.83635885082327 375.7821524886914 238.11445035127068 1.5149606 1.6353565 3.5649428 -7.847372 1.3519249 20.174059 1.5457742 76.2292107375164 
Car -1 -1 0 514.6188412288905 176.95296680018717 562.9319288100133 211.49754487694725 1.5192055 1.626696 3.861471 -3.1350393 1.1558261 33.598633 1.6434753 10.082507343410917 
Car -1 -1 0 250.1167825979164 180.6758100739159 321.53806059195455 219.8668416544245 1.4483777 1.6114057 3.5945055 -12.62575 1.2805977 28.45177 1.4433112 8.122036609373755 
Car -1 -1 0 343.2764348217847 177.8440836755312 397.04646179654486 206.63367941053878 1.4802564 1.6672815 3.9020467 -12.7606735 1.1012348 38.922356 1.5581737 20.30496982957813 
Car -1 -1 0 394.7143913933548 175.7270726645215 452.7256201558917 211.58629218092065 1.5143005 1.5927618 3.7598596 -8.155325 1.1136049 32.24827 1.5858016 9.765420960144722 
Car -1 -1 0 467.6225039507101 174.52917023674453 535.2155295326708 225.36666923330122 1.5767559 1.6466204 4.1263733 -3.4887538 1.2453067 24.366795 1.5804508 22.814238348826755 
Car -1 -1 0 451.91937514088363 171.94777022076724 485.5705395038459 196.3267237861107 1.4709663 1.6130319 3.8502507 -8.687392 0.67041206 45.346886 1.506637 2.497958310700383 

