Car -1 -1 0 820.6621861188601 184.26389153437918 1112.8068813034927 282.18123417821533 1.4592913 1.6500049 4.011077 5.7299423 1.6615093 11.876736 -0.043334033 124.15060563296191 
Car -1 -1 0 644.291567654341 180.7702303939873 700.5021307320349 223.4568810466298 1.3935089 1.5844842 4.0475116 2.2178173 1.705172 26.360401 1.5407431 47.36334451272135 
Car -1 -1 0 53.5878148236318 188.12213776274322 356.73040213607004 284.0437020661693 1.4101471 1.5662498 4.0135202 -6.361895 1.6732688 11.6464 -0.0025009813 54.45484058155662 
Car -1 -1 0 289.56617643530194 181.31296953164212 458.9645525636882 238.4729264220768 1.4944267 1.5995367 4.1585717 -6.4165764 1.7381451 19.950632 0.018549895 85.01763100872516 
Car -1 -1 0 639.2866222866511 177.718833801351 678.4467900134282 209.8395685587612 1.4676255 1.605263 4.224655 2.3846722 1.7228374 35.731255 1.5597622 8.465136716881256 
Car -1 -1 0 0.0 189.4717197010447 279.1655923960439 320.29685909104296 1.448858 1.5785214 4.054801 -6.5730023 1.6800067 9.12892 -0.059037693 29.59409199827723 
Car -1 -1 0 369.0122516284889 173.64729016307894 492.6340521808024 220.21074053078857 1.7005931 1.6482539 4.2477636 -6.693001 1.7315695 27.27867 0.03411653 27.9697938186934 
Car -1 -1 0 552.1210418731056 177.24982052024046 575.7820728425188 199.11184770956046 1.4397708 1.5820479 3.690305 -3.1875706 1.7570343 50.178837 1.4986137 3.8678415326044284 
Car -1 -1 0 623.4623665789535 175.96394547759644 648.1149592709523 197.66142786473677 1.5517923 1.6067023 3.9166255 1.9353807 1.7937164 54.15004 1.5444448 1.9832018329526002 
Car -1 -1 0 453.32899384695173 174.97707086501936 526.6856746114198 204.09953377814972 1.636142 1.6889069 4.0455656 -6.8547153 1.7616918 41.67539 -0.07492633 1.1195308804019828 
Car -1 -1 0 475.90421593460275 180.37238203482872 516.2317978143277 214.36791524820114 1.4560752 1.5943952 3.8416233 -5.2551165 1.8285209 33.7622 1.4861026 0.3009337782859802 

