Car -1 -1 0 360.790641022488 186.92948074430484 426.0457613729207 223.50794725724973 1.3762689 1.5909638 3.6029205 -8.549388 1.4497766 29.02488 1.5619998 33.02503800307711 
Car -1 -1 0 476.02725739014545 185.3856880023187 521.8657642566675 219.6775905429286 1.3926549 1.5090783 3.6188912 -4.61549 1.4004261 31.037672 1.5488653 26.024284726753766 
Car -1 -1 0 577.730390126625 181.17696729368882 607.5448147978797 208.45041317658382 1.4685044 1.6060915 3.7115197 -0.84029675 1.251044 40.58529 1.540291 13.788476578853125 
Car -1 -1 0 406.1567143788594 188.8108483966857 493.6919178917031 245.68675185301709 1.3963062 1.5865015 3.8661146 -4.2203574 1.5051666 19.829828 1.565794 70.81654669737033 
Car -1 -1 0 399.78853814161647 181.21159418741323 435.25153917352117 203.89216127512748 1.4938723 1.5744659 3.701943 -12.9423 1.230139 49.22669 1.5339622 5.469480457925758 
Car -1 -1 0 421.6180050862032 182.0106459074556 463.6282846544778 211.983360884364 1.5836586 1.6246829 3.6677892 -9.0678425 1.4143143 39.847286 1.5302374 4.659256608857559 
Car -1 -1 0 454.02071015192894 181.22523660344297 480.87589093503675 203.89727997994558 1.4507596 1.5556456 3.9640284 -9.384971 1.1954143 48.110374 1.3255775 0.3741258382797241 
Car -1 -1 0 678.0525712250727 179.541757802586 711.1651989192521 208.4659240271267 1.5511044 1.6122739 3.560002 4.86734 1.2468303 40.370926 1.625095 0.5541209844096432 
Car -1 -1 0 496.03211335985435 182.38194586016775 532.7582085010597 209.6719716553792 1.4875355 1.6038187 3.8240857 -5.2563076 1.3330722 41.0962 1.5713818 0.5342863238979261 

