Car -1 -1 0 711.5341706502645 184.04661376505345 896.3721369160799 306.92019522012373 1.4626151 1.6614845 4.4787345 2.7413588 1.6717248 11.238755 1.5680822 154.67699132568356 
Car -1 -1 0 367.0886085052282 176.65045501679853 499.02731685597246 220.0632545392355 1.4392664 1.6173167 4.221468 -6.0342245 1.5757968 25.016298 -0.0591892 33.31785170352149 
Car -1 -1 0 803.0871629258725 180.72086785344695 999.6349643356625 250.17522352239376 1.432704 1.6074796 3.7802877 6.3837953 1.6195731 16.126366 0.11370742 66.83289998744797 
Car -1 -1 0 136.06318636840462 180.35616951486864 411.44432173638415 271.6389832852983 1.4463432 1.591209 4.007188 -5.6302657 1.5850545 12.459155 -0.04336779 93.75798733656988 
Car -1 -1 0 725.766464444556 180.64039289983504 831.4811958244446 219.2531616981208 1.4285564 1.5472531 3.6960497 6.506813 1.7401717 27.968565 -0.07377679 23.209509624817095 
Car -1 -1 0 410.7699119476333 172.91959809243323 518.7343149590154 213.10030131462227 1.6068679 1.6415198 4.1183705 -5.8964424 1.6096429 29.691162 -0.0061463974 25.636049298044096 
Car -1 -1 0 679.5022061851671 176.5251725179866 751.4992468272044 205.36544335127607 1.5519102 1.6894209 3.6948092 5.833432 1.7600849 39.988594 -0.044699043 14.727135120109603 
Car -1 -1 0 715.6435774096268 176.58697872641721 811.6370584522379 215.53193172422303 1.5743778 1.5949582 3.645511 6.406753 1.7353141 30.222612 -0.04820719 23.584539529481834 
Car -1 -1 0 321.6715322415927 176.4352495725586 471.5312547976181 224.89093982643584 1.435364 1.6212434 4.2756214 -6.5522566 1.5525194 22.565569 -0.10907616 18.69108289767404 
Car -1 -1 0 486.17673064390596 175.0776713886264 551.3838444295625 199.2222502067698 1.574096 1.6352282 4.0691795 -6.037823 1.7257619 48.21813 0.088670805 6.7469089832501625 
Car -1 -1 0 0.0 169.52473861727967 257.7035546728193 291.64154259165093 1.5610175 1.5825057 3.5016243 -7.088339 1.5184596 10.158933 -0.084099606 18.29692072520291 
Car -1 -1 0 632.4276966062449 176.27351561833865 657.0993658660149 196.68228795550655 1.4648826 1.5883845 3.747748 2.618398 1.7312639 54.315994 1.5472292 4.119361817120995 
Car -1 -1 0 428.4403972247147 169.97261106474826 521.2716476424467 206.0615641439207 1.6841121 1.6715478 4.242361 -6.410099 1.5496502 34.68512 -0.085636936 5.45712839683527 
Car -1 -1 0 776.6223662754295 179.5893135391452 930.5439014601227 235.84144516056364 1.5169708 1.6167561 3.823338 6.837226 1.7157648 20.475433 0.006557524 3.934966189016159 

