Car -1 -1 0 0.0 208.1585956217091 267.42244951237325 373.46342962056366 1.4588478 1.5788646 3.8236208 -5.9951935 1.9987208 9.111257 1.5571566 122.99306050084022 
Car -1 -1 0 207.344470782708 198.87203880912804 367.7551195545866 294.4694954086687 1.4694091 1.5184104 3.5904596 -5.992528 2.0348673 13.877079 1.5586369 100.96091991513097 
Car -1 -1 0 331.65460140367605 192.24735285476723 438.1893758130343 254.55365505125235 1.4216374 1.6464072 4.23071 -6.040249 2.013621 19.904238 1.5641688 83.03298559775605 
Car -1 -1 0 415.1445659092631 190.1338426854674 487.31422541772514 233.21990526905114 1.40763 1.6342976 4.2406054 -5.9215746 2.116899 27.459503 1.6183741 52.290409322564834 
Car -1 -1 0 911.2833594642541 143.79053477374487 1143.7829186867536 216.19370732195725 1.5045345 1.6567527 4.138203 9.036508 0.900597 15.832971 0.0053582243 119.16521090716068 
Car -1 -1 0 678.7589196136677 174.22041797980174 756.4900033841468 228.8669540644906 1.4870156 1.6262591 4.18353 3.1612694 1.5323975 21.851887 1.5448985 37.434778369354426 
Car -1 -1 0 665.6612281923136 173.84828996934579 722.3273460090296 221.4129052635794 1.6590064 1.6354644 4.2298503 3.1204276 1.6996477 27.373928 1.5659933 39.38757640410637 
Car -1 -1 0 895.7646813804616 142.80257430972276 1074.011116987234 210.21108083206917 1.633873 1.6109728 3.6969395 9.439626 0.905475 18.3297 -0.019182976 30.235504226321837 
Car -1 -1 0 486.49149912539497 181.63069179690856 533.090808340946 211.67307592805727 1.6209741 1.6014032 4.266758 -5.8060465 2.1644816 42.456894 1.7128453 12.761287812921283 
Car -1 -1 0 789.9948874125033 161.55075590452836 941.2519331283306 208.12039642858466 1.46578 1.6934404 4.3416348 8.275093 1.1100101 23.572056 0.006885435 33.44220288129246 
Car -1 -1 0 848.627893923775 152.84186611352473 1002.3694424716117 208.56670798182415 1.5332539 1.6085739 3.7104487 8.987799 0.98262537 20.70911 -0.028155256 32.60889856599654 
Car -1 -1 0 651.8155079608963 177.477829446949 696.1746466626216 208.9525892681572 1.5013158 1.5751561 3.8517857 3.2473736 1.7511779 36.996464 1.4723803 5.036062793282036 
Car -1 -1 0 455.6916900019365 186.76622415469376 507.16647576811766 223.06447332047088 1.5101309 1.5465915 3.6785586 -5.8557124 2.1890988 33.335823 1.6241403 2.336242102158793 

