Car -1 -1 0 721.4475403948148 190.50300757932766 907.635844576327 308.1429947202659 1.4126712 1.5579422 3.4422445 2.9136856 1.7255132 10.996248 1.4653392 105.68298012337772 
Car -1 -1 0 657.5064053263338 182.50396477340362 738.9199873206554 242.62680578028764 1.488519 1.6128093 4.303787 2.4311993 1.7953861 20.755653 1.5213457 92.32785976695907 
Car -1 -1 0 355.1025178943687 186.7959457906442 492.9638189723838 231.8062865464678 1.4282942 1.6191314 4.231448 -6.2296314 1.9198087 24.46729 0.07707801 59.2263065012644 
Car -1 -1 0 0.0 192.56605849254294 283.3435417601179 320.9111975170156 1.4583777 1.5619168 3.7915204 -6.4595227 1.7366791 9.325196 0.042991776 70.36183826398101 
Car -1 -1 0 200.09380351259435 187.460629150461 406.2080746849686 259.22289734508615 1.5065336 1.6275157 3.9792402 -6.8212833 1.8548348 16.35046 -0.020774584 40.80083935335231 
Car -1 -1 0 145.17926385099472 189.45815719621146 384.2183772759779 271.66899553352755 1.4480608 1.584424 3.8649347 -6.5311337 1.78807 13.915752 0.03504482 48.92210219563747 
Car -1 -1 0 261.73999827907386 183.05875604986267 432.26313243214344 246.06052553580068 1.531245 1.5935344 3.8598504 -6.7616982 1.8103876 18.790302 0.07909784 32.68885452916534 
Car -1 -1 0 367.70066481829156 182.4270689348172 483.0638353912048 225.30666899055615 1.5327404 1.5961885 3.9138255 -6.8211594 1.9016037 26.98013 -0.012098064 9.4927273592607 
Car -1 -1 0 40.02821204735956 194.24240455026668 332.8027132808426 294.13791059901365 1.435271 1.540879 3.800017 -6.622654 1.8017602 11.541239 0.027437178 32.18746113507546 
Car -1 -1 0 649.6768011294467 179.66139399770248 697.5468247499299 216.87852781244152 1.4834253 1.5893435 4.1324553 2.7393022 1.8014829 31.618647 1.5350157 11.387245727943732 
Car -1 -1 0 633.6316020862504 177.6184421078717 660.544977738069 202.35553907691013 1.6545291 1.6232694 3.588373 2.6076581 2.0017543 50.771385 1.5467099 3.951668928665292 
Car -1 -1 0 394.815062210943 174.9556609560675 494.5618293170392 218.59732889991784 1.7231026 1.6416988 3.6750338 -6.6740627 1.8113912 29.441662 0.026620826 0.25777557492256165 

