Car -1 -1 0 632.0219096209353 186.44604817345476 675.3104054805134 218.8018781802629 1.4730959 1.6235859 4.109448 2.1866894 2.2051 36.74311 1.4868609 34.64854707975433 
Car -1 -1 0 893.5225993838196 193.17138127452182 1229.771928012673 311.16046805753916 1.5025223 1.5671977 3.8111875 6.284523 1.8183949 10.352079 0.043436807 37.98833482795601 
Car -1 -1 0 729.076039467856 192.32535324250017 884.0447660494696 244.25083043618827 1.408974 1.5888162 4.1038246 5.727834 2.00738 21.23069 -0.0740662 46.23728512100592 
Car -1 -1 0 830.0280910671431 194.11049303021994 1066.8616176926487 281.87293112641504 1.4693942 1.5592971 3.6575327 6.151617 1.8876115 13.344601 -0.039642576 55.46599919780586 
Car -1 -1 0 89.29913096158033 189.20474392652537 365.52551403931125 284.9580293477032 1.5215569 1.6495695 4.021446 -6.5917044 1.8304763 12.706882 0.050558075 45.243082886937195 
Car -1 -1 0 0.0 194.9768059243391 319.0718356027131 313.62879972074876 1.4839451 1.6250577 4.0905623 -6.466604 1.8213335 10.16958 -0.010707016 69.3198901862642 
Car -1 -1 0 212.62836068015412 185.21859308299506 418.3746170415823 259.5586200996438 1.6283487 1.699123 4.223038 -6.8540983 1.9404042 17.178844 -0.08768348 61.56669218401543 
Car -1 -1 0 760.4793494572698 191.0822680647184 932.2625720379006 254.8621701995382 1.4896839 1.5908768 3.835401 5.9493475 1.9775429 18.355145 -0.08534018 42.75187410277244 
Car -1 -1 0 805.8684920581544 191.3487689830524 1006.1040505447764 265.15733959801844 1.483938 1.5855111 3.768795 6.4397125 1.9151331 15.896449 -0.07174742 19.246157880823013 
Car -1 -1 0 402.27658991480627 187.72744408308236 502.3634640385554 224.21611487703237 1.4943936 1.6031549 3.9499688 -6.707422 2.150825 31.029797 0.0067499042 24.193330821651834 
Car -1 -1 0 728.4906245016526 180.4890630727383 862.5275110253375 236.9138187998981 1.7485846 1.6766467 3.9147217 6.0090694 2.0081706 23.57537 -0.061132573 17.710580806939795 
Car -1 -1 0 422.94571331540357 187.500466755119 516.7992345327776 221.23561077597054 1.4967368 1.6111598 4.0423827 -6.4523344 2.195621 33.58695 0.018392738 9.052766735628762 
Car -1 -1 0 614.8035859984922 183.01230105299933 646.2400689151385 205.494146716352 1.498274 1.5494735 3.8565152 1.4705687 2.258211 51.948753 1.406271 2.65237770477479 
Car -1 -1 0 262.61377823039754 177.44155169618597 442.3428211743485 247.28575187103252 1.8078603 1.6709309 4.328892 -6.9131184 1.9391947 19.727486 -0.04360751 9.236494400072297 

