Car -1 -1 0 657.1476123332392 178.4741400803711 724.7129363401815 236.14086067693242 1.7673365 1.6943913 4.258882 2.6861982 1.9764576 24.690805 1.5367062 75.96973034931622 
Car -1 -1 0 273.32191505297254 185.88716185011506 444.2204680534454 247.39430691096052 1.5524311 1.6173285 4.039653 -6.6705785 1.9193759 19.446962 0.029417137 62.904459715187144 
Car -1 -1 0 357.78723435109606 188.59285842921332 485.6908308563446 235.12952267240456 1.4573154 1.5755064 3.8496017 -6.2558484 2.0072412 24.233665 0.100737475 20.86345073830044 
Car -1 -1 0 399.3171231408287 183.8364791764995 495.1046138493709 226.25991823404934 1.6120555 1.5742767 3.5534668 -6.4262347 2.0651965 28.836319 -0.08468068 18.695398489907188 
Car -1 -1 0 316.78443255822856 187.75176038061295 473.9428037622372 239.9928603924934 1.4829371 1.6223269 4.2583666 -6.3744535 1.9492861 21.767694 0.003598685 16.40747119380294 
Car -1 -1 0 644.7066153792891 184.48094298603695 683.9871137276252 218.07151462868393 1.5066085 1.5906622 3.7376401 2.6486678 2.109748 35.547302 1.5539318 8.739018971924597 
Car -1 -1 0 412.10978389455437 186.65898429257084 513.149376442833 223.6001288100994 1.5153098 1.617759 4.0962563 -6.2923155 2.1303804 31.219276 -0.05902794 3.56802195167535 
Car -1 -1 0 489.7867499408929 181.97825955602423 527.2523627260143 213.06882966453742 1.5641696 1.6083816 3.7183719 -5.4521008 2.0846803 39.282505 1.5454117 2.6505278714311484 
Car -1 -1 0 19.708216617866583 187.87333108337046 324.4138835869529 299.13147561303765 1.489023 1.5538529 3.566802 -6.3232703 1.7296019 10.720171 -0.034162614 0.3544807732105255 
Car -1 -1 0 666.034740036136 174.48194085591996 704.4606262549262 187.99449389208516 1.4572647 1.6140064 4.1372232 8.26182 1.6376733 79.00316 0.07409784 0.9098819241287077 
Car -1 -1 0 480.6408662210305 179.63061849388077 544.9024327069558 205.47107231588132 1.7772784 1.712486 4.286479 -6.807306 2.26494 51.01371 0.025160829 0.877956833904116 
Car -1 -1 0 767.1723775054959 197.11807064321187 1023.0773334944706 348.9904181520474 1.4647498 1.465957 3.0622127 3.4015608 1.8292285 9.165921 1.296051 0.30377939343452454 
Car -1 -1 0 183.3169889250153 187.14851333833371 406.63416549107643 272.69874383545806 1.4857366 1.5123522 3.5431602 -5.798508 1.7702917 13.578274 -0.016378257 0.2572786808013916 

