Car -1 -1 0 125.11718652064404 186.7065450110988 339.8401580320487 308.05514145304664 1.4800379 1.5192971 3.4036064 -5.445481 1.7224184 10.908518 1.5511991 123.29805271567471 
Car -1 -1 0 744.0031078620684 180.65227790904106 907.5067442799432 286.76703777966827 1.4434059 1.5647938 3.5609345 3.3577082 1.5911355 11.873579 1.5516083 85.3175728029889 
Car -1 -1 0 809.6475925230988 183.95806049088006 1242.0 375.0 1.4816935 1.6151146 3.9394379 3.2238374 1.6107321 6.3696833 1.5099242 110.27217649115536 
Car -1 -1 0 276.19933787416926 181.24695101580352 417.77715434250496 264.4585862874793 1.516958 1.6150719 3.857534 -5.443323 1.7194724 15.47688 1.5763081 88.11851300843051 
Car -1 -1 0 477.17644279370506 178.0706007261717 529.4224597719493 202.04004539676137 1.4175042 1.5733328 3.642721 -6.7177944 1.7594607 45.397697 0.87158155 26.599916465616058 
Car -1 -1 0 278.20923444377627 178.54334910990556 323.129568531929 213.7514815522643 1.4695896 1.5255529 3.7734876 -13.979471 1.7442384 32.802288 1.2615077 1.5352538031353535 
Car -1 -1 0 683.5855188218892 172.27503059957863 733.814395357568 189.27854099364714 1.4221418 1.6039388 3.9349546 8.437633 1.3737175 61.512283 -0.1928701 2.545649942260279 
Car -1 -1 0 581.4466018991245 175.0410035218632 636.5245921764108 194.46063255606785 1.5140853 1.6226982 4.233012 -0.031089902 1.6966774 58.450176 -0.54487014 1.3665722105967655 
Car -1 -1 0 633.9674614812252 170.5133828478985 674.1726815896375 187.16522299745122 1.5494231 1.5949972 3.741243 4.201277 1.3316326 68.062935 0.06933449 0.25455164909362793 

