Car -1 -1 0 681.7612625181366 187.79340893731148 779.536576606668 263.1610849722258 1.4784033 1.5861359 4.116259 2.7201254 1.8738949 17.036697 1.5625415 85.44387683316673 
Car -1 -1 0 336.542621460023 198.426309399871 499.1900406406978 316.830392143633 1.454762 1.6263238 3.7118547 -2.8530102 1.9292153 11.527622 1.5665556 99.49487906524419 
Car -1 -1 0 515.081476593685 189.72781936799007 560.9926979736027 230.74679564315696 1.4912074 1.6154549 4.0160446 -2.902304 2.2386382 29.930824 1.5427159 34.79395861906278 
Car -1 -1 0 419.2957544492772 191.95620189391494 522.2357915089839 267.0448449459163 1.4514972 1.5859663 4.1106405 -3.137191 1.9580555 17.066711 1.5861602 47.1646454867887 
Car -1 -1 0 630.5043410542007 184.19597827546292 655.7493202897646 207.85724723289331 1.5370798 1.4920001 3.7183754 2.319761 2.361301 50.55435 1.54216 13.965872052328159 
Car -1 -1 0 645.5313259186689 177.99500098876518 693.5801931470821 224.11501941065788 1.9009683 1.5851166 3.6645846 2.6054602 2.1427019 32.0437 1.5003334 20.649749518343736 
Car -1 -1 0 666.92649425553 188.63298796155695 736.5869815271698 242.69139463393 1.4528809 1.5581995 3.9399502 2.7874112 1.9895844 22.549006 1.5396923 28.351129356150693 
Car -1 -1 0 652.4777725654645 187.80657298018392 707.7228781894598 231.38013377680488 1.4657637 1.5326858 3.8106482 2.6225247 2.077065 27.552721 1.5141053 32.39657952725053 
Car -1 -1 0 546.144464738257 187.7740987559829 578.3910237134946 216.762267963225 1.4758316 1.5251831 3.4911573 -2.6024914 2.345437 40.298218 1.584701 4.4319084938021245 

