Car -1 -1 0 772.7162015753617 196.35208025518324 1146.2708040606165 375.0 1.4062519 1.6029902 4.237732 2.9881248 1.7130773 7.2778497 1.5385481 99.1673892788903 
Car -1 -1 0 652.7596486953353 176.41699303758705 716.7669125936854 229.7532730878723 1.7850055 1.7268946 4.368637 2.6840994 1.9276416 26.664742 1.5265367 69.77485977577834 
Car -1 -1 0 311.2483337194596 182.68611193211302 460.04650410696405 238.35190889073806 1.5589769 1.5822022 3.903751 -6.550795 1.8614931 21.353493 0.028769728 44.57635783557458 
Car -1 -1 0 643.4639577800926 182.6573047704306 681.1169138398712 213.49674989463307 1.4774181 1.5737356 3.6248746 2.6994739 2.012918 37.574642 1.535661 8.198755653913897 
Car -1 -1 0 633.0215202359117 181.28208588827738 661.3004368563857 205.225738318263 1.5430236 1.5780189 3.5843248 2.5515072 2.1439874 49.618404 1.5187311 5.3148391691962855 
Car -1 -1 0 412.6983267921941 176.02090077767636 509.43206852425686 216.0371559101869 1.7831314 1.6459851 4.15506 -6.774083 1.9329375 33.214237 -0.045783095 14.605731723823995 
Car -1 -1 0 379.7824072799997 185.8155131633802 494.78969335272654 228.20184136643837 1.4397758 1.5564299 3.7525816 -6.217436 1.9293718 26.2034 0.15082258 7.705256488860085 
Car -1 -1 0 344.3200255070205 184.08040215557025 486.0226547878991 232.23383549706654 1.4878831 1.6030058 4.196227 -6.3134093 1.8708727 23.674362 0.06738869 6.121010688927323 
Car -1 -1 0 414.7059055687438 179.7269152214769 503.9730355804685 219.31644949656118 1.629678 1.5707486 3.5038297 -6.363632 1.9309978 30.810404 -0.02158714 5.714377715008109 
Car -1 -1 0 428.7318018200302 175.94454992739617 517.9657231715056 213.53312994631904 1.7924501 1.6503626 4.112983 -6.638656 1.948236 35.463585 -0.040191203 1.0530665453085013 

