Car -1 -1 0 0.0 194.08606694718281 301.96891743074633 375.0 1.5164099 1.6252348 3.924551 -4.8383656 1.795713 7.521014 1.5603536 96.10104035621194 
Car -1 -1 0 465.65703909303426 179.51692976950957 522.1986356859777 221.30117058968273 1.5282158 1.5433416 3.3560572 -4.5280185 1.8086753 28.654243 1.6246268 61.4345633807058 
Car -1 -1 0 224.81218860785938 191.17240353765965 413.82680399077054 295.0472599486926 1.4214361 1.6614937 4.3337755 -4.8711977 1.802155 12.818773 1.5581174 98.9846134612369 
Car -1 -1 0 804.0590016922991 189.46185950996426 1169.885095320043 375.0 1.4631622 1.6480637 4.199685 3.5113115 1.6896249 7.72187 1.5494773 107.54714691365876 
Car -1 -1 0 741.0350318272899 182.65850777337596 897.4991826151993 284.932830421049 1.490006 1.6561418 3.9361143 3.5240984 1.6915383 12.8605 1.5740796 67.16283033794325 
Car -1 -1 0 715.7031083899666 180.96355020602667 809.968598228773 248.19159268084374 1.4910946 1.6432607 3.9286337 3.7921827 1.7208142 18.45998 1.5891503 52.00956774166115 
Car -1 -1 0 491.656005654843 178.88615425257845 539.6210342497664 213.3129742958724 1.4689088 1.5344234 3.8020875 -4.286611 1.7644001 33.40564 1.6247593 21.88798781276262 
Car -1 -1 0 695.6074055484661 179.6176699763495 765.9431113856374 229.13322179440212 1.4645236 1.615449 3.9235504 3.9121194 1.7066113 23.852734 1.5568866 29.593532742422678 
Car -1 -1 0 628.460302843491 175.388504908634 678.7317044165823 191.10467595577043 1.4392879 1.7056904 4.623863 4.0873537 1.6790915 67.325714 0.03932217 17.813673753256737 
Car -1 -1 0 692.1664930489122 179.52929718980874 741.1318268145817 218.81206911245445 1.4674692 1.5168724 3.5695558 4.2968454 1.7557299 29.361568 1.5868979 10.333525570174901 
Car -1 -1 0 1098.3652184435073 171.8603426520807 1242.0 245.02018679591583 1.5333188 1.6397657 3.8234959 14.007935 1.5124931 17.173027 1.3341112 2.021378269725793 

