Car -1 -1 0 639.3533360200648 187.0873789478697 705.5868067411756 239.12092435793403 1.3978641 1.5783433 3.7525313 1.8626816 1.8760378 22.333601 1.5303577 88.67380804178504 
Car -1 -1 0 792.357724471457 201.23884508182664 1175.5611225423268 375.0 1.3861973 1.5836196 3.8737836 3.193492 1.7442327 7.1179256 1.5072427 133.54452491810792 
Car -1 -1 0 447.77754877533806 186.6165139785576 493.2349712461468 219.87158018683652 1.5661871 1.6825502 3.9160485 -7.1819077 2.3208032 37.58909 1.5516806 38.03089773509487 
Car -1 -1 0 626.1806404783575 183.58550196579233 677.9556225155859 225.89770832934042 1.4695834 1.5985148 4.231842 1.5927243 1.9224647 28.30021 1.5261344 27.84520618779433 
Car -1 -1 0 882.8090654896895 168.0066593244692 1017.2862194056996 223.81660272310174 1.5542275 1.5962824 3.4302297 10.228107 1.4192358 21.745285 0.625774 66.1592226056364 
Car -1 -1 0 1122.2846012464277 164.19205927488855 1242.0 215.1466209843523 1.4224582 1.6556045 4.022567 17.99414 1.1806495 22.159164 1.5772293 26.148382086144565 
Car -1 -1 0 861.3759857619677 175.2686496509332 979.5763300747302 221.79863208421952 1.4578451 1.5160896 3.4628804 10.464691 1.5445611 24.341022 0.5687507 1.9553961943672258 
Car -1 -1 0 802.7757479145731 176.456520501175 912.3197180418714 220.15002252019133 1.5814309 1.5734603 3.7886922 9.608654 1.7294691 28.01727 0.5271074 2.386553599950534 
Car -1 -1 0 188.23410758286374 191.81115654263007 228.63824424972503 211.33180617212753 1.4838766 1.6134334 3.5316648 -33.41902 3.1135144 60.205624 1.4965005 1.5283721851027912 

