Car -1 -1 0 171.1957478292724 190.00622527191058 399.0988189379631 314.5627274633967 1.4154928 1.5654953 3.6518114 -4.25351 1.4952533 10.139339 1.5752255 97.51810725970766 
Car -1 -1 0 386.35341666402735 182.90193485608972 478.9313858100096 239.40660336520963 1.414508 1.5957577 3.87212 -4.7172756 1.3565865 19.938755 1.5799646 80.96831114560268 
Car -1 -1 0 464.808521471897 179.97888191440975 516.3231400226224 216.31227131139303 1.3887603 1.5446436 3.7030115 -4.693039 1.188595 29.337572 1.5583797 55.67047320319389 
Car -1 -1 0 335.8360303881377 181.62279998786104 412.82365595204743 222.657006542168 1.4332448 1.6216607 3.9312847 -8.6653385 1.3077519 27.074955 1.5721226 36.508221927896884 
Car -1 -1 0 202.91339160097866 178.56891081949075 328.4732276606063 245.5284090797792 1.528785 1.5580578 3.69242 -8.524025 1.377029 18.2878 1.531702 17.271390344185022 
Car -1 -1 0 575.8055318838275 174.85118594702206 609.0903208755261 205.6579724630174 1.5052564 1.6266838 3.836152 -0.75541425 0.99883395 37.056763 1.5525475 18.987904212381757 
Car -1 -1 0 0.0 162.7269886767588 146.27338534875906 266.51035906723513 1.9122459 1.7163038 4.3916607 -12.12773 1.4978833 15.468614 1.5371785 7.721610651613645 
Car -1 -1 0 455.49194834179383 171.15720526121527 488.95174064955773 200.0145348181485 1.871301 1.6877261 4.019821 -9.089195 0.9596549 48.662888 1.5235994 0.32652997970581055 
Car -1 -1 0 390.78623413612246 175.22084380917457 427.838160885155 200.09103204708822 1.5042334 1.621418 4.214343 -12.513169 0.89971066 45.66193 1.4614134 0.5539218242400639 
Car -1 -1 0 246.82152789852498 175.61795462016528 334.7527672142753 220.5972363724349 1.6384871 1.6806946 3.8669715 -12.2665415 1.2888644 28.135296 1.5897925 0.7950181372318407 

