Car -1 -1 0 805.0578590818502 164.86194969692824 1164.8854042503078 295.08138103428473 1.4573374 1.6166118 3.7232547 4.552791 1.3678951 9.053069 -0.09320193 126.5985984934312 
Car -1 -1 0 689.0720653041793 157.22224860762577 831.5533604392863 212.6237686516811 1.4457561 1.5588541 3.516803 4.075802 1.0378304 19.787474 -0.104294546 103.62155940400662 
Car -1 -1 0 666.6445271516745 157.7440490914657 804.8610925518312 207.0153130829047 1.4459405 1.5793526 3.897203 3.8315034 1.0025158 22.202564 -0.12580755 24.012760056540802 
Car -1 -1 0 244.49724175113428 149.0238177479289 408.73384832400853 204.52309254519884 1.5184343 1.6347494 4.0799675 -8.004782 0.8664515 20.687912 -0.06440598 50.690924284415246 
Car -1 -1 0 16.07432605029718 153.5493605201368 306.30926097057073 244.4386360326777 1.487624 1.6109172 4.076727 -7.732012 1.1716566 12.745724 -0.06492232 58.32410934043264 
Car -1 -1 0 117.26156141076342 153.1255636366173 350.18457722839264 226.16002862023123 1.4867831 1.6063828 4.1778774 -7.95504 1.0851657 15.514153 0.010752665 41.239331185401014 
Car -1 -1 0 460.1085023807687 150.91170549800967 493.064849949573 171.46382058012568 1.5957849 1.6457225 3.775215 -10.785292 -0.116402745 58.359165 1.1096569 3.7253941085411166 
Car -1 -1 0 271.7426113496496 146.9496784458988 406.32644188422114 201.10937656982586 1.6703348 1.6219271 3.7860198 -8.631523 0.87142164 23.276402 -0.11538728 2.881720950908717 
Car -1 -1 0 357.8588941873259 147.92343961791855 417.0650082226188 197.53821957336197 1.6723112 1.6428999 3.5527394 -7.991317 0.8320039 26.214216 1.3920205 3.2649044550080064 

