Car -1 -1 0 706.8354768460349 177.431393021098 840.583225936627 268.02123483453494 1.4284204 1.5698284 3.5433183 2.87627 1.5245298 13.354233 1.5391992 50.40291206126233 
Car -1 -1 0 677.6516566755413 172.76123010008584 768.4405045276894 237.246990245411 1.5075674 1.6645223 3.9267418 2.842887 1.5053985 18.851671 1.5460713 65.67926102978349 
Car -1 -1 0 653.908542587528 171.67470639444346 698.518483372327 207.6332901328642 1.4431865 1.5795617 3.7707767 2.7913043 1.3958558 30.848541 1.5764846 46.75892369888552 
Car -1 -1 0 750.5890150521835 151.9143700997874 1083.3596804231559 375.0 1.7546381 1.725728 4.28121 2.840293 1.5902772 7.817535 1.5549738 88.83830287207887 
Car -1 -1 0 0.0 180.69586207800276 302.21584190672394 296.62103853999247 1.4716009 1.5937107 3.8673923 -6.5632014 1.5897906 10.071465 -0.0033324806 43.66876985834903 
Car -1 -1 0 83.00604526670053 171.05852315357404 357.8861463177451 274.1460067303749 1.6202881 1.6125182 3.7749949 -6.4255424 1.5920675 12.228498 -0.043542393 48.06675472618931 
Car -1 -1 0 325.8667287379545 167.74187324926024 468.45642513991885 223.9255306520871 1.6114424 1.6550567 3.7653866 -6.256723 1.4648179 21.529991 0.004007916 29.693972805581822 
Car -1 -1 0 383.015767985105 172.1612423421193 501.1756556946822 210.24115081534643 1.4869584 1.6549622 4.3621526 -6.7386637 1.4599072 29.239153 0.11113934 15.473957329305737 
Car -1 -1 0 166.2129727202516 163.21245098301017 417.4674056189113 254.53906457543275 1.7426775 1.6740984 4.349675 -6.2868004 1.5586991 14.607411 0.0009720564 32.47102765569015 
Car -1 -1 0 274.0360517112157 174.1953394974471 452.20433260429127 232.81498792264648 1.4653518 1.6291363 4.14835 -6.4304514 1.5026052 19.060524 0.08063634 7.934347015174604 
Car -1 -1 0 425.809866584509 161.17163407081236 521.1299841941 199.59814145260944 1.7737348 1.7102875 4.187743 -6.3887105 1.2344866 34.169094 0.004007647 3.2563821517577303 

