Car -1 -1 0 673.13893440622 182.06264656221674 794.3389304265988 265.1522529224794 1.4793913 1.6526532 4.38489 2.500013 1.7066413 15.573817 1.5190934 98.32769585786629 
Car -1 -1 0 111.48010780427828 197.3378252079943 387.0459675224168 288.23773889343505 1.4176707 1.5828779 4.0390596 -6.151474 1.8744433 12.591337 0.039081663 84.52187468430039 
Car -1 -1 0 247.70825627378494 188.7153937114498 418.99348620597334 253.6281254754531 1.4845891 1.5674678 3.6403582 -6.763127 1.897531 17.867521 0.07464229 60.69363486429653 
Car -1 -1 0 648.4575222523551 179.50814649236605 693.3528213410965 218.1898548131694 1.5123334 1.5854316 3.6249268 2.5496008 1.8117357 30.649992 1.5669334 22.212655528424985 
Car -1 -1 0 0.0 198.51634422483386 311.0037485137655 313.8210796356467 1.4170651 1.5857843 4.0199995 -6.5002327 1.8042852 10.061257 0.016552532 91.06621232438263 
Car -1 -1 0 404.4057109804142 182.25790006541368 501.59121223248684 215.02865661726656 1.4708539 1.6419644 4.261274 -7.288004 1.9248731 33.883564 -0.062379204 9.261880323565025 
Car -1 -1 0 373.9995317080651 183.48375579318665 498.1420732281682 226.03804337716437 1.5025921 1.646551 4.2504883 -6.5085273 1.920993 27.231205 0.1692321 13.87689875884931 
Car -1 -1 0 642.0675537390705 178.75422238738983 681.5667806249655 211.58662296193336 1.5143476 1.5625634 3.5026212 2.5387578 1.8208686 35.702423 1.5295497 7.377489115447122 
Car -1 -1 0 536.4956761393223 181.34681750823466 561.7430297855075 201.33246107851988 1.4877352 1.6312417 3.8130362 -4.8428836 2.187813 57.45433 1.3873334 1.7237360935593062 
Car -1 -1 0 455.80746184786847 182.05845928812073 531.3813851844678 209.5064375522941 1.5238774 1.6525657 4.1611867 -6.642888 2.067157 41.640827 -0.05868584 2.828037486390727 
Car -1 -1 0 518.2274322343732 181.8044363400056 544.1944117817883 205.65160511993707 1.4639452 1.5452207 3.5540564 -5.1234612 2.0756063 47.485855 1.5063188 1.6939470422057141 
Car -1 -1 0 149.23095778114885 193.9839991072966 371.4024050854713 272.71735580267824 1.4704082 1.5359666 3.8802238 -7.109626 1.9331273 14.8840275 0.07793343 0.7136076217978364 

