Car -1 -1 0 665.981148824865 187.8565796248853 745.7301755375642 242.26139649561583 1.415887 1.5522473 3.3799434 2.7858157 1.9003817 21.528595 1.447103 91.32598741169186 
Car -1 -1 0 977.4785317206628 190.43564002257472 1242.0 348.84856430473315 1.4226506 1.570767 3.8059218 6.828008 1.6916765 8.98806 1.1024325 84.64089064949825 
Car -1 -1 0 72.80682150591527 191.77358330532087 341.5707930235977 285.63442366348255 1.4680777 1.5701737 3.7588565 -6.803845 1.8179377 12.486652 -0.038038842 50.45595802174955 
Car -1 -1 0 642.1690646386292 185.32767166324936 689.4946976357519 222.64559287737848 1.4340432 1.5476367 4.0961704 2.36731 2.0093896 31.199612 1.5251944 36.542687516058166 
Car -1 -1 0 239.2632203273601 191.83522122582124 436.9803770974904 256.6662382592773 1.446183 1.6351318 4.150892 -6.430916 1.9252532 17.392738 -0.00034188398 79.21885717260653 
Car -1 -1 0 0.0 192.58676516043994 295.1361410943267 309.89502009892533 1.481664 1.6093569 3.9610214 -6.7963767 1.7850089 10.245121 -0.021377996 52.238662851176166 
Car -1 -1 0 315.57794210936555 191.25769643088069 456.8858783209163 241.85238746176236 1.4378823 1.5741735 3.8362987 -6.8008337 2.027709 22.164608 0.09213084 27.886387210366017 
Car -1 -1 0 344.0104526602553 189.92147951351126 476.3165935004989 234.57569611104338 1.4146802 1.5912161 4.0149083 -6.6616592 2.0107584 24.352844 0.025591517 23.86488175360468 
Car -1 -1 0 290.64487494979033 189.99961389898272 446.8489330691407 247.92815814570181 1.4834046 1.5542554 3.7599926 -6.5277977 1.9734411 19.79446 0.02706397 13.828019445956327 
Car -1 -1 0 372.3025979630462 187.18419606484184 482.39439634437343 229.0698753749237 1.463203 1.5732467 3.64951 -6.718996 2.014109 26.794968 0.08781588 6.866114607964275 
Car -1 -1 0 431.3230713730889 187.72250017462042 523.7528325849134 220.07839891374556 1.4866533 1.642997 4.1368694 -6.3344026 2.2239401 34.87921 0.038158454 4.0578009064935925 
Car -1 -1 0 439.5458292696346 186.1506234432007 520.720692235002 216.8580743964981 1.527534 1.6172646 3.88526 -6.7501974 2.2433155 37.812748 0.11649827 0.9039268493652344 

