Car -1 -1 0 614.7016449490379 196.38109428518604 700.1332328938718 262.01984553984147 1.5279367 1.5810499 3.3307295 1.2281232 2.2332878 19.851967 1.3907497 88.47949535459335 
Car -1 -1 0 685.0314791589989 191.91238482201953 770.2550840835422 230.5169099655892 1.4894624 1.5926715 3.6711552 5.159186 2.363803 31.340147 -0.6676279 37.76242484828796 
Car -1 -1 0 550.3020829134222 193.84578017031234 634.4705294051726 228.57877398666864 1.4916406 1.6216285 3.936657 -0.79966486 2.568465 35.13507 -0.68971765 56.78374036053762 
Car -1 -1 0 752.321287291118 188.62644101597084 831.8288121570201 223.06214333266826 1.4650657 1.6170008 4.085703 8.746305 2.2599645 34.420914 -0.70842177 54.13828261688671 
Car -1 -1 0 818.0627638935218 188.44662272927692 879.7862081519811 219.3921945964587 1.4601855 1.515128 3.2855296 12.3999195 2.3018727 37.318604 -0.68992895 47.502455409809954 
Car -1 -1 0 865.1166020013816 186.06964029987947 924.588148208274 217.9305513502909 1.6203595 1.6286389 3.3799074 15.76226 2.3809013 39.81723 -0.69322073 10.35939054453766 
Car -1 -1 0 955.7220305664476 185.01738451554533 995.3289485283024 210.96651363364498 1.5346084 1.6363939 3.9346466 23.702988 2.356245 46.673904 2.2119849 4.962903941103822 
Car -1 -1 0 115.34304355132149 189.23874430177497 193.53742804634413 225.4809393291611 1.5056823 1.5136536 3.2948341 -20.613602 2.279846 32.67482 0.466725 8.841341305079686 
Car -1 -1 0 276.7277447379618 192.53902813422954 318.90334191098924 214.35109118056047 1.526037 1.6309348 3.951108 -24.164494 3.109876 56.06388 1.552195 0.2786492109298706 

