Car -1 -1 0 634.7663481924925 177.70142584923258 709.234638861915 229.56901440304236 1.4182758 1.6206238 4.3270564 1.8271812 1.5834255 22.363548 1.4945785 81.94616313597474 
Car -1 -1 0 268.5236441105704 184.77313000309178 438.2595127029183 241.53493124122966 1.4116099 1.5750698 3.9327903 -6.6935887 1.7407008 19.104542 0.015209024 32.59673279050231 
Car -1 -1 0 617.867136496898 175.61346739832047 652.2448213652191 205.12553610887474 1.4433783 1.5278902 3.6220365 1.2816274 1.5937093 37.470436 1.5342114 11.462298897406262 
Car -1 -1 0 325.7457336408785 178.30327009956738 447.44705518910166 226.11654980471167 1.5258976 1.5701418 3.5829818 -7.4541335 1.7168497 24.270908 0.13142358 23.32049219564529 
Car -1 -1 0 883.0492797157941 159.61694933230385 1242.0 316.22419981941687 1.7862799 1.6620625 3.8871477 5.738647 1.6352966 9.177228 -0.060638774 41.2441397333067 
Car -1 -1 0 198.76780856706867 182.4714719791836 402.1411244853274 250.74441303152966 1.4686272 1.631984 3.9724417 -6.9856997 1.700479 16.57338 0.0025195898 26.912080553190183 
Car -1 -1 0 389.8799543557902 176.34732366595824 489.21164347397894 209.92419739709527 1.5108752 1.68668 4.203532 -7.856486 1.6778142 33.569016 0.03283372 1.6531862376642863 
Car -1 -1 0 609.8410696715209 172.10699385121816 643.9523001690538 199.8065464796647 1.5612402 1.5620259 3.643763 0.9817325 1.5191362 42.56091 1.467657 1.7973823338180008 
Car -1 -1 0 336.85684542283957 152.7205749182244 382.88858233276716 178.97063404306212 1.5507169 1.6514926 4.019079 -15.394661 0.36133868 44.676186 1.5163586 3.292163508828876 
Car -1 -1 0 465.279005133777 172.83099319812715 501.19280874786745 199.95180796267516 1.4862313 1.5682096 3.7915802 -7.31953 1.4849703 41.583603 1.2696481 0.6617124669287808 

