Car -1 -1 0 767.1719756026451 177.47454610984494 1024.7361068863777 346.30954228328 1.5385374 1.6277089 4.009856 3.0972772 1.6073493 8.7159 1.6024398 113.95255806574114 
Car -1 -1 0 186.39266002107652 186.75803614204358 374.9687909924173 294.0703734986425 1.616494 1.650001 4.0613575 -5.855591 1.9144299 13.428362 1.573328 97.86063294224137 
Car -1 -1 0 1004.8619989238367 143.12319541798016 1242.0 252.9025250909586 1.4967415 1.6934887 4.3375893 8.505449 1.091389 10.735603 -0.023788061 89.65303834385251 
Car -1 -1 0 442.54153147018735 182.7553470436157 501.84565393852523 222.37022280187912 1.4868913 1.5888988 3.8878434 -5.6409354 1.9262377 30.042505 1.6104114 29.229896166221103 
Car -1 -1 0 400.98919034282477 184.9909437461591 479.5563131733265 234.55820419857187 1.4773369 1.624546 4.0372324 -5.6500845 1.9245282 24.544931 1.5986714 41.26064179781655 
Car -1 -1 0 469.057862247108 182.69373333820218 515.0024193762695 215.28552562561418 1.4385593 1.55293 3.6180806 -5.607396 1.9376885 34.775288 1.5923654 12.37750717162834 
Car -1 -1 0 767.9555678105545 163.43325113692927 854.613030497842 194.00637055367122 1.4976279 1.6588366 3.961251 10.099079 1.0361512 36.335644 0.08314034 21.000836685559115 
Car -1 -1 0 1035.1652493623665 148.40631978215964 1133.243956608069 182.65051063599455 1.6353532 1.6160024 3.7836943 23.202318 0.46783844 35.346264 -0.04310267 17.893833534957494 
Car -1 -1 0 982.5088568036243 155.33910391447066 1063.850797394746 181.09730907494801 1.4432211 1.5786223 3.8160484 23.671516 0.46186882 41.357018 -0.0747349 4.246665315436098 
Car -1 -1 0 967.7565777099918 155.7799382219401 1046.67337275808 181.38097274039902 1.5176 1.6147025 3.914201 24.024961 0.50546896 43.664303 -0.043852672 5.349083320687908 
Car -1 -1 0 491.1947898869569 180.43193486900617 529.1771755685179 209.6604703830939 1.5174227 1.6195805 4.3743353 -5.56147 1.9690611 40.80183 1.5530088 3.1760181284035536 
Car -1 -1 0 515.625113393612 179.36886851011678 541.2376266501146 203.67251834915064 1.5138454 1.5856246 3.8926396 -5.437621 1.9663199 48.074554 1.4303507 2.5705223292088983 
Car -1 -1 0 709.1531091211825 173.61698996124477 745.2590661764302 197.03896155625688 1.4038664 1.6287289 3.942777 7.3446436 1.4539045 45.347923 1.5714422 1.261639891446589 
Car -1 -1 0 1003.7912479602816 152.0390088874682 1094.1012783653214 181.3115139226829 1.5267715 1.6257167 3.81698 23.373549 0.44111994 38.468628 0.011762142 3.3452303115265813 
Car -1 -1 0 0.0 202.97355768580482 284.9222171053755 353.91118350936944 1.4291933 1.5622774 3.8710806 -5.9152064 1.9101776 9.56734 1.5450338 0.7372955743172065 

