Car -1 -1 0 693.710379545734 187.13170588642961 822.661565746384 271.47838874074654 1.4247811 1.5641881 3.5200872 2.867145 1.7507963 14.642179 1.4641018 122.53406166202566 
Car -1 -1 0 650.5159751546989 182.04999451520973 715.9947506596287 230.90966566270384 1.4479213 1.6002371 4.1849947 2.3896286 1.7848375 24.308912 1.5259314 64.74884379273804 
Car -1 -1 0 0.0 195.70541908314087 336.95117496497176 304.5468383701452 1.4094832 1.6001303 4.0668163 -6.30074 1.7675053 10.494339 0.005026417 136.31976315680285 
Car -1 -1 0 107.28220531896356 192.1060557483302 365.60988495909265 281.11828130112895 1.4427297 1.5430552 3.807763 -6.508858 1.8068159 12.843548 0.015978636 41.15865814107847 
Car -1 -1 0 381.6193351536803 184.69176102808214 502.9907121324487 223.9815057002902 1.4482288 1.6342402 4.3151007 -6.4200554 1.9213519 27.97651 0.020604298 27.582731466315337 
Car -1 -1 0 238.78482068751327 187.4115576200193 425.9088005260154 251.8047535961462 1.4513776 1.5923281 3.9235454 -6.623027 1.8213186 17.490562 0.025216252 42.22572826747705 
Car -1 -1 0 641.8780083720814 180.34055584700934 684.040951074863 212.73663843039301 1.4455094 1.5470805 4.1664395 2.5525548 1.8337297 35.295403 1.5190623 8.554137894378394 
Car -1 -1 0 283.4888300431523 184.60680212554172 441.92170317118524 242.54389177561603 1.5057012 1.6157172 3.8425057 -6.7363186 1.845025 19.967304 -0.029801022 21.644393574722898 
Car -1 -1 0 176.3740081241376 192.13162521846647 392.0844770104364 266.2637056958365 1.4275241 1.5506353 3.8264709 -6.706713 1.8542752 15.1480055 -0.025985189 23.398587476811734 
Car -1 -1 0 320.9638494120218 183.31719482798292 455.93238598420425 236.17118705277846 1.5430048 1.5295761 3.6940198 -6.794395 1.880578 22.354628 0.088081196 11.139952034776998 
Car -1 -1 0 742.5027773012132 179.9719777066389 809.3498258469099 221.91608125017711 1.4557352 1.5700198 3.8719466 6.290059 1.7479582 27.664375 1.5419565 6.931683910734731 
Car -1 -1 0 629.8629315693533 175.27324125756195 654.5137650526168 198.84497488107698 1.704321 1.6688838 3.974883 2.433809 1.8939605 54.569195 1.5667702 0.8905809146542406 
Car -1 -1 0 514.7208971434952 181.4554287653379 542.9725910901501 206.83171309396377 1.4672854 1.5049138 3.5627904 -4.9716387 2.022497 44.76168 1.5268918 0.8396993292849145 
Car -1 -1 0 488.70018736195425 179.99019808396832 547.5500126141883 201.78196578538552 1.5068889 1.6015621 3.8854718 -6.55741 2.0316563 51.866875 0.21229507 0.2542480528354645 

