Car -1 -1 0 708.9510201346153 188.84138266654003 836.3072092306362 273.1747146682112 1.3903208 1.5810373 4.192402 3.1637287 1.7653 14.81002 1.5483251 108.41178472138323 
Car -1 -1 0 655.821365603659 175.64625683880013 703.8813946691993 216.87280365321638 1.8178074 1.7361667 4.2637234 3.2681565 1.9587662 34.266006 1.5385622 49.74265370188442 
Car -1 -1 0 0.0 190.70011056007056 301.8212483644994 347.9968804484296 1.4573259 1.6262299 4.1887536 -5.775359 1.6745315 7.8402205 0.06215538 93.8316486714137 
Car -1 -1 0 0.0 183.85245783185664 329.26986329790196 299.01325833671046 1.5135266 1.6288562 3.894698 -6.3417954 1.6866672 10.502566 -0.021485236 59.449319732713676 
Car -1 -1 0 101.93852983723616 166.5310950615196 367.68296114778866 274.11545497203025 1.7783008 1.6642455 3.845034 -6.488777 1.6737871 12.804845 -0.024140958 36.40600879266845 
Car -1 -1 0 402.9413429406458 177.83354840894398 506.01026015594516 219.22279151003028 1.6074376 1.611224 3.807532 -6.182922 1.8134959 29.038725 -0.007142364 11.375763207738993 
Car -1 -1 0 486.0738424031851 181.64478132898282 531.9495728762294 216.81669171118472 1.4455144 1.6074396 3.8878682 -4.47976 1.8665065 32.59431 1.5499449 5.856859013132385 
Car -1 -1 0 381.352693495966 183.5902244416462 508.16469506610576 230.98368774795523 1.468111 1.5790951 3.8046746 -5.3107605 1.831461 23.576187 -0.028312018 0.5697819072501998 
Car -1 -1 0 457.7677695175004 171.080490342374 531.5636454847047 201.9664089071979 1.7121761 1.6424742 4.007591 -6.472805 1.6138605 40.957394 -0.069597386 0.5454643825246352 

