Car -1 -1 0 564.0602351675614 199.89860159310422 968.3603728325661 375.0 1.5364516 1.5989527 3.5198836 1.0400076 1.8464143 6.3388968 1.0961759 99.55779734403582 
Car -1 -1 0 447.24847419898356 206.27588053358602 656.966514108442 353.9110198836445 1.5156534 1.6152937 4.1407986 -1.0601764 2.1099901 10.619808 1.09864 108.84811852134084 
Car -1 -1 0 388.4484594115564 208.01054413820407 513.9491446661488 303.0914423353973 1.4704404 1.5277376 3.791938 -3.3392274 2.2854269 14.694044 1.0808678 87.32231338632468 
Car -1 -1 0 282.45771654586815 210.17138813613153 335.9649830620082 255.00933394597016 1.5052323 1.5953367 4.2211366 -12.6122675 3.1809983 30.169329 1.0622699 22.44634228030966 
Car -1 -1 0 326.2980086232796 202.99645962491783 417.6731250337381 280.1782898188524 1.6636808 1.63824 3.6323113 -6.360359 2.5440495 19.088734 1.062295 86.93966018345671 
Car -1 -1 0 0.0 228.48110077940882 100.36052630419529 336.7945690758229 1.4791539 1.5652572 3.3980985 -10.75842 2.67348 13.629068 1.0458858 57.992485147637495 
Car -1 -1 0 75.56082605834692 209.7843873825128 148.1653434360926 276.9919590842443 1.766916 1.6690731 3.9960337 -16.08181 3.0780044 23.471119 1.0368795 62.395335649345895 
Car -1 -1 0 140.04931768324414 215.57800301268475 174.25770297918555 247.42964835916982 1.5300996 1.6002324 4.0509686 -26.68004 4.173015 42.50471 0.98418117 4.012747182167718 
Car -1 -1 0 1196.7662622642856 154.95335504313022 1242.0 183.34625939157453 1.5848075 1.6360751 3.8481624 36.035072 0.5856465 41.89904 -0.4882086 0.5239776747379242 

