Car -1 -1 0 674.2733254913085 184.017052177118 743.3177000198386 237.58413597921066 1.407388 1.5515527 3.4100935 2.8594265 1.7646612 21.381618 1.5628109 70.60099899503426 
Car -1 -1 0 757.901463604437 178.38946831398897 1051.9214902274678 375.0 1.6150321 1.585865 3.4341989 2.7831972 1.6870401 7.635725 1.526694 138.99590935586485 
Car -1 -1 0 723.5998326171101 176.21798350722375 839.1235562885989 223.67998449901106 1.6751993 1.7001364 3.8966367 6.247282 1.8034816 26.55892 0.055200044 51.05382014790221 
Car -1 -1 0 253.05001946716934 186.27964419841524 439.51995800587247 253.35519900207146 1.4539065 1.5594555 3.7663426 -6.0295534 1.7815003 16.786835 0.021013796 77.64286299590724 
Car -1 -1 0 0.0 186.889664518588 304.38612035327213 321.3528438372806 1.4810765 1.6132858 4.01013 -6.15432 1.6734767 9.011013 0.036763385 77.62880528825453 
Car -1 -1 0 304.630549536009 181.8236652893054 473.1903288403162 243.06718305553125 1.5169933 1.5644706 3.9458508 -5.7234178 1.763689 18.984528 0.039831407 67.67848721247626 
Car -1 -1 0 351.261009097115 182.17370170842966 494.4525968059482 229.7807363771463 1.4798661 1.6197839 4.299513 -6.133417 1.8024771 23.91145 0.121917605 17.383441102937923 
Car -1 -1 0 632.1257190686829 179.59564445325503 657.6706092501719 200.84783174910854 1.5305682 1.7065163 4.0504556 2.672449 2.0662224 55.29306 1.5574768 6.3321629855100525 
Car -1 -1 0 118.70278080196555 185.10006725573186 361.7633500755426 266.16455932444507 1.462369 1.5837011 3.9333253 -7.080737 1.7160927 14.109669 -0.024467025 13.031164887693102 
Car -1 -1 0 328.95178001852696 180.30516249431068 471.1994030761153 236.27244281566942 1.5715139 1.5651361 3.7448685 -6.1552467 1.802171 21.419935 0.072360925 11.098734122552598 
Car -1 -1 0 363.2274119166025 179.5578275453461 478.49374924839884 224.44733091445045 1.5813811 1.6262596 3.8081553 -6.860728 1.8350737 26.48441 -0.0039919172 7.272049321208743 
Car -1 -1 0 412.10504859760033 179.92684907433707 509.13806318694094 216.41738635400174 1.5186794 1.6101108 3.844822 -6.3943496 1.8331585 31.222073 0.028535526 4.9210613920590704 
Car -1 -1 0 390.47368489943676 181.761551530367 502.19179927263343 221.11913238404105 1.498641 1.6094707 4.0671673 -6.433351 1.863371 28.700302 0.019337736 2.418125164165656 
Car -1 -1 0 0.0 166.44815182321275 310.570285636408 287.7571360254832 1.7377607 1.6462079 3.833098 -6.9092307 1.6459963 11.232233 -0.03843946 1.4418341484684716 
Car -1 -1 0 427.17260660685514 171.56391341321552 510.46458793980986 206.04672565329395 1.7855377 1.6200207 4.0945077 -7.3999524 1.7187362 38.179466 -0.0038433669 1.7287559593509652 
Car -1 -1 0 679.282893047674 178.36497364062905 712.4014439293683 208.70735484994432 1.5954413 1.645292 3.890605 4.816249 1.9212182 40.658543 1.6357764 0.30889737606048584 

