Car -1 -1 0 729.3160897984972 189.58406992504993 938.4452882991691 330.9433997484693 1.4469497 1.6122447 3.643797 2.7398589 1.7133877 9.655543 1.553653 100.9822390458838 
Car -1 -1 0 666.5146235227194 177.78032205720552 741.3496146687712 243.30269113661046 1.6622341 1.6615883 4.0417895 2.5944438 1.8170342 20.641537 1.583659 81.70178624738497 
Car -1 -1 0 641.1410240346471 178.29469593225383 681.0821498339477 213.91001457447675 1.6504443 1.6274735 3.6527581 2.5114312 1.9346964 35.849216 1.543448 24.23368767003327 
Car -1 -1 0 276.0750818316198 188.72746327844052 445.78038542730764 251.11773154493585 1.4572971 1.5524889 3.717604 -6.1300206 1.8723137 18.063139 -0.013731465 35.910110945088384 
Car -1 -1 0 653.8930188892627 182.54290270704954 712.1926649367325 228.76703483177124 1.5219824 1.6166164 4.0084524 2.6331306 1.9069513 26.638687 1.5373156 15.841904097846923 
Car -1 -1 0 308.2735203495522 181.6807437320751 465.68278631573185 240.215817944446 1.5856593 1.6773145 4.02764 -6.2977037 1.8505888 20.739447 -0.03928066 36.400055242266745 
Car -1 -1 0 111.75009395680708 168.1254522415916 382.4417893053302 275.0008011242158 1.8064525 1.7027559 4.04498 -6.4016104 1.7265285 13.057419 0.005100224 88.15555203382584 
Car -1 -1 0 381.5220553450415 181.515763939057 488.9632419660986 220.332394401926 1.5400457 1.6132102 4.123497 -7.173605 1.911214 29.981972 -0.06404492 3.6672008601141894 
Car -1 -1 0 199.01829616994388 185.1383043262321 411.81200175360925 260.03564168299795 1.5002756 1.5710268 3.929102 -6.439131 1.7796782 15.570114 -0.028428711 2.078342020457183 
Car -1 -1 0 487.85134333952703 181.40145223300024 546.1092171206932 206.2673073077166 1.4845529 1.5835603 3.9374514 -5.977083 2.0563464 46.336845 0.76139206 0.41740259528160095 
Car -1 -1 0 470.79613088007704 181.75023113819847 541.4607941532668 207.02962746812457 1.5170435 1.6527766 4.1170797 -6.3914824 2.0810862 44.842247 0.03850442 0.5234618438518188 

