Car -1 -1 0 682.2843712194522 184.2745693160338 779.5181668090894 253.0360457397653 1.3494416 1.5707119 3.9793375 2.6946492 1.6472216 16.818153 1.5636541 83.09526580865486 
Car -1 -1 0 553.1190010798409 177.0596267524809 587.3602851951821 204.3740437369939 1.4594679 1.5984356 3.7225509 -2.1924357 1.7096366 41.02808 1.611301 14.822228693746808 
Car -1 -1 0 640.8723079023242 171.30119184696076 675.5984500857629 199.07213839131575 1.6370127 1.5654957 3.5247972 2.9525497 1.5454792 44.3641 1.4709423 27.044683433661973 
Car -1 -1 0 664.5246778462575 178.35741673038632 723.1468707165208 221.13239795542293 1.3870838 1.5723817 4.0239034 2.9490995 1.6004126 25.943853 1.5536715 44.03958392734053 
Car -1 -1 0 0.0 174.71321561011803 358.45350420759536 294.9728592202644 1.6175097 1.6582192 4.351112 -6.1686106 1.6472733 10.641891 0.036989544 141.80564144459748 
Car -1 -1 0 260.077963088416 168.15454084040456 452.73519944346486 235.6894409514555 1.5985997 1.6325566 4.2152023 -6.191322 1.48736 17.940086 0.021198453 67.17736372391501 
Car -1 -1 0 386.33032456459586 180.82631943851865 504.16159158324064 223.06051740454572 1.433397 1.5537056 3.84335 -5.8935447 1.7333121 26.027027 0.18490195 8.428568135119493 
Car -1 -1 0 298.98498176010963 173.6730408472517 445.3118187648461 233.67638955333467 1.6303546 1.5697562 3.6797063 -6.6643524 1.6546866 20.532509 -0.06510497 7.898959477031389 
Car -1 -1 0 490.6124802102488 175.53094907586188 550.3645297733724 198.80828578997188 1.5091774 1.6374681 3.8310318 -5.87613 1.6903222 47.90843 -0.05184885 8.894119965908201 
Car -1 -1 0 352.3339624246306 181.472017292574 497.2604398169392 229.28550992261736 1.4564695 1.6088773 4.242449 -5.905668 1.7465372 23.308548 0.082831755 6.992451296710969 
Car -1 -1 0 419.61765881097597 173.16015312080162 517.9501270454654 209.57105215123624 1.5777444 1.6938021 4.13488 -6.2278943 1.5918504 32.263638 -0.06614901 6.740174319983917 

