Car -1 -1 0 697.4788325026457 173.41326117842712 829.6625311741942 272.1408053529469 1.6127574 1.5695709 3.5038185 2.7467377 1.6246886 13.600108 1.5146915 126.63142643508012 
Car -1 -1 0 658.7659036469643 178.85894187746698 708.2137171803323 219.32248685837303 1.4077854 1.5569731 3.392151 2.740163 1.6492751 27.312914 1.5808992 51.467880364453706 
Car -1 -1 0 111.74443663381106 181.61024996598962 391.8731216164504 280.9588135709642 1.5423613 1.6076684 3.9975886 -5.952923 1.7024403 12.276873 0.055800267 61.750183128862226 
Car -1 -1 0 188.5518639065417 179.7486800310274 417.59113370640546 258.8419246249821 1.5109746 1.6252035 4.0836024 -6.250137 1.6632904 14.948491 0.08935819 37.86507958341592 
Car -1 -1 0 333.7238601769606 181.0783498500171 479.9888927782016 229.18099353234535 1.4386798 1.5992591 4.1439643 -6.2907686 1.7064391 22.675097 0.007886369 39.11846810695516 
Car -1 -1 0 378.98681223088573 178.08513045672058 500.43811024471205 222.72164485194307 1.4779534 1.5638052 3.8193939 -5.786527 1.6639335 24.86404 -0.0034530135 32.78146248989236 
Car -1 -1 0 702.4571934286312 173.92117847548326 802.1455644063255 210.9119116464478 1.6128459 1.6687496 4.1837626 6.3514595 1.6621492 32.42376 0.036990926 10.797662000323506 
Car -1 -1 0 452.9789275179126 167.43664709313396 527.5253993627936 197.9145676742845 1.8267565 1.6279205 4.2857323 -7.2440386 1.5020561 44.065884 -0.0023740937 3.5522868547214523 
Car -1 -1 0 378.2213663433676 173.70562640393842 488.3469613093712 217.82344627569262 1.6125872 1.5842696 3.7488644 -6.659969 1.6461705 27.433187 0.12535366 2.4622351516459022 
Car -1 -1 0 666.9104000270188 170.62880508322522 731.4664451979141 197.35471625820622 1.739975 1.6634176 3.9732623 5.9468703 1.5951047 48.072197 -0.13789953 1.1410369193433656 
Car -1 -1 0 257.7780988093011 178.72237042958486 427.0491458504452 234.02136207676364 1.4571061 1.6116889 4.0954294 -7.3090596 1.6263819 19.999046 -0.004007752 0.5519976632925926 
Car -1 -1 0 626.0330861818595 174.72789316174308 649.4917424371253 193.05236697057165 1.4898443 1.6440558 3.9078677 2.355751 1.6536047 61.063347 1.5211606 0.5360917441408284 
Car -1 -1 0 225.56964080803917 164.5440417363342 415.88878429885403 243.25704637770153 1.788266 1.676908 3.8768163 -6.789418 1.5994735 17.240206 -0.004788301 1.015600395482569 

