Car -1 -1 0 576.7109201148352 169.0001746666163 627.726436928135 193.3557138728615 1.493859 1.6657436 4.137478 -0.52558243 1.2574825 46.48004 1.1150856 23.018110749301947 
Car -1 -1 0 544.4193736656476 168.23270370823002 592.4313151325201 196.33278769362335 1.6474211 1.7027096 4.257966 -2.597604 1.3764886 44.59442 1.1918889 19.86154814700411 
Car -1 -1 0 623.3444207800859 169.26530492583953 680.9012018102723 193.11614413870447 1.4722176 1.7138839 4.424702 2.703752 1.2507014 46.89637 1.0933126 17.64297760832288 
Car -1 -1 0 831.5789534259293 164.6418020240491 881.9504456734865 186.43865092799354 1.5371242 1.505895 3.315717 18.017002 0.9579958 52.69677 1.055248 27.82324530448409 
Car -1 -1 0 1001.4697812174459 167.205415324636 1060.1147865986911 186.16791130374105 1.4942787 1.7003804 4.300608 34.44671 1.0491598 59.13852 1.3614231 3.962807908460645 
Car -1 -1 0 946.2322813735774 168.1727956040225 1010.1393234426902 188.15879998782455 1.5195942 1.685528 4.122087 28.494469 1.1636683 55.83546 -0.06499302 3.238464065941724 
Car -1 -1 0 762.7730353356245 166.28039896485848 817.8337538656202 191.55060169218277 1.6436806 1.5713071 3.6940157 12.208907 1.2161056 48.933327 1.0933044 3.566038008000458 
Car -1 -1 0 788.0866990537864 168.4879343546385 839.1577395887945 190.2949782281842 1.4916775 1.5617251 3.4987733 14.456485 1.1930232 51.270493 1.1195865 1.7244343226669332 
Car -1 -1 0 1023.9443350434831 167.09533428043127 1080.652864166068 186.1726111306987 1.5381063 1.6706369 3.999141 36.944603 1.0738133 60.31953 1.316117 0.32030290365219116 
Car -1 -1 0 876.9040449050722 168.76238479698793 931.4953306192111 189.15187941859608 1.4930024 1.6002455 3.820316 22.189411 1.1933973 54.335686 -0.4145602 0.2773430645465851 
Car -1 -1 0 723.3188788796074 168.68032052062827 750.0339564737752 189.79040167864832 1.4528819 1.7100374 4.285809 9.185181 1.165632 51.936146 1.7884415 0.2751089334487915 

