Car -1 -1 0 298.6136846607057 186.0931032988954 445.04189057197567 275.07129993739375 1.495727 1.6331831 3.961545 -4.648097 1.8022535 14.713856 1.5847812 105.93280673502497 
Car -1 -1 0 46.103124466614354 193.65288219723567 353.7692117393536 358.0262096810738 1.4969033 1.6486461 3.9304426 -4.7126713 1.8143797 9.041751 1.5626378 123.78496552532611 
Car -1 -1 0 729.7689890677815 179.34791036992448 864.2722803988512 263.3744145172784 1.449187 1.6223791 4.368712 3.687478 1.6036777 14.974182 1.5621662 92.88048006557342 
Car -1 -1 0 388.10722396861354 184.20675373714545 489.27620490726315 244.87313530898598 1.4345747 1.6738219 4.374183 -4.60783 1.7855647 20.098309 1.5983013 81.76922440877316 
Car -1 -1 0 504.60333890435277 177.25497618576694 548.1952429228218 209.95490041565077 1.5325497 1.5581357 3.3760457 -4.1029544 1.7629019 36.02552 1.6442249 42.24202202826093 
Car -1 -1 0 798.2529774969556 181.34708690981753 1023.6878685808732 320.2444759240425 1.4689404 1.6005987 3.6618018 3.7675638 1.6051046 9.712805 1.6022315 111.62234006796069 
Car -1 -1 0 699.4877169265642 176.74931689176873 757.4037682532985 223.0398660022727 1.5018628 1.5904135 3.8003492 4.1517057 1.6508709 25.668102 1.6143818 26.313359632700113 
Car -1 -1 0 709.7369360417708 177.70209216079712 790.3219943940269 237.5187769910663 1.4757586 1.6405125 3.7661486 3.7916987 1.6231704 20.025372 1.6100736 27.51091112414522 
Car -1 -1 0 684.7816938719292 176.08560154865572 737.6171613870933 214.08446461941193 1.5198736 1.5746627 3.772357 4.314723 1.667817 31.109585 1.5216225 15.718296919739622 
Car -1 -1 0 522.2691195005186 177.08811874626363 561.6154234606496 205.27993146510553 1.4876428 1.5762308 3.7908459 -3.756124 1.7374215 40.612907 1.6502866 0.9036222919779088 
Car -1 -1 0 578.4040577853872 173.71562830413401 620.5184597059396 189.38779116360843 1.6023316 1.6377714 4.25862 -1.0268688 1.6927996 74.81668 0.05878742 0.5236312753799905 
Car -1 -1 0 1059.342848249489 175.6560165000562 1191.9952802117828 221.60240876672898 1.4866388 1.6112007 3.85579 18.157778 1.5939701 25.615656 1.4280481 0.2571897506713867 

