Car -1 -1 0 47.76492129196997 199.6614062893019 317.220188421792 327.70829956298155 1.4141715 1.6160667 4.059195 -6.0519757 1.8934989 10.86204 1.5830588 141.20594629151344 
Car -1 -1 0 754.6562519757639 178.4766269413287 1028.4493314735619 347.58117047466044 1.5480055 1.6743068 3.8611999 3.0382662 1.6310414 8.695603 1.5338564 116.14785917309237 
Car -1 -1 0 318.2368363332721 177.06643859485345 434.75922074008184 250.58435722092673 1.698111 1.7409112 4.2993817 -5.986723 1.8220867 19.07457 1.5576881 81.27258498557781 
Car -1 -1 0 543.0139022124799 178.1324594018455 571.8241323646363 202.02140126622498 1.46595 1.6685643 4.036259 -3.3709052 1.8261937 47.20975 1.5516816 10.607220900611619 
Car -1 -1 0 509.5291926116026 179.6033716365724 541.1420604737713 201.61979948042745 1.4687915 1.6701841 3.885954 -5.9479346 1.9672258 51.314575 1.6048596 12.074847779960614 
Car -1 -1 0 391.87245955284396 178.45425698902832 469.9128428090191 228.84060531655254 1.6116979 1.7001926 4.26474 -6.246825 1.8276979 25.692137 1.5766876 20.556290900265417 
Car -1 -1 0 934.372536179211 156.17122903850864 1066.8455333127256 200.31951673874426 1.5253813 1.6301429 4.143051 14.215036 0.94896954 26.493393 0.40371382 11.32099200759485 
Car -1 -1 0 638.3491878368515 174.35415628814437 659.1844747423576 193.1395623126027 1.4465132 1.6119869 3.8025527 3.1137893 1.5707041 57.80066 1.6111319 4.497031422951787 
Car -1 -1 0 460.10710740936963 181.38971783854078 508.98468231345987 212.90196386911703 1.4621408 1.6182475 4.0435762 -6.2823806 1.9199965 36.647778 1.6149144 0.9706097402160628 
Car -1 -1 0 685.2976646940247 172.17915614621649 741.5415331849008 193.90059529961556 1.4941776 1.6986938 3.7746234 7.3956146 1.447756 51.607143 0.84259087 0.38341575860977173 

