Car -1 -1 0 174.19244944707816 198.02876295468369 413.84671499616945 345.6130362456556 1.4666144 1.5962528 3.4076717 -3.8657844 1.857441 9.479624 1.5940306 120.8494618715777 
Car -1 -1 0 660.9407415628106 182.5357115631385 717.077374227759 229.27703470327432 1.440555 1.5910181 3.8808215 2.6770897 1.8022954 25.00339 1.5904044 75.06959758742228 
Car -1 -1 0 835.8963667565462 167.51483876713968 1050.9634991507949 234.26533863268918 1.576448 1.7257569 4.5664883 8.190886 1.4503528 17.960827 -0.025252717 81.34789443997657 
Car -1 -1 0 759.8731390093056 168.94183033052454 887.8588923981491 211.05868094278824 1.5345447 1.6589568 4.3273153 8.032798 1.392003 27.25216 -0.062327906 50.312173119211025 
Car -1 -1 0 397.95716432455873 191.05045967760867 459.3735548784353 236.2700521972872 1.4162872 1.5031474 3.641963 -6.4296913 2.1180477 25.962738 1.5089887 31.108113027138735 
Car -1 -1 0 1033.3352247019498 153.74707088254124 1136.7742938362421 189.52234521393427 1.6290066 1.6452599 3.7761953 22.17235 0.7589834 33.72909 -0.027526736 21.908260120962666 
Car -1 -1 0 304.6241491909243 196.60873493683866 411.75775528152883 264.6518536651628 1.4344386 1.5859485 3.6533852 -6.2605524 2.100282 18.366508 1.5291259 14.51067153710283 
Car -1 -1 0 803.7370266472242 162.59509140491753 960.7000345366519 222.81047169244493 1.6823986 1.6532676 3.9616327 7.891822 1.3957678 21.091152 -0.053626068 36.2471845838515 
Car -1 -1 0 697.6640458904606 171.6974854631212 757.9878397208757 193.47178122513716 1.5691414 1.7009058 4.297038 8.654958 1.4857981 53.079506 0.11072804 3.6647553149685175 
Car -1 -1 0 995.6105813434774 157.37394371985832 1085.5310967954474 187.85642879101027 1.5223914 1.607763 3.6466293 21.978905 0.7492684 36.87417 -0.018956732 5.969401708056054 
Car -1 -1 0 474.4996907873877 185.1984383430699 519.4010740311794 214.49052959615344 1.5002432 1.5288486 3.8766968 -6.288931 2.23035 40.662895 1.6837842 5.321575733354295 
Car -1 -1 0 1082.1666615855138 152.39464179852553 1205.8485056765815 189.01624637987408 1.4941609 1.6419865 4.1294584 22.478323 0.65941924 30.42264 -0.08027232 6.7354969706369445 
Car -1 -1 0 950.8969362573127 158.69184539357428 1001.9179952171992 186.58008929070144 1.4845994 1.67046 3.904158 20.517925 0.73069274 40.501225 1.800489 0.7084317119813781 

