Car -1 -1 0 310.9047396553481 189.81172404020242 400.2493255831885 248.6094960123373 1.5262249 1.5817654 3.7140641 -7.1886773 1.6719809 20.878456 1.4834025 95.83644958374033 
Car -1 -1 0 668.8002142037184 183.0634541624453 730.7138847545059 238.54118545913053 1.5719078 1.6876576 3.2797368 2.9131043 1.510926 22.138414 1.7619615 58.53776486720178 
Car -1 -1 0 121.71480919480116 191.68347090352358 319.20544830713084 302.5399068924517 1.5855124 1.6339061 3.9301634 -6.4730825 1.7167262 12.5511 1.4776275 112.01163162439734 
Car -1 -1 0 75.73232745780824 201.07420252548275 241.2313520162003 272.6867536616793 1.445094 1.6236123 4.079477 -10.683933 1.8768818 17.498646 1.5260282 10.097272236110294 
Car -1 -1 0 290.97270177203137 194.99596332344953 352.3903908317259 231.11197124342638 1.416429 1.5102687 3.6170745 -12.262882 1.8646854 31.076504 1.478154 8.67199384732601 
Car -1 -1 0 753.4320281686042 181.88542608202565 789.9201191348116 206.707253362672 1.6608524 1.6249049 4.09886 11.546921 1.4380207 50.29857 2.0180786 6.346639904892368 
Car -1 -1 0 206.8685515426083 192.7740758037809 311.1851438543522 242.77383794051386 1.4732544 1.6119502 4.068564 -11.409618 1.7458718 23.866219 1.5352376 8.454429907812472 
Car -1 -1 0 8.044842886176948 207.443328560962 149.5784192583697 265.0936274718791 1.4035773 1.5822369 4.0309305 -15.384699 2.1242104 21.211214 1.4529032 7.0544717328517335 
Car -1 -1 0 358.75226530442404 188.22748315841767 403.40519890359576 217.79778146243459 1.6780972 1.6607194 3.9624386 -13.537176 1.8677511 43.23742 1.5080781 4.354005894135844 

