Car -1 -1 0 767.9960729454407 192.1484248542943 923.7650732545354 290.6448560228896 1.4100385 1.6328082 4.05125 4.0964985 1.8174038 13.183284 1.6026851 77.64582759932178 
Car -1 -1 0 729.7920961902668 183.39698296022212 822.1556122742321 250.67434576134352 1.5472335 1.5725203 3.4052625 4.2391396 1.8477268 18.848457 1.5526329 68.81651814244609 
Car -1 -1 0 481.2580453008346 189.3032133614124 541.9965760522571 230.19724111431893 1.4476403 1.7263474 3.8768816 -3.8730955 2.1567473 29.121288 1.6263745 46.82792346847032 
Car -1 -1 0 701.6674190340376 184.70101082767624 750.5229662666992 224.97702191832548 1.4827871 1.5466332 3.574054 4.6946144 1.996099 29.447514 1.6094296 15.154120893391948 
Car -1 -1 0 713.1094566068382 185.98414105508326 778.5751465670609 235.89637621475902 1.4609265 1.6100967 3.8047488 4.4586487 1.9341323 24.070335 1.6116205 30.568244914116697 
Car -1 -1 0 571.9085196526696 185.9215689812897 598.9181677628037 207.80828323395733 1.5748434 1.6056237 3.8200483 -1.84886 2.6297388 56.26548 1.6723096 6.31073566694903 
Car -1 -1 0 844.9297212478442 151.7525911610655 1242.0 375.0 1.7493013 1.7256267 4.538728 3.817025 1.6177588 6.7697296 1.5679765 40.88463614664124 
Car -1 -1 0 1005.1254506703069 175.8806107017103 1083.7848807094 209.53213340469222 1.4628611 1.5889555 3.929002 20.23621 1.6129633 33.757286 1.6589646 1.3933066255110798 
Car -1 -1 0 519.4798860408345 187.5413741840016 565.2439639673621 223.06778924152363 1.5328628 1.5160081 4.0124617 -3.1891448 2.2853296 34.902306 1.6563843 1.7329041092188626 
Car -1 -1 0 1087.3060982195407 158.38777910314622 1230.5393089970632 233.88763161535633 1.7156056 1.6447575 3.6072826 13.7771435 1.3868853 18.349728 1.8295109 3.6041834006160145 
Car -1 -1 0 1088.503564523267 130.79185805419297 1242.0 252.85774526593914 1.7340536 1.583374 3.6342359 9.740498 1.1365237 11.728292 -0.43082723 0.6112976769671139 
Car -1 -1 0 880.6753149928373 179.24331617412534 921.3117086830792 201.9671947778196 1.4725552 1.5833731 3.9341931 20.11467 1.9328549 49.94238 1.6749463 0.2546030879020691 

