Car -1 -1 0 681.8646362161917 179.8957842747103 863.5956555015011 304.83574398394495 1.465073 1.5510895 3.3727405 2.1555014 1.5839304 10.41901 1.4634757 99.07470279036771 
Car -1 -1 0 581.4278613932386 171.3007235574032 692.1174105507083 215.03582057107727 1.4640338 1.5982127 3.7553885 1.0069942 1.4120377 25.875683 -0.6022127 107.22567466631192 
Car -1 -1 0 773.7758977552608 166.29469344244245 898.6054219406973 218.2163003541282 1.4349046 1.5686326 3.8515975 6.8546333 1.2536316 21.693287 -0.61604416 52.68850155453165 
Car -1 -1 0 862.5469990199039 163.82326122777562 972.5963343429265 210.6144556712154 1.4659827 1.6338624 4.073981 10.498339 1.1830467 24.488993 -0.64989966 71.79852623006606 
Car -1 -1 0 944.5944198581926 166.5102459212217 1033.5946645908118 207.0846142646671 1.4333441 1.5493393 3.5398579 14.30776 1.2092423 27.152893 -0.6247899 59.232288874228594 
Car -1 -1 0 719.393798728166 172.7411589222225 815.9125960862432 210.18045424976992 1.4477183 1.5669858 3.9466844 6.5241127 1.4433547 29.643013 -0.5845104 21.037611262684983 
Car -1 -1 0 1002.6087531030744 155.41281010366552 1093.1522756149993 203.55999301060183 1.8563635 1.7196741 4.2107196 18.11383 1.1839006 29.760447 -0.63478434 39.87010588089573 
Car -1 -1 0 1107.5144546703368 161.8023569781415 1173.5039013307942 193.81740942884082 1.5067077 1.6273596 4.0177007 26.399815 0.9865898 35.83877 -0.66643107 4.0798366351465525 
Car -1 -1 0 1090.0536026849356 165.25902498344402 1137.7059294163791 187.9775649094003 1.5208588 1.5486668 3.6654673 34.954323 1.0124242 49.98973 -0.6127172 0.8870098239319146 

