Car -1 -1 0 641.4268581730938 177.16553996530553 680.8099086485161 208.92505039142426 1.4725922 1.5577135 3.6706653 2.5107546 1.6978046 35.825493 1.5323625 24.66729204877026 
Car -1 -1 0 696.456552376501 167.74059023691092 857.960564795429 289.16666581829446 1.7904607 1.743701 4.44835 2.7478218 1.715062 12.885944 1.5440774 108.83600568952345 
Car -1 -1 0 660.4333978815298 178.5950870120535 726.9564605836214 229.29768537124534 1.5097322 1.6516818 3.9628587 2.7011044 1.7161356 23.939316 1.5458626 35.87597972853627 
Car -1 -1 0 0.0 188.7974189365391 339.0570606554177 307.87776978829015 1.4730507 1.6271062 4.25198 -6.177635 1.7124968 9.99381 0.013698367 63.65778775467427 
Car -1 -1 0 97.33257432047817 187.66073301386808 370.2469459689739 280.4993459257616 1.4315448 1.570664 3.888439 -6.29964 1.7034128 12.333034 0.0677764 48.33506379636 
Car -1 -1 0 244.37061600912998 177.15888273683888 421.8578177154558 249.77403276762124 1.6240414 1.5921261 3.6226783 -6.4556894 1.7316122 17.136505 -0.054389797 39.70346330688527 
Car -1 -1 0 375.6892358330597 173.04949847511998 489.45850994473096 218.8987559430068 1.6234465 1.6492306 3.731592 -6.462528 1.6309111 26.553862 0.09444955 21.1039319434929 
Car -1 -1 0 412.09371173134735 177.20004513330937 512.5991048684114 210.39232485868186 1.5208628 1.6811131 4.4192953 -6.906413 1.7316875 34.14345 -0.007931415 10.001096145398051 
Car -1 -1 0 677.6129408308484 182.83464290991137 764.4744683641552 247.1353693318203 1.4389493 1.5395911 3.3177545 2.7411954 1.7165384 18.37084 1.5181122 23.36589192589434 
Car -1 -1 0 440.6124400064569 170.71042629903084 523.2908863689776 203.87630343491554 1.7528696 1.6845751 4.1682568 -6.8449883 1.6395781 38.97677 2.8521055e-05 7.167163262477452 
Car -1 -1 0 633.5738966819416 175.46613140219026 661.3540942460643 201.78902307928337 1.6205556 1.6306264 3.7180042 2.4151235 1.7962179 46.656933 1.5789257 6.377869368251374 
Car -1 -1 0 171.90936928696675 183.0484776661813 394.29039369297647 258.59162565936816 1.4657767 1.588575 3.90895 -6.671209 1.6891826 15.0138235 0.0020310804 10.04134617176726 
Car -1 -1 0 537.0509248251557 174.86076834206494 562.3237831107175 196.66968337325554 1.6529827 1.5932949 3.2627547 -4.735941 1.8157725 56.77177 1.3649637 8.32181341210944 
Car -1 -1 0 280.62968896715114 174.57056167338004 462.41354076925705 238.56987662424805 1.6511717 1.6787227 4.3634806 -6.339939 1.699689 19.52789 0.012187009 10.396909774514137 
Car -1 -1 0 342.4231679749128 180.33142085757268 476.8217428209169 227.3783280136571 1.4734468 1.5896224 3.9776633 -6.5508766 1.7305164 23.853277 0.08083235 1.9962975822723714 

