Car -1 -1 0 650.7794636053416 179.77408115240854 792.2212130628218 280.26164329001114 1.4986223 1.578987 3.3266177 1.828716 1.6378376 12.759096 1.4320525 100.3590455969227 
Car -1 -1 0 563.6051159250792 175.5779081713914 667.6238561932742 214.71739617422702 1.4172046 1.5990722 3.9122362 0.27701923 1.5305852 28.206966 -0.65581155 100.46266916369997 
Car -1 -1 0 736.5592287831995 169.1384763259562 848.6480065147088 216.4889465195245 1.4676181 1.5973208 3.8714852 6.1775937 1.3524561 24.181316 -0.65964496 61.70225519236599 
Car -1 -1 0 817.6391909315062 165.70689214121836 918.6003522514674 208.57683087138503 1.4931865 1.647798 4.09483 9.736557 1.2442482 27.048695 -0.6698937 68.22699926336175 
Car -1 -1 0 895.7679639425174 166.52691086774058 975.6650321405244 202.92188021396038 1.419557 1.5471562 3.5607715 13.521979 1.1727737 29.853155 -0.6680427 54.51736348058291 
Car -1 -1 0 948.785094312734 157.41798168036183 1031.483176398909 199.75732642881724 1.7957592 1.7106498 4.1755123 17.203362 1.1410637 32.55188 -0.65399647 31.5690299524709 
Car -1 -1 0 692.2245407855445 173.1125590417023 780.5507681826649 206.3321255170667 1.3975139 1.5568064 4.0363426 5.7008924 1.4097204 32.22364 -0.6496266 15.423072599521504 
Car -1 -1 0 234.39120871583063 176.26630165576762 287.5124815067937 212.06418923313862 1.5178276 1.609262 4.181208 -16.083086 1.6851124 33.190903 0.9747704 3.775500660673346 
Car -1 -1 0 1098.669508543067 157.6639145108708 1161.1840755835783 185.65144399772316 1.5407729 1.6329398 3.9092531 29.931965 0.70452625 41.47976 -0.5829091 1.2169272156998225 

