Car -1 -1 0 640.0805907028702 187.15705366818847 698.8916015060003 228.1315571829532 1.4177378 1.5291648 3.421875 2.2638998 2.0092192 28.032225 1.4209758 70.15031241388081 
Car -1 -1 0 819.3080624905255 181.3035044989995 1007.8412474948419 260.04330716992445 1.4585872 1.5704651 3.6051288 6.475527 1.6659267 15.746002 1.0780327 118.9053255550285 
Car -1 -1 0 623.2915203428337 184.7670315904835 658.8488381469873 216.27876538047948 1.4902078 1.5292795 3.9160726 1.5951152 2.1440072 37.611584 1.5306312 20.709695674176277 
Car -1 -1 0 329.92965773786375 192.33682776848897 465.3964695250864 239.6081841948882 1.4534552 1.6022787 3.9782364 -6.8763046 2.1148186 23.676056 -0.008108814 39.016439903157874 
Car -1 -1 0 241.22199895626926 192.31295283972133 416.58434168911134 253.34911573052352 1.4818559 1.6250702 3.9638762 -7.2628927 2.014913 18.913464 0.020145629 15.675513098329684 
Car -1 -1 0 0.0 201.15409720136213 261.8449164036511 332.3518733722651 1.4566735 1.6065913 4.0113955 -6.834834 1.8518684 9.226683 0.022987748 29.483704013370897 
Car -1 -1 0 389.92713598289663 191.64186465883967 488.66387809895485 227.663993083662 1.4448781 1.5768442 3.807086 -7.170318 2.2630658 30.606922 0.014076503 13.877162851001705 
Car -1 -1 0 189.5955325701518 185.39653549599322 388.5005126777622 264.16589366508293 1.668195 1.628984 3.8043582 -7.1765103 1.9687994 16.425106 -0.028222106 7.310334039718693 
Car -1 -1 0 366.6236686547587 191.5882268072704 475.65760682137346 230.7777203463905 1.4493084 1.5687009 3.8575397 -7.350741 2.207728 28.355534 0.0366797 4.455898032840205 
Car -1 -1 0 340.95801740867336 191.72933860580514 458.9379024116909 236.43729819736248 1.5030656 1.5598867 3.7643337 -7.478583 2.204972 25.926624 0.067322254 3.158376271124131 
Car -1 -1 0 491.9423793954129 187.96374593090968 524.855029409086 215.78609573593644 1.469787 1.5951403 4.05367 -5.902304 2.4017782 42.435486 1.512255 8.236816964766422 
Car -1 -1 0 409.4766058928547 189.52780816910365 498.30803520635044 220.86986903703496 1.4551295 1.5561826 3.9859939 -7.616281 2.296929 35.471954 0.09092745 1.9639182985955785 

