Car -1 -1 0 707.6814333501097 186.85420700558834 830.5619484007956 271.0654681669809 1.3875681 1.5879929 4.179993 3.0675936 1.7129612 14.677371 1.5741241 96.74484890162908 
Car -1 -1 0 533.8037938296288 179.41581876053712 579.496328704897 217.75542569358572 1.4439912 1.5479637 3.6671698 -2.1168694 1.7304664 29.654173 1.5880461 52.6601488204583 
Car -1 -1 0 655.36540416474 173.67441626822512 703.8887618238316 214.60407478120175 1.7663887 1.6604362 4.2426825 3.1714644 1.8067935 33.380424 1.528082 73.47360900307632 
Car -1 -1 0 105.74376968420218 183.42629601901828 406.9031202314097 283.79582223720075 1.5062454 1.651737 4.179867 -5.6746006 1.693929 11.912958 0.03382261 87.05061848253646 
Car -1 -1 0 459.3099181551386 174.07854780911038 537.1848007461303 207.3079162898093 1.6349702 1.7097338 3.802069 -5.5907955 1.6988122 36.59718 -0.0890052 38.98160382718514 
Car -1 -1 0 326.367606087127 175.51535504948632 476.04516521599027 231.5515753162798 1.5378861 1.6614729 3.9335968 -5.9351025 1.6188161 20.92037 -0.099036746 43.4150563268624 
Car -1 -1 0 226.82989660478847 183.29343797250553 432.5734981424417 262.3540961203004 1.4723599 1.5396227 3.5821266 -5.5929165 1.6978037 14.634684 0.10143408 57.428294091106515 
Car -1 -1 0 0.0 167.17866847334588 266.9295120023741 309.15153966141827 1.6499816 1.5931065 3.7168055 -6.642859 1.584024 9.275844 -0.05100821 20.719914826381757 
Car -1 -1 0 706.0269201278876 173.93055484351552 765.7426212059443 195.10394003225142 1.4903905 1.6300443 3.9442835 9.052668 1.569219 51.860542 -0.08142419 2.677623724167453 
Car -1 -1 0 275.1064118761448 181.92488761118798 452.90622076504076 244.52612946313874 1.4966766 1.6141095 3.993597 -6.2009506 1.7406156 18.463552 0.06777157 0.5714833159877312 

