Car -1 -1 0 634.8470157592395 177.60876391841435 673.6346254975437 206.9450653700228 1.499734 1.6399946 3.9596047 2.398809 1.7738682 39.571983 1.507015 31.449587023523964 
Car -1 -1 0 716.7745071732174 182.9518760541427 854.8569890886382 227.73578953187538 1.406415 1.595926 4.2041636 5.8581996 1.7596898 24.188957 -0.12514152 35.773185363598095 
Car -1 -1 0 793.3208541525039 183.3603546416696 983.2525706016665 253.917544105769 1.4770238 1.5661795 3.6678696 6.1828623 1.7262421 16.240244 -0.050771218 39.95245095350762 
Car -1 -1 0 743.5376932005128 183.273406551598 888.0487585820097 236.24108689639294 1.4618148 1.5689977 3.7935436 6.0380034 1.7842023 21.317402 -0.12102352 49.80448348021644 
Car -1 -1 0 196.04506636303444 179.1828205664922 407.2333122487469 253.91323109793757 1.5045363 1.6113183 3.8836336 -6.549478 1.6492203 15.5877495 0.053022243 27.65179620335804 
Car -1 -1 0 0.0 175.9034243680895 292.2416679035687 335.1842790021499 1.6017525 1.6478933 4.19425 -6.0558558 1.6401628 8.189381 0.03608206 90.2925007867264 
Car -1 -1 0 104.69961768646847 183.1350494413558 379.66563622288265 272.57664323454446 1.4809339 1.6249498 4.129425 -6.4724593 1.6795764 13.0467415 -0.03993428 57.07943946894001 
Car -1 -1 0 281.9106762587897 173.81950229618462 446.74216525494927 235.461045819146 1.6427243 1.6615672 4.050114 -6.746765 1.6708862 20.15136 -0.031736042 38.44067467869818 
Car -1 -1 0 714.9880777029479 173.52501461822172 833.5916236195744 223.73182743669113 1.7624106 1.6812004 3.895923 5.9703894 1.7879021 26.3833 -0.09827905 18.921430169143797 
Car -1 -1 0 834.3133337037442 183.77063972258875 1089.0524325241868 271.2045116973324 1.4691547 1.5469301 3.883195 6.276085 1.6808112 13.160286 0.028875325 20.947040836692036 
Car -1 -1 0 883.2668080022524 176.15323876085225 1203.6445403927726 288.98168843689075 1.5476995 1.5954883 3.8303442 6.330695 1.601558 10.86488 0.061474703 63.9830803310477 
Car -1 -1 0 781.0592285569205 182.47403920894635 947.9959662514993 241.914071802707 1.4496877 1.5749403 3.818506 6.613665 1.7149172 18.905293 -0.10756074 11.190419697860778 
Car -1 -1 0 0.0 179.79394588089752 294.5893385857871 292.9986542797808 1.5386515 1.6152661 3.8069806 -6.945217 1.6500051 10.743269 0.013914131 39.37179671439778 
Car -1 -1 0 429.18596878988205 175.57061573259355 520.3107505053543 210.47832929092863 1.5904995 1.6550655 3.9469318 -6.2847466 1.7214549 33.89754 0.029030984 2.28496255845902 
Car -1 -1 0 312.19951935500967 166.28535351092424 465.02132698066777 227.341933236768 1.8387126 1.6756933 4.297515 -6.836487 1.6408983 22.640745 -0.03461612 7.877100568327144 
Car -1 -1 0 444.55677933298097 177.2480694246469 528.2204723129715 207.9961750365518 1.4984362 1.6007198 3.8817692 -6.178648 1.7260487 36.407402 0.08821219 2.415334609819632 
Car -1 -1 0 431.545772425975 154.79853513819882 457.8321063300413 175.8316074217062 1.7584398 1.6656246 4.034366 -14.221071 0.24893826 62.402794 1.487212 1.3536856605527083 

