Car -1 -1 0 676.4300483968801 181.54985484003294 764.5744549539936 245.80011889785104 1.4220572 1.6265258 4.228943 2.7396092 1.6724014 18.65733 1.5701803 90.77217677475595 
Car -1 -1 0 747.4350882830418 180.28095402094274 872.2728889186932 228.46089127632635 1.487505 1.6365464 3.7160282 6.463392 1.7408077 23.59843 0.1059939 56.71299981720108 
Car -1 -1 0 314.083590368195 179.84789758871392 484.00159349704137 235.86480457429295 1.459175 1.6439655 4.2781024 -5.725692 1.6627321 20.020157 -0.07511266 65.7063193280197 
Car -1 -1 0 16.504725164696172 180.71020174986668 368.7696566791472 289.7730327149478 1.4770851 1.6618904 4.278003 -6.0002656 1.6032884 10.742607 -0.008125281 128.7444345846852 
Car -1 -1 0 168.19347316265 177.50043839578393 402.08795606998143 253.27673695102814 1.5046208 1.6120833 4.214938 -6.721118 1.608027 15.242353 -0.004461514 37.38376802825333 
Car -1 -1 0 665.8907099991771 177.30254721863034 725.975839908738 200.78737959743884 1.5066059 1.6338507 3.7173831 5.6569557 1.8050351 47.514706 -0.039367255 10.756162004292595 
Car -1 -1 0 423.2280190153064 175.65815857583524 522.3097651614443 209.02695685451397 1.4589746 1.6301705 4.127555 -6.148848 1.5897014 32.67347 0.07322135 10.873182004557089 
Car -1 -1 0 219.90662571823037 172.97822716700105 400.5639050053023 240.6713404933567 1.5676067 1.6125281 3.782253 -7.2156124 1.5708199 17.687984 -0.09131796 19.765185596870005 
Car -1 -1 0 88.04520024757237 179.47804969554866 342.28105531525034 270.86042440835956 1.5212771 1.5743556 3.7263079 -6.9856577 1.6499423 13.08112 -0.0802495 13.610535979337394 
Car -1 -1 0 459.7545485022446 175.85350632181033 536.726065994406 206.35611298485694 1.5161996 1.6057698 3.8285635 -5.6810656 1.6746259 37.088196 -0.11743295 4.031879857442489 
Car -1 -1 0 735.2038766415718 178.63991944450424 847.8625237991241 218.44500902725878 1.4799423 1.6129919 3.9718907 6.9779396 1.7108132 27.933413 0.02584125 5.584791136931084 
Car -1 -1 0 465.92201073038393 170.91094013855871 536.2695579288405 199.11791201506782 1.6170969 1.6268729 3.9348958 -6.3107834 1.5057017 42.277203 -0.050477546 6.8725018854945565 
Car -1 -1 0 627.4488588648081 176.5391244154894 651.2437586832391 194.07536107845053 1.4402187 1.4883683 3.4822042 2.526031 1.7653588 61.842407 1.4478102 3.1439420542340932 
Car -1 -1 0 403.6097205670099 176.54027338771718 505.7710596211423 213.12553886772454 1.4734547 1.5865904 3.9763184 -6.4065304 1.6320924 30.146544 -0.05667676 3.6838157078569687 
Car -1 -1 0 704.0226324296374 173.58820699958574 789.20336653464 205.47930762595703 1.538348 1.6154276 3.8847508 6.7386847 1.5755645 35.709778 -0.029556341 0.8779704609477119 

