Car -1 -1 0 672.4281732709017 180.79154287391552 739.363257285608 235.72893232533565 1.4485567 1.5603726 3.8251653 2.7825642 1.7064068 21.5107 1.591577 98.06743770622657 
Car -1 -1 0 220.64036510614332 194.64095243465925 372.80615524558857 280.76315224114694 1.4508622 1.5712261 3.638781 -6.26732 1.9557065 14.898133 1.5684307 78.66891989670732 
Car -1 -1 0 786.4466309816787 163.96168205694192 941.0157010753243 213.91834961464966 1.5772412 1.6992735 4.485896 8.281231 1.2964911 23.734602 -0.047000404 78.9220928971567 
Car -1 -1 0 363.57130811935326 189.6911856014101 447.3147334955462 243.83015610530683 1.4550931 1.603068 4.131131 -6.3244343 2.0356078 22.78555 1.5366471 52.34987653287771 
Car -1 -1 0 890.803294261348 165.57825407797606 1162.173547431365 244.52284831272917 1.487071 1.6959305 4.4759207 8.208555 1.3500185 14.471289 -0.014245218 116.9546971047896 
Car -1 -1 0 1084.4055361352016 149.87558182673627 1201.6790886355832 188.36182410175925 1.5618427 1.6151172 3.708634 22.194155 0.62933594 30.104694 -0.008539123 21.603291221233842 
Car -1 -1 0 1149.2236334430213 146.77612967694375 1242.0 188.81191428939422 1.5102129 1.6533695 4.223549 22.76495 0.5733173 26.826328 -0.036769897 16.22196799226464 
Car -1 -1 0 1038.1367788252326 152.35344731015718 1146.3462091335975 185.81136570238831 1.4999176 1.5912623 3.8826046 22.15377 0.5808782 33.21379 0.03719626 9.734361156463338 
Car -1 -1 0 464.4344689488108 182.39995683583186 509.89722957244607 215.27603646109316 1.5537722 1.5593946 3.8769531 -6.251236 2.07202 37.207108 1.606437 11.729427168768781 
Car -1 -1 0 842.2644433558252 155.0360118868017 1048.2294821090468 227.79924981026377 1.6849282 1.6983428 4.2581024 8.095116 1.2723292 17.635933 -0.037206985 19.45593473431333 
Car -1 -1 0 708.998954027249 168.71359615056133 771.7957329945585 191.7263732961358 1.5443399 1.6608508 4.0976257 8.918955 1.2664857 49.427216 0.0875102 2.0086852452201236 

