Car -1 -1 0 631.4461690327912 179.76695839253222 702.2961691010245 228.8233345673142 1.3954968 1.6107597 4.210896 1.751351 1.6395178 23.302864 1.484941 85.08369483893631 
Car -1 -1 0 903.6355567390423 192.81136915683481 1242.0 351.6936461863126 1.4556057 1.6076663 4.0403233 5.507319 1.6959205 7.765303 -0.059746653 80.87839204754543 
Car -1 -1 0 613.4480132394169 175.91791054731252 649.7908792570013 205.21974516340404 1.4658152 1.5242504 3.935982 1.130342 1.638046 38.538525 1.4932015 9.561304111901267 
Car -1 -1 0 860.7767480333623 163.6652902763499 1202.1434928868432 302.1951467693875 1.7633827 1.6425029 3.8678582 5.7462416 1.6464171 10.114496 -0.056873918 51.54125221618561 
Car -1 -1 0 290.5181860540986 183.47712307979432 445.5129484784906 238.7198194152205 1.4478321 1.5485623 3.7875743 -6.646655 1.7559104 20.080265 0.037566382 19.19110115204057 
Car -1 -1 0 338.6484115874719 179.94626800100093 453.45277481207967 225.09414005716332 1.5042176 1.5449892 3.5287323 -7.40477 1.7606106 25.200907 0.06382496 22.403111146126204 
Car -1 -1 0 216.20800017591745 183.42754086676052 408.5920542080579 247.77517180067878 1.466219 1.6239339 4.0064874 -7.111856 1.7352469 17.534985 -0.0057496075 42.12565778329498 
Car -1 -1 0 408.22266450010125 177.76238563376918 498.990079344241 209.87074797507748 1.493104 1.6379498 4.0057764 -7.4334936 1.7343242 34.63272 -0.003974667 5.593914720941882 
Car -1 -1 0 610.401835642681 175.1798386821404 643.6562790875607 203.3535772909378 1.6143339 1.6279093 3.750288 1.0139855 1.7611008 43.597008 1.4909241 3.5967657575902185 
Car -1 -1 0 470.3129405980185 173.84786609914158 501.58709408752554 200.50651704041823 1.4920801 1.5859405 3.980307 -7.3464575 1.55376 42.66078 1.3409321 0.5788942812981018 

