Car -1 -1 0 341.99464722429235 185.26739156687344 465.86733578592356 264.5630855499676 1.5268927 1.6583686 3.7926183 -4.515237 1.8421438 16.408806 1.5944726 109.86146632757833 
Car -1 -1 0 779.9900766002434 185.36842071763255 957.2208132529088 301.23962808982753 1.4657898 1.6132926 3.8460035 3.8921843 1.6994615 11.511904 1.6206232 95.1704371532992 
Car -1 -1 0 731.3832829926455 179.82815880638978 836.3687426182096 252.48176295293896 1.4946357 1.6223607 3.760623 3.992936 1.678163 17.097 1.5835705 72.97992724163332 
Car -1 -1 0 534.7462219398211 176.82129572527964 569.6553740582636 204.86013978463077 1.6014168 1.5853403 3.4440272 -3.4171233 1.8503106 43.489803 1.6462991 24.3752038623048 
Car -1 -1 0 425.6130694426244 184.8638920839445 505.69593736337686 238.27202940862304 1.4329171 1.559431 3.7248092 -4.3076954 1.8324316 22.106678 1.6158113 44.27265240282618 
Car -1 -1 0 701.5767717968891 179.7099769399497 778.6768582611362 233.58403059875167 1.4725555 1.6314645 3.976154 3.9154077 1.7026523 22.222614 1.564365 46.99038490439992 
Car -1 -1 0 465.12145385997206 182.59174153862017 527.9030802851796 224.78950353239384 1.4275637 1.5771497 4.143659 -4.217564 1.8268816 27.484539 1.6137049 18.089004636939023 
Car -1 -1 0 689.4729459415133 179.13406480709725 747.7726060599324 222.83064119317623 1.5164313 1.5843737 3.5510101 4.063632 1.7701358 27.352654 1.5436976 6.2589581818331625 
Car -1 -1 0 687.4160989673427 176.88916322540123 733.5243299426286 213.17049986243873 1.5382366 1.5667841 3.4817717 4.5222054 1.7310662 32.730495 1.5591556 1.3979947825959407 
Car -1 -1 0 932.8924331293915 173.4398662940725 994.2124931079189 203.24292579704655 1.4793291 1.5802028 4.106316 18.563776 1.5119262 38.022152 1.6743213 0.891562793049962 
Car -1 -1 0 551.1098587727904 175.75243335326527 581.2946066267725 199.66548155364396 1.5115697 1.5293332 3.9984374 -2.8525124 1.7131925 48.148384 1.6343768 0.8415057780145414 

