Car -1 -1 0 255.44593097310954 181.958197245886 366.3989293072262 237.6773893266501 1.4405603 1.6092663 3.5721233 -8.2668495 1.3563411 20.389198 1.5935969 61.57446272670755 
Car -1 -1 0 569.9065320999324 175.56950934898808 652.9904891161615 252.9043629576178 1.5645471 1.6818974 3.4005287 0.10400477 1.3693968 16.252298 1.5816066 68.89111680708858 
Car -1 -1 0 345.437450872713 186.5301325640728 458.815096628427 254.85447157094558 1.3863182 1.5563896 3.5349092 -4.5475416 1.4196008 16.42805 1.5793155 79.94341486253188 
Car -1 -1 0 442.268107086613 180.52675442951627 508.55881584803484 226.82659951820222 1.447916 1.5664546 4.1965423 -4.4108 1.3012806 24.591991 1.5535014 54.37243829633932 
Car -1 -1 0 94.69410197084429 184.33591923073175 228.76224801016573 241.1766629152853 1.5054771 1.6510674 3.6397748 -12.759098 1.4821754 20.864216 1.5649505 42.66791727880377 
Car -1 -1 0 400.2741859083194 177.9558067041804 450.71823790597875 209.91448499994112 1.4256167 1.6042219 3.7101448 -8.516745 1.1017666 33.95774 1.5234994 3.128893010093338 
Car -1 -1 0 632.9269234076473 180.22807876400378 654.9255720180673 201.40645416118775 1.5835416 1.5998018 4.185311 2.8873668 1.2106092 55.898106 1.6479278 1.3443831279544889 
Car -1 -1 0 191.10424338780427 182.3468612258955 272.4725564561269 217.41260864715622 1.4287629 1.6158137 3.7860334 -16.184969 1.3118714 31.19926 1.550157 0.34428510069847107 
Car -1 -1 0 315.63271766763364 180.95026044776398 367.4579783169753 214.1677154772019 1.4388988 1.5733656 3.7822752 -12.173086 1.2541305 33.13578 1.401391 0.32200413942337036 

