Car -1 -1 0 318.65880305751244 185.88363940389914 503.0053279938039 313.1291681473319 1.485943 1.7272414 4.409108 -2.7750404 1.7267399 11.108208 1.5447199 147.90665801921057 
Car -1 -1 0 504.7461794019949 182.58306303142345 560.8825932797766 228.28417408055793 1.5026071 1.569611 3.4311032 -2.721441 1.8794 26.204205 1.6030204 50.76811806784378 
Car -1 -1 0 654.2496685799542 178.24628888472603 709.2209307998173 227.74755724700063 1.6704953 1.6313182 3.506813 2.583921 1.8816748 26.495543 1.5598476 82.01479869538349 
Car -1 -1 0 742.9308485140798 190.84255467096455 1128.4862508046085 375.0 1.4684315 1.7125077 4.076604 2.5332701 1.6891882 6.796879 1.5472667 87.54783622790399 
Car -1 -1 0 713.1230337097688 179.40074901450112 860.616027509062 289.30971563492744 1.5577343 1.549672 3.588151 2.8297024 1.6853514 12.253606 1.5477083 42.781808602985556 
Car -1 -1 0 641.9299467972253 177.10053784755115 680.065622039364 213.39715498203603 1.706485 1.567127 3.8410954 2.5384433 1.9315988 36.312904 1.5496895 15.934282598916305 
Car -1 -1 0 634.8452999804281 175.29106886158345 663.1547330752329 205.04247757187292 1.9930433 1.6410971 4.109912 2.7346504 2.171502 50.756226 1.5393038 9.307154639421055 
Car -1 -1 0 550.5330955094972 181.05389490220495 583.5363922002585 204.26475614919264 1.5146796 1.5132406 3.8122573 -2.9361746 2.111376 50.502983 1.7311325 5.816545526903606 
Car -1 -1 0 643.1593137917426 180.42256997448536 689.7209840618025 218.97099291649394 1.5398586 1.516654 3.44574 2.413018 1.8866724 31.290743 1.4999586 2.2841622439198535 

