Car -1 -1 0 556.6089162869396 175.6039419494026 625.9727408136024 240.9775409439003 1.574127 1.6751091 3.3173156 -0.47243565 1.342686 19.01128 1.5160683 55.319653286616614 
Car -1 -1 0 316.97852894343214 189.98839753892474 483.10766689453277 293.02939757904363 1.3844502 1.6180172 4.448887 -3.230521 1.4797548 12.110499 1.5455964 101.23338170395459 
Car -1 -1 0 429.2452417025018 179.40308351153413 519.8904569366483 242.968115569973 1.477999 1.6371037 4.213223 -3.3406062 1.3428454 18.829533 1.5605803 75.48415771387329 
Car -1 -1 0 287.30526111972443 175.55326743057333 390.0149747514279 231.69371852795368 1.5092958 1.5842592 3.6522193 -7.779738 1.2495283 21.171474 1.5960711 30.067265157880133 
Car -1 -1 0 400.3966606465117 173.65135990054483 460.7509636060502 208.96913237566275 1.5411767 1.6594156 3.9924917 -8.124535 1.0365387 33.401733 1.6173666 12.096308452912552 
Car -1 -1 0 520.5355580715851 175.92470334759415 555.295798569894 209.22419470743938 1.5079608 1.5700926 3.729266 -3.2933946 1.08722 34.475533 1.4894111 7.514484942940398 
Car -1 -1 0 349.4969004082883 176.00927088848871 402.11077428080364 204.85644612196532 1.523104 1.6335449 3.7848396 -12.762865 1.0370132 39.8636 1.5911798 9.885355632901588 
Car -1 -1 0 480.69833358579433 174.7207695782544 538.6717065757086 222.13556014659855 1.5858557 1.6507866 3.9593184 -3.4517713 1.2348378 26.041534 1.5474817 20.07514104977672 
Car -1 -1 0 454.3643824064067 172.07272194711942 490.4102151690677 195.9541263556958 1.476472 1.6737931 4.0089626 -8.663392 0.6639052 46.46867 1.5451663 3.2780648470232565 
Car -1 -1 0 624.2954467584709 175.64201859523484 643.3188727294839 192.84288978361587 1.5249794 1.5822272 4.0959554 2.4083436 0.6762047 65.78102 1.5690813 0.2582607567310333 

