Car -1 -1 0 335.3164988822384 191.0016245542962 440.52358851355393 255.76663999737514 1.4660797 1.60639 3.8363917 -5.8014455 2.0009513 19.3396 1.5813304 80.89734524824512 
Car -1 -1 0 397.6463797376204 188.65686645250761 469.56437297997724 238.10109659790172 1.4550242 1.5126853 3.5438027 -5.8011074 2.0228982 24.149338 1.580332 47.840224076497606 
Car -1 -1 0 208.79099519300823 195.78855365339763 385.16727971807757 293.09850380644417 1.4850332 1.6192569 3.968025 -5.806118 1.9922924 13.956837 1.5935384 86.34906195441678 
Car -1 -1 0 799.2568414847595 154.7276094813675 934.0454261987524 200.18003762654723 1.5788889 1.687786 4.2688327 9.177655 0.9492292 26.003723 0.04523255 70.7640336263917 
Car -1 -1 0 439.8511223511785 186.64705701154287 498.6452091956883 225.43049405341915 1.4400835 1.5991731 3.84769 -5.780671 2.0531738 30.124338 1.6014416 16.61427623361762 
Car -1 -1 0 478.30694802896585 183.5816958346075 524.4824418143645 215.84950904938205 1.5373592 1.5846517 3.796522 -5.5815897 2.1257696 37.62507 1.6438646 15.640438068484798 
Car -1 -1 0 802.008377094086 157.286649545881 914.2571087389596 197.96582417035393 1.5585544 1.6459677 3.8662071 9.746936 0.9621173 28.481571 0.007294315 14.954965921514045 
Car -1 -1 0 661.0577503833754 175.24143896059232 709.0452509243373 211.9988781244652 1.5154928 1.5499568 3.9720774 3.2862196 1.6281475 32.028828 1.5270846 13.730204693015965 
Car -1 -1 0 1098.2989328246388 141.06407230861507 1225.0866347454198 176.46150716737807 1.472137 1.639673 4.1504292 23.532448 0.15003175 30.849215 0.010375741 5.747651223611643 
Car -1 -1 0 772.3477808062453 163.5345453671743 878.5591497268377 199.24128760785794 1.482586 1.6662868 4.07544 9.280339 1.0956311 31.13116 -0.17331523 9.435292225483987 
Car -1 -1 0 1126.2077364249128 137.32492510179247 1242.0 177.75177756233086 1.5293605 1.6843042 4.0008125 22.794565 0.18528432 28.251907 -0.05759665 9.192574329191904 
Car -1 -1 0 657.4688705590108 174.42482788145293 694.5526809428052 206.70710235814545 1.58909 1.5699947 3.7565308 3.413041 1.6750051 37.582344 1.5664711 5.302146473087151 
Car -1 -1 0 644.6593970633288 176.9785789643306 673.3501310815774 201.1825988229459 1.5075116 1.4631817 3.7277243 3.2175498 1.7897795 47.482555 1.5235424 4.32385482193269 
Car -1 -1 0 738.5261194852811 164.77618084073583 831.1183806681954 197.19928433914708 1.4778681 1.660918 3.9104111 8.244446 1.1096752 34.062565 -0.18410811 4.205711029449117 

