Car -1 -1 0 399.2589071195884 185.41540232731535 477.05087587926255 234.1621125648702 1.4298328 1.594608 3.8161566 -5.620705 1.8827895 24.088428 1.5989947 57.31092008384879 
Car -1 -1 0 325.4947193396485 188.89804206811468 442.8022579919244 256.8015333375212 1.4731767 1.6568551 4.003026 -5.6640315 1.9328651 18.643217 1.6068065 59.00651795321963 
Car -1 -1 0 438.05034407979514 183.07934117300354 498.1925183739932 223.85459504765055 1.476003 1.5711275 3.6160028 -5.5865808 1.9112757 28.877243 1.6097357 20.408026529474302 
Car -1 -1 0 1107.6459769251153 134.85031501201613 1240.3654707231576 175.47973325737578 1.6095889 1.6659641 4.0538054 23.011778 0.10402179 29.526978 0.054569162 36.577255300080445 
Car -1 -1 0 1019.8480972500882 145.65553147725117 1112.5543449812963 174.93981190165397 1.5012825 1.5887177 3.8825092 23.899601 0.10693064 37.838722 -0.028056657 11.444182154066107 
Car -1 -1 0 469.6803911347045 182.44344002210255 518.004744074777 214.82746083176798 1.420163 1.6078393 4.0787635 -5.5316734 1.911499 34.914444 1.5909107 11.77352118695788 
Car -1 -1 0 1072.65310611278 139.7231010505753 1191.3817645073577 175.65347346200517 1.5678873 1.6343172 4.1000867 23.36889 0.12215996 32.374466 0.035226267 6.194547896454773 
Car -1 -1 0 499.4314583949179 179.93780195461252 540.4225793409767 208.2374956905968 1.540575 1.585494 3.970891 -5.2070074 1.9764824 42.352356 1.6598207 5.379858578857797 
Car -1 -1 0 725.9758593931261 167.79971363844524 768.1684246767047 195.72052430295304 1.4493423 1.6503274 3.8818297 7.454386 1.1869789 39.41428 1.5945362 12.71492108472277 
Car -1 -1 0 779.5128282721435 156.66026400898045 875.4712869153776 192.5296304156527 1.5958023 1.672982 3.8687418 9.947497 0.87535447 33.08496 -0.07778062 2.4077361871537275 
Car -1 -1 0 757.4220042889509 163.4855089979339 845.6825430880172 194.63111903905383 1.4894543 1.6518898 3.8648586 9.415897 1.0414314 35.528763 -0.104591995 0.7305723564565881 
Car -1 -1 0 793.1277293285609 158.14953014460315 909.9337570488273 196.40643216354056 1.5571872 1.7104077 4.347784 10.088951 0.95866466 30.311954 0.040674057 1.7377636950408417 
Car -1 -1 0 519.8036929678435 169.29899131339803 535.4472175438596 183.86296452367048 1.582896 1.6240302 3.9116447 -9.112294 1.1965169 80.43861 1.4857087 0.7864772981516593 

