Car -1 -1 0 659.8432398860921 174.1280730285064 727.2169688988004 228.45766378996288 1.6304415 1.5986824 3.64307 2.6638434 1.6754048 23.60231 1.5175211 85.55093728279249 
Car -1 -1 0 691.0860468121408 182.3689677683485 821.3969345452641 271.5957254421434 1.4793944 1.6400402 4.227848 2.771661 1.6996253 14.560116 1.5370286 73.36398785168828 
Car -1 -1 0 744.5457248483191 174.49759724717126 1005.1054249577948 363.2856808081898 1.6678017 1.6586287 4.011077 2.7354035 1.6916316 8.435408 1.596109 112.3804104588955 
Car -1 -1 0 642.8788187998304 177.7704341565223 677.8629877556061 207.40667554010386 1.4370492 1.4961836 3.416125 2.5844913 1.7028329 37.282776 1.5492502 26.088965673475645 
Car -1 -1 0 0.0 189.38483362400024 294.010041883473 333.50953622147205 1.5098344 1.6342283 4.068632 -6.1895585 1.7297037 8.682658 -0.048207376 85.25395174869604 
Car -1 -1 0 11.982586441577837 191.83729735665062 336.63678078528085 293.1221735321431 1.4251117 1.583781 4.1438966 -6.642998 1.7440755 11.293473 0.018485457 23.047829811983192 
Car -1 -1 0 338.58069417296736 181.5968162522481 479.7872669260639 235.36703447135216 1.5493504 1.6052823 3.8606682 -6.1038237 1.8306564 22.172886 0.12833408 21.646953096858244 
Car -1 -1 0 420.59620323969676 180.0725341986098 515.0414320030876 214.16770063459262 1.481749 1.5944144 3.9278455 -6.351188 1.816227 32.57666 0.030393243 15.354257201127263 
Car -1 -1 0 360.6296195036699 170.47999614287053 478.597640676318 220.03002894477058 1.7984405 1.7191006 4.0314064 -7.0703073 1.7122748 27.159002 -0.055718467 12.054576857171702 
Car -1 -1 0 367.98687441516927 182.37811002677492 490.9207707826205 226.76146083147617 1.4629067 1.5533496 3.856225 -6.212965 1.806466 25.103416 0.077877015 2.292808184823445 

