Car -1 -1 0 346.9033164703021 188.4929468933049 459.1780116847647 254.06154225164997 1.4142035 1.6148492 4.409643 -4.9227962 1.5061194 17.943848 1.5545399 101.61443909576374 
Car -1 -1 0 232.48588940317822 189.09818700902045 342.17135570080563 245.22933650656572 1.3937693 1.5129924 3.4463477 -8.686382 1.5101448 19.818083 1.5626901 79.51647780184634 
Car -1 -1 0 37.76710079957752 189.84597098798295 259.7928487635486 288.11956783939337 1.4401286 1.5943933 3.7537603 -7.7511625 1.5336381 12.615513 1.5380559 107.50989523140868 
Car -1 -1 0 0.0 182.38844630316643 136.5815988931871 257.4972145844771 1.5431104 1.6110636 3.5396633 -12.731171 1.4850245 16.592701 1.497904 34.2400200692479 
Car -1 -1 0 347.0569573389387 179.92640053580035 399.5060340734678 209.04637011708627 1.5821046 1.6748519 3.9668443 -13.284144 1.294734 41.046375 1.5793562 8.525638215635968 
Car -1 -1 0 572.8206247724394 179.78335348762852 602.7686774979369 206.06784530455113 1.4098086 1.5886029 3.5676475 -1.0514339 1.1184366 40.341705 1.569602 9.597745268072087 
Car -1 -1 0 259.51095787153463 182.51608038122245 344.9725182234427 226.65567353164496 1.5689392 1.6648307 3.8543873 -11.545502 1.4729815 27.48723 1.5606552 18.618204493981352 
Car -1 -1 0 371.4264889612683 184.30945678322826 429.5046700274183 222.76445402887612 1.4822524 1.5828533 3.515078 -8.414801 1.4473212 29.514652 1.5042701 6.6175731248204785 
Car -1 -1 0 417.0758564127095 181.74523393906327 464.82936153851057 213.16983869106943 1.4877322 1.5951611 4.026503 -8.274303 1.3234303 36.072754 1.5356705 1.4042005455282567 

