Car -1 -1 0 152.988553858995 195.81365964811155 376.44978560186144 303.70933131365507 1.4335241 1.7120407 4.4066715 -5.768777 1.9110906 12.772968 1.6100003 121.26912110502316 
Car -1 -1 0 687.939210923218 181.5171006059109 760.2168960586166 233.72722001189808 1.4315971 1.519775 3.5816011 3.4369285 1.720114 22.209454 1.5293754 75.87913387237073 
Car -1 -1 0 732.2961349218168 178.4689914902687 891.3826023863882 285.9971510127658 1.5162911 1.6277279 4.1361237 3.2664173 1.6294744 12.467895 1.5811692 97.60853091106989 
Car -1 -1 0 330.08269654694317 189.69434153976923 434.00209107388974 257.2896556589164 1.4923453 1.5172544 3.50328 -5.73165 1.9670436 18.574017 1.5885224 75.36287996840578 
Car -1 -1 0 803.8702450895671 186.76472532877722 1216.9339905026884 375.0 1.4182646 1.6709626 3.9693227 3.2755752 1.5901009 6.907193 1.5446662 82.39843653714335 
Car -1 -1 0 420.6292156770007 185.13716920417667 500.1791998394184 228.33962472070255 1.4455234 1.660162 4.2903223 -5.604666 1.9542996 27.65017 1.7039276 34.020615715859485 
Car -1 -1 0 652.9795127079805 177.68346351458837 694.5488823549435 209.07155403999604 1.4882538 1.5457207 3.623109 3.2104454 1.7460006 36.64632 1.4996178 26.747599614353856 
Car -1 -1 0 669.3215854597661 179.32715340245977 730.1569325059085 221.6542861896975 1.4792764 1.6458757 4.1391726 3.41038 1.7491189 27.969986 1.5204935 17.78975797250536 
Car -1 -1 0 496.8448016117302 179.6333081115073 532.1670427618728 206.65062011335442 1.4903294 1.5735537 3.8759897 -5.5796595 1.9098794 42.71426 1.5726707 6.166785826632409 
Car -1 -1 0 646.4316779163822 179.7289052995196 686.1610805645371 207.51631387031722 1.5097136 1.5246544 3.4205096 3.2524843 1.9262974 41.909843 1.4070622 0.9695527422662946 

