Car -1 -1 0 682.7641692357187 181.4993555706133 776.0934465390876 250.9422212246475 1.4784509 1.6161274 3.6695478 2.817945 1.7123319 17.67081 1.5530722 108.2888258608127 
Car -1 -1 0 654.0106191588588 175.75970318081866 704.7946467138428 219.9872609854428 1.6166964 1.6521783 3.8521106 2.6964593 1.7394722 28.558048 1.5748684 57.2371361859241 
Car -1 -1 0 206.91596412571772 176.00606756246765 423.4305468116734 249.5532239442358 1.5443811 1.6709796 4.201315 -6.515514 1.6195414 16.220264 0.07209928 110.69359516326695 
Car -1 -1 0 0.0 173.0003449922966 282.4434409168679 325.461345702626 1.6054521 1.6793782 4.154249 -6.320217 1.6073732 8.536085 0.046983406 84.50708530096296 
Car -1 -1 0 12.25896948528488 179.0872472160367 311.14516688293975 286.23490182314487 1.498765 1.6103699 3.6929722 -6.789753 1.6033759 11.156504 0.081524774 15.0472109181827 
Car -1 -1 0 630.6752850551877 174.76973034142793 668.2460851027856 203.12590155791315 1.6418533 1.6204686 3.9235811 2.3907292 1.7643788 44.101135 1.4471219 9.373266356949467 
Car -1 -1 0 308.69569392619746 167.7608134042116 465.41952200742224 231.37100820571038 1.7815964 1.7172239 4.0481644 -6.432905 1.6389462 21.138048 0.03514128 45.46628503478413 
Car -1 -1 0 396.45504147060575 173.35824847258093 507.01150651032873 215.31149913278412 1.6098713 1.6711569 4.098137 -6.2008324 1.6306082 28.692097 -0.07207261 9.873278353276827 
Car -1 -1 0 636.4089209916422 177.0778653329026 677.9052065255644 212.98579495031194 1.5978465 1.6026117 3.9974847 2.2262015 1.8122786 34.606762 1.5386939 2.7221202894176235 
Car -1 -1 0 352.90587557890916 179.31712218841398 479.49635423128694 227.84414219064772 1.5150452 1.5784034 3.7019775 -6.2897987 1.735421 23.686714 0.069520675 0.2511535882949829 

