Car -1 -1 0 43.71135835213832 195.2650406778618 269.6998084919105 293.6554732710285 1.3980553 1.5723641 3.8782516 -7.5679207 1.6010262 12.566187 1.5529387 88.93181278875673 
Car -1 -1 0 427.105806337172 186.08224068932924 496.8076396865091 230.40798334974792 1.4271935 1.6368234 4.466727 -5.0390134 1.4606165 25.480034 1.554276 76.79551337188863 
Car -1 -1 0 286.2461783802227 184.91137997669708 387.1699141217986 236.97913281075927 1.4064865 1.5929682 3.7092175 -7.8743043 1.3982661 21.2733 1.570161 18.65164465974027 
Car -1 -1 0 48.2705504416386 191.0675177741621 197.01950150360932 254.1469742921851 1.4668896 1.5888389 3.734047 -12.59923 1.6370181 18.985455 1.5073085 17.6234621168358 
Car -1 -1 0 572.6635591020714 182.15616661543856 605.1468560103012 211.03316239314807 1.4717268 1.6557484 3.8412151 -0.96968496 1.3157966 38.57321 1.5512156 19.03845560170695 
Car -1 -1 0 215.44660412692227 189.87092699629193 451.7647600090328 331.83463170919117 1.4867177 1.6320288 4.167471 -3.3683743 1.5633805 9.751636 1.5673218 86.34680963088954 
Car -1 -1 0 357.94717525215793 186.77504591219764 418.06783323389 223.79268896297958 1.4100709 1.5489608 3.41371 -8.852094 1.4773431 29.270811 1.5235528 24.218852723006393 
Car -1 -1 0 387.6819071990223 180.41986022637892 425.14270002122345 204.7765987227666 1.5649855 1.6244557 3.8925388 -13.40453 1.2568401 48.17794 1.5135957 4.431795119493432 
Car -1 -1 0 139.93505292275566 185.94296350528677 275.39435884721763 231.02372764957903 1.5115281 1.6090031 3.80591 -13.784288 1.537575 24.937273 0.0020619188 1.8770682534051215 

