Car -1 -1 0 100.65161212478318 196.99904018861642 354.47513093790707 316.7573641927995 1.4209665 1.6922545 4.338675 -5.7862606 1.8839577 11.641018 1.6021185 116.09951267946275 
Car -1 -1 0 691.405575240271 181.4169163243243 770.1633629519407 236.49984897518857 1.4241648 1.5375012 3.694118 3.449139 1.6970801 21.118046 1.5274236 82.2855586096421 
Car -1 -1 0 309.6399320916736 190.04280327713428 425.0429766036764 261.88144442215287 1.4773746 1.5368282 3.5933824 -5.7376895 1.9378004 17.516308 1.5899541 78.62208894317139 
Car -1 -1 0 742.8226086463723 178.84088372636555 925.3148784418684 298.7461118082485 1.5042741 1.6185215 4.049847 3.2546833 1.6147594 11.28525 1.5776488 121.22198773738174 
Car -1 -1 0 669.8422428850739 178.78442376264545 734.1011034214313 223.1642007848522 1.4863077 1.632083 4.1003304 3.3461776 1.7239757 26.820637 1.5102899 25.118833267965215 
Car -1 -1 0 655.9152572580983 177.4364011982692 696.9737318642134 210.3120556674892 1.5079367 1.5772498 3.6632445 3.2361846 1.7449495 35.465935 1.5417504 26.59661931385582 
Car -1 -1 0 414.9950776350066 185.15048729805574 492.96285780676556 230.20975745678888 1.4504262 1.633436 4.066105 -5.6040034 1.9374863 26.476776 1.6686525 35.4770278136538 
Car -1 -1 0 314.2482623048466 167.82292280949807 358.8347027209637 192.9264387075348 1.4673468 1.5548686 3.7859337 -16.635393 1.1732708 44.123478 1.4920336 0.2537350356578827 
Car -1 -1 0 489.95253109100827 179.72567275282782 525.7858691110223 207.3885207643238 1.4838876 1.5561006 3.8792398 -5.8172584 1.8987975 41.61916 1.5610113 0.25371694564819336 

