Car -1 -1 0 356.1556079966162 188.53275718489272 451.16398658495143 248.17758251587716 1.4635984 1.582783 3.6843605 -5.741848 1.9503717 20.542154 1.5928749 77.87864887639647 
Car -1 -1 0 249.10987909277043 191.78462227515686 404.2987094419511 279.9451555481789 1.5036023 1.6388335 3.9639692 -5.7328796 1.9538622 15.16297 1.591625 82.3803255234638 
Car -1 -1 0 407.71140180989937 186.15644248616232 479.4757886603179 233.5473001178042 1.4700904 1.5643325 3.772307 -5.7402806 1.972762 25.359062 1.5974841 37.03999966290313 
Car -1 -1 0 796.1717705149033 155.43553692509366 923.3343687358985 196.69324007104626 1.5032872 1.6902245 4.2014904 9.339352 0.86861885 27.153181 0.008461051 58.90890935201858 
Car -1 -1 0 664.9365868483102 173.3203304370529 706.6587736335209 208.01553117513706 1.4989012 1.5311222 3.8839183 3.4485865 1.5215976 33.170918 1.5770798 12.204978809656598 
Car -1 -1 0 449.09056411480657 184.53887629863559 504.0286478813946 221.5352589318519 1.4369314 1.6063532 4.03575 -5.698305 1.9770868 31.329094 1.5802238 24.619856739839136 
Car -1 -1 0 1055.5021543913886 141.86626263277532 1154.8770035431721 174.38740760710263 1.5161875 1.561341 3.6915815 23.615307 0.07148972 34.45395 -0.018516254 14.352976173733877 
Car -1 -1 0 485.2277624838268 181.78534251836288 531.1025198041228 212.1958493268287 1.4999777 1.6009235 4.149456 -5.4124856 2.0087233 38.970264 1.6473303 11.016550860090643 
Car -1 -1 0 771.9131837654776 159.78455141789436 867.6101835017059 194.87331310494375 1.5133128 1.6194973 3.7603369 9.32908 0.9496517 32.15321 -0.12318405 7.569946515420635 
Car -1 -1 0 1132.9374577205429 134.11066179608534 1242.0 178.04502512810768 1.544201 1.6175351 3.7913053 21.947355 0.18245354 27.263914 1.58045 9.937870037952832 
Car -1 -1 0 657.8809773081367 174.78790056205304 692.7465513952071 204.8662969285855 1.5207622 1.5700977 3.7175188 3.471555 1.6291988 38.589447 1.5831189 7.260132704115607 
Car -1 -1 0 731.5924001284011 166.45052900785714 782.6089495133975 196.7237358398181 1.4286848 1.6721611 4.327061 7.329027 1.1264853 36.215866 1.5698707 7.829273467753022 
Car -1 -1 0 508.98461239022737 169.2214659744724 525.1205917659928 184.31181185131473 1.5667181 1.6153075 4.1111507 -9.901742 1.1895788 77.06532 1.4202802 0.539431193106381 
Car -1 -1 0 797.1793310680555 154.95548880678348 911.2601023086139 193.50168620707157 1.5104408 1.6373622 4.0461793 9.814858 0.80908376 29.127897 -0.01766552 0.2790803192686304 

