Car -1 -1 0 724.4717073442899 183.20783307203004 812.8951603532144 245.73180079693668 1.521102 1.5797142 3.5183387 4.287401 1.8325424 19.923515 1.5433939 57.302957831279976 
Car -1 -1 0 759.1545580283424 190.20345067919072 900.2889993783022 280.43723954751374 1.4262792 1.6597368 4.0919604 4.152549 1.8192879 14.273111 1.6028657 75.9145124514515 
Car -1 -1 0 490.5975792976723 186.0773606042388 549.2195554650199 226.77991557042677 1.5156903 1.6513801 3.777381 -3.6664543 2.103168 30.098347 1.6644149 34.881265451200676 
Car -1 -1 0 712.3951076606457 183.46751033775237 771.7092459656815 231.2660841544934 1.4737542 1.6190075 3.8615642 4.5297084 1.8723328 25.112316 1.6431427 24.280267531753804 
Car -1 -1 0 700.5966010476407 184.14799651883564 747.7501199787133 222.18314511082949 1.459835 1.5844195 3.5133626 4.793726 1.9659871 30.546486 1.6150076 9.103195209198097 
Car -1 -1 0 523.5110351366365 185.39440280719614 572.5174137645064 219.18814020101163 1.5183527 1.5499561 3.9533882 -3.0107353 2.180526 36.02786 1.7236539 5.7560722826555075 
Car -1 -1 0 680.6946673969678 182.27603058049718 726.4585616977107 216.2498308731662 1.5218791 1.6799178 4.183972 4.570582 2.013956 35.584515 1.5627401 2.4655486371095097 
Car -1 -1 0 574.8017138844153 184.19776988274393 603.3239975381113 205.1763855241017 1.546339 1.609859 3.6793756 -1.5922656 2.4766228 57.22909 1.7280445 3.2602112443352818 
Car -1 -1 0 824.1120245984056 156.24278149300068 1242.0 375.0 1.8206846 1.8151683 4.623805 3.9212055 1.6940486 7.8137584 1.5694697 18.259059621692924 

