Car -1 -1 0 666.7404619748061 181.70458481427218 743.0667877181479 242.63622924514536 1.5012299 1.5907465 4.054886 2.5890455 1.7764353 20.402004 1.5625527 88.9156682803106 
Car -1 -1 0 43.174901868744755 193.88885922305414 360.72372539518716 373.915335425422 1.5349691 1.6319675 3.939397 -4.423453 1.8437726 8.604613 1.5477645 136.20149923653963 
Car -1 -1 0 452.3140995455343 183.9128269110986 514.2101109711402 228.98133036255194 1.5074868 1.694791 3.821827 -4.6436076 1.9507688 26.999994 1.5573518 58.75304953853899 
Car -1 -1 0 762.0041671001267 188.40171886248498 1004.9493299392875 360.86134444923846 1.5264356 1.5512357 3.340334 2.8920002 1.7425773 8.359194 1.57252 124.41507475387775 
Car -1 -1 0 718.1411957457722 186.2717396208064 852.7326344278467 287.0964590895786 1.5013043 1.4980965 3.3058395 2.9846246 1.7717625 12.867024 1.537635 75.76842212838532 
Car -1 -1 0 481.5119562329805 177.3683223748477 526.5662339331341 218.48008945089725 1.7255877 1.5865378 3.7372522 -4.7070913 1.941313 32.590134 1.5430424 28.585259481086553 
Car -1 -1 0 218.16116097532992 181.96246031547733 374.06131823073565 231.15688450777168 1.4429623 1.5583469 4.1324015 -9.588043 1.7343278 22.272182 -0.01432892 14.757214832945035 
Car -1 -1 0 657.9681912259415 179.86653797304274 714.4277922994457 225.07167294573097 1.5191705 1.5669819 3.4769833 2.7553904 1.7946 26.568613 1.5271277 20.4902171463216 
Car -1 -1 0 644.8654595081393 180.04631201935163 686.7205620908551 214.45476921663112 1.5503533 1.5914615 3.5967953 2.6855078 1.9186398 35.112156 1.5226368 0.3683266341686249 
Car -1 -1 0 533.6698177553329 178.92709526758003 556.1873350715729 194.3644337173862 1.4802431 1.6247933 4.0830626 -6.5738435 2.1137123 73.081696 1.3169299 0.7960007100481233 

