Car -1 -1 0 646.3420392950628 177.01080994979614 685.8071675885973 210.44812708908103 1.4594154 1.574717 3.755313 2.5992398 1.6652185 33.84176 1.5757054 38.49651351491199 
Car -1 -1 0 687.2101240476675 181.68791794727042 790.3672801329484 254.27637655573048 1.4226251 1.571594 3.620524 2.8152533 1.6462827 16.428371 1.5317354 40.11077585753454 
Car -1 -1 0 713.040635288608 166.37334517996402 916.4405591372591 316.40745896487766 1.8009821 1.704024 4.327566 2.7850003 1.7231895 10.851768 1.537996 114.92215262155261 
Car -1 -1 0 666.4432769070858 177.73485810715897 740.3327596499092 233.5093645549782 1.5099118 1.6596355 4.055259 2.7486854 1.6720617 21.930496 1.5554073 49.60100016847912 
Car -1 -1 0 2.3326783997170115 189.50598073557097 332.4351809917483 301.10570137964385 1.4298182 1.5618345 3.8662252 -6.230313 1.6908888 10.412582 0.062283218 53.46229309239342 
Car -1 -1 0 96.71459365734079 183.1965522033516 360.49771444924255 272.2529347437296 1.4786153 1.6018829 3.8979828 -6.7065325 1.6764288 12.984738 -0.0074951733 28.91530536777981 
Car -1 -1 0 193.45579379422514 176.29697919144786 400.93057188940463 257.91316111883117 1.6097995 1.5992045 3.6760347 -6.44547 1.686393 15.178425 -0.040370166 42.47120800864093 
Car -1 -1 0 399.2181963576937 175.60229796005177 507.82892813385274 210.72170244977636 1.5058761 1.6923773 4.5347376 -6.867865 1.6320467 32.111084 -0.075035915 9.936291112878592 
Car -1 -1 0 358.7587824751063 172.69616069500154 482.4774292467244 221.7469420160719 1.6083477 1.6533897 3.7570598 -6.359827 1.6031721 24.53985 0.029116223 22.59470337883635 
Car -1 -1 0 239.5054513770811 168.81452300096333 444.20675349827076 244.20674547491214 1.7396116 1.6803963 4.3512545 -6.378495 1.646404 17.528013 -0.017963318 35.06984600735124 
Car -1 -1 0 638.4677310155867 174.48903349350115 666.378378650631 201.03984599730026 1.5666718 1.6548762 3.7787604 2.641613 1.672431 44.742256 1.6219268 2.6241463280825155 
Car -1 -1 0 511.1280201718486 174.5538993302422 538.0518898504629 198.97478176688747 1.4773067 1.5832891 4.0261164 -5.379657 1.5905926 46.011246 1.4840187 0.2981240153312683 
Car -1 -1 0 533.5110383036338 175.00930805912483 558.4585077101075 197.4445196123414 1.6485703 1.6631699 3.5131598 -4.8270907 1.818552 55.13273 1.5511622 0.4753481447696686 

