Car -1 -1 0 628.7664672646865 179.35476184163863 683.7168458647698 218.79427532821637 1.4338589 1.6362703 4.266406 1.8067982 1.7161374 29.142275 1.4956152 53.14860226986506 
Car -1 -1 0 855.3756471701331 185.4012847997739 1167.054345466319 296.7637240754009 1.4706678 1.566891 3.7848973 5.7948666 1.6720481 10.658482 -0.074424595 73.41108573089154 
Car -1 -1 0 784.487880178588 188.11897815180478 1038.5054764169263 271.7337455956194 1.4246536 1.5894179 4.13166 5.5624104 1.7314162 13.567135 -0.06776871 67.96947576020749 
Car -1 -1 0 974.7175361127014 188.61246099556985 1242.0 339.94663131012334 1.4759667 1.5445198 3.5150416 6.273439 1.676251 8.204429 -0.11332908 43.622874749573306 
Car -1 -1 0 0.0 177.7684164527247 266.99965963214447 317.7230673700611 1.6316603 1.6816621 4.0771112 -6.949954 1.7032955 9.500495 -0.088147685 75.83877552687542 
Car -1 -1 0 359.37405672028075 180.03940400873577 480.9768435026609 222.8520119034761 1.4674652 1.5885541 3.928461 -6.7206507 1.733176 25.846985 0.020796407 23.118303201179113 
Car -1 -1 0 771.2115143058306 171.88997855145013 967.9364201145548 256.2085712433233 1.7501974 1.6283011 3.7390003 5.63348 1.7301872 15.898967 -0.058487937 19.651254959626133 
Car -1 -1 0 20.774323618617235 159.15002861859335 341.39142348042463 280.8042321676073 1.8834667 1.6884226 4.3425536 -6.9773808 1.6712999 12.095577 -0.03731843 41.192324023454525 
Car -1 -1 0 323.2997674981536 178.51290391004022 458.66696860360554 228.32553339735946 1.5396674 1.602535 3.8855371 -6.9802084 1.7286692 23.292036 -0.0027604797 14.186728854132479 

