Car -1 -1 0 0.0 195.1996920521185 323.0395717507241 375.0 1.5130775 1.6330867 3.9800088 -4.7638874 1.8235857 8.0226145 1.55375 114.77479430031195 
Car -1 -1 0 736.6241737433484 179.36644726385055 882.9268861527873 271.83948074967043 1.4667611 1.6316149 4.1685123 3.6256247 1.6103961 13.8262825 1.5667069 90.55172802309065 
Car -1 -1 0 272.4025577424916 186.91253147020043 431.8664546812902 283.85314172415497 1.5014606 1.6313413 3.8524616 -4.6628375 1.805311 13.664999 1.5751617 102.12029167003493 
Car -1 -1 0 374.1704736414391 186.19789955851985 480.84139404399605 249.8773842573536 1.406248 1.6388602 4.2901816 -4.63778 1.7977065 19.003824 1.5937251 66.89818041510698 
Car -1 -1 0 501.0589218058093 177.88121282226305 544.6358524970204 210.7460200526145 1.4892833 1.5223588 3.3543537 -4.1500444 1.7447178 34.942223 1.6301868 36.18516241874245 
Car -1 -1 0 812.6667160178109 183.59270947507767 1083.2431731804465 343.22852246903506 1.4644954 1.6184143 3.6070006 3.731039 1.6207801 8.682424 1.5896099 93.36827100556958 
Car -1 -1 0 699.2928449537955 176.75496684269797 763.5699458141278 225.88996866705358 1.528362 1.5922911 3.6604254 4.0683384 1.671123 24.570375 1.5771945 28.209904965608146 
Car -1 -1 0 708.6369511752667 177.80622429840054 802.0212982219577 241.18914750126422 1.4741118 1.6448123 3.9035494 3.72199 1.6182786 19.04609 1.561924 42.55998906386812 
Car -1 -1 0 686.3485142750061 175.29941005992808 738.3831292782812 216.7680467410645 1.5914528 1.6089771 4.0872803 4.1980076 1.7000133 29.982027 1.5783361 4.999262838144105 
Car -1 -1 0 1080.237706789747 169.51822403501504 1222.627458171144 216.9892029466554 1.4731152 1.6417638 3.855757 18.146574 1.3695996 24.402063 1.4523587 3.5366895235005535 
Car -1 -1 0 515.9851537994299 176.10493853203423 554.9289767611438 205.80742820017838 1.524636 1.5993292 3.8677654 -3.9978244 1.7111152 39.42734 1.6066508 4.357556210844476 
Car -1 -1 0 583.905508785325 175.66804648552454 629.5344616467306 190.08912313136398 1.4476929 1.6334486 4.5689735 -0.26881576 1.7390685 73.75777 0.06021791 0.9066133788271077 

