Car -1 -1 0 204.79369319224546 178.99238907947225 380.53857336982463 277.64669859924663 1.6637424 1.7238418 4.312862 -6.1517563 1.8064905 14.608867 1.5541377 112.28125992142502 
Car -1 -1 0 335.9052055117417 179.5104287513793 438.69566554621343 243.02554462455532 1.6457331 1.7051846 4.1964993 -6.394174 1.8611112 21.24161 1.5785108 39.13105788742412 
Car -1 -1 0 521.766791611566 178.8078829751084 555.5772919401091 206.7665897204541 1.4284785 1.7566998 4.062192 -3.8655753 1.7745061 39.84472 1.4979756 18.47068213606022 
Car -1 -1 0 1058.1470339063767 149.9355360242208 1242.0 205.50579069835945 1.4775308 1.6227444 4.182692 15.594679 0.8681627 21.046724 0.60920036 47.08925001050029 
Car -1 -1 0 434.8523907523198 183.31018528454086 486.4618118943425 219.24359445004612 1.4532906 1.5612876 3.5948768 -6.5455637 1.9435425 32.02993 1.5670885 16.72489429897794 
Car -1 -1 0 493.20505431478176 179.99198400084845 527.3907612411577 204.75406275893656 1.4977722 1.6709735 3.978458 -6.3883634 1.9802378 46.78005 1.5702903 4.646834088968159 
Car -1 -1 0 633.5099225515498 173.7860879540025 656.1973327565345 194.98395890984452 1.5116153 1.5854533 3.8611324 2.5898976 1.5833381 53.572807 1.5944085 8.421913354382701 
Car -1 -1 0 853.4698909966663 153.17291588559047 891.9760297553307 178.62924094427768 1.9335091 1.6383396 3.5657158 20.599771 0.43865222 56.608814 1.5427151 4.0954503430696745 
Car -1 -1 0 696.2104913945414 164.73248921865408 759.7614539240541 189.91819547755563 1.7039491 1.6369902 4.0837407 8.121655 1.1544847 49.6879 -0.026334 2.0512112365363597 
Car -1 -1 0 715.6364251782785 167.77417310968292 780.5806437705107 192.7330905629986 1.5768101 1.6945412 3.8735638 8.882408 1.2558856 46.464157 0.017030034 0.8819381768223101 
Car -1 -1 0 1146.341074485813 144.3625069382091 1242.0 172.28961641494857 1.4564111 1.5769796 4.176135 31.325993 -0.03090161 38.58584 -0.063860096 1.5722387683187085 

