Car -1 -1 0 699.137733261436 179.51910925506112 922.0562845613349 343.81053815840204 1.6973124 1.6535008 4.275925 2.4089303 1.8080059 9.80705 1.5213745 164.0168471468512 
Car -1 -1 0 4.761494843391187 204.7273778486909 428.73473118918014 375.0 1.433206 1.5587261 3.619743 -2.773223 1.7815157 6.065359 1.5833982 90.7944344683791 
Car -1 -1 0 242.35708886378262 193.46963289568487 426.9982246626139 258.0303944451794 1.4654701 1.597254 3.9371388 -6.6729164 1.9973351 17.76733 0.025060821 33.53766574007111 
Car -1 -1 0 631.7593839158617 186.16078497869475 662.2652717382201 214.72238440878854 1.5695913 1.5899608 3.9957047 2.2173665 2.4093482 43.527924 1.5597925 12.564176742070481 
Car -1 -1 0 91.97404248172413 194.09698766970482 353.2917307640443 285.9452766051536 1.4743413 1.5821341 3.830493 -6.789094 1.8848236 12.983922 -0.08917577 106.99085321544601 
Car -1 -1 0 272.9708641277556 191.33533797500635 423.3703562223473 248.8098004010597 1.4849143 1.5705192 3.627116 -7.2384043 2.0251484 20.164646 0.07953441 8.766037178029626 
Car -1 -1 0 382.9905016044434 190.14997687014937 499.1240543738616 231.42808589153995 1.4907002 1.5858953 4.0721283 -6.4533434 2.1814194 27.843172 0.08943042 11.992509738267161 
Car -1 -1 0 406.19300429445576 189.12717270310245 500.0154104675806 223.47440054145278 1.492339 1.5757872 3.9280813 -7.125718 2.2580838 33.06946 0.048911158 2.4652014753424596 
Car -1 -1 0 469.9272160342576 187.75380769764544 540.7662487639255 218.53253236726826 1.4886184 1.6851038 4.14174 -5.6746173 2.3364487 38.981773 0.8032138 0.8368054658269067 

