Car -1 -1 0 124.3054142740902 183.99497320283382 297.83563257753883 261.6443669428181 1.4431381 1.5894911 3.7710636 -8.176005 1.4204506 15.249434 1.575529 111.03000175922031 
Car -1 -1 0 338.49256906497754 179.31306846026592 462.3884800290846 263.3439660809805 1.5100474 1.574397 3.4590158 -4.0659676 1.4039763 14.658435 1.5566273 111.97127549326105 
Car -1 -1 0 469.99709203457314 180.52365086605195 525.7265687547451 219.2162932192219 1.379612 1.5779085 3.476161 -4.095962 1.2123139 27.373138 1.5755966 38.732129312122964 
Car -1 -1 0 594.2959088112301 174.80781522594228 626.9572997812197 205.66495765917105 1.5061584 1.5945925 3.5241249 0.18515009 0.9981424 36.857834 1.5808346 31.55206406651279 
Car -1 -1 0 657.1856401424667 178.333837971891 698.5460245091414 211.3836526465398 1.4004395 1.5150989 3.4649906 3.115211 1.1088303 32.193794 1.5718329 25.50710697469038 
Car -1 -1 0 515.0199054929063 175.56038639617822 551.8070696524429 203.76169719779924 1.4302164 1.5789487 3.7865732 -3.88764 0.94055176 38.350822 1.5694191 13.718401205220653 
Car -1 -1 0 301.84727893278813 165.87587340718267 392.2373347918613 224.22993730987892 1.7464185 1.6380757 3.7791064 -8.355345 1.1676168 23.418657 1.5518149 50.31605333945237 
Car -1 -1 0 622.797923950288 175.59294979554593 644.5508252546076 193.56009031463043 1.5252808 1.5897484 3.6982682 2.290228 0.7083788 62.911854 1.5213594 4.239989177165093 
Car -1 -1 0 445.8299402450664 175.6819269111687 484.9318936609264 204.8276283512963 1.5100944 1.5519753 3.5929854 -7.6581993 1.0161315 39.071854 1.5301352 4.463020903916732 
Car -1 -1 0 577.2109845063746 176.94951499245715 613.4826828750479 201.4924876536008 1.4581983 1.5712657 3.5503714 -0.6945789 0.9670706 44.599598 1.7558304 3.3251081911359517 
Car -1 -1 0 384.7368976847486 166.77390287819236 449.7414825588917 212.20525894121644 1.8687973 1.704588 3.942223 -8.2534485 1.1102028 31.566685 1.6021781 0.5406749934262175 

