Car -1 -1 0 703.5242529724733 177.31116740493584 862.5271977174855 282.33572156248175 1.4735451 1.6222298 4.3567114 2.7684584 1.564358 12.505461 1.5489147 89.2188123808156 
Car -1 -1 0 331.88236126943195 188.91793022250855 477.11453350671843 288.0516274601352 1.486067 1.5786936 4.016889 -3.6280823 1.8308804 13.477769 1.5687052 118.09878015963672 
Car -1 -1 0 74.16923451601549 195.78813554492413 405.07785710722953 375.0 1.4953394 1.6401658 3.8295457 -3.5431056 1.8035607 7.771721 1.5577297 123.93200323936169 
Car -1 -1 0 776.8811834712445 177.4896888226562 1149.9319609246504 375.0 1.5274174 1.6262462 3.717163 2.7748575 1.5820489 6.640321 1.5762515 80.86006112953565 
Car -1 -1 0 682.7519235526441 170.61909382763292 778.8135392647478 239.15615298515556 1.5753176 1.6789808 4.419875 3.0144033 1.5239484 18.810867 1.5506594 49.370833061506836 
Car -1 -1 0 455.35179069055937 180.39604939675277 526.7047948740109 231.35314645521953 1.4934016 1.5532143 3.9048076 -3.8011682 1.7620318 23.71634 1.6126077 44.39193200802228 
Car -1 -1 0 669.4490646794011 170.48344233575165 730.2114260643516 220.13056947980024 1.5556109 1.5773627 3.539976 2.9767172 1.4813333 24.385988 1.5607873 33.953265074775985 
Car -1 -1 0 414.659335142913 182.17040980319328 496.9448737205437 246.50748044541453 1.4952426 1.4938378 3.3771486 -3.9438367 1.7620417 18.962357 1.554224 32.00032122264126 
Car -1 -1 0 623.9874544786553 171.93881723154138 675.301968099566 197.21277575292825 1.533153 1.5805712 3.7941337 2.497745 1.4776366 45.819748 1.1076001 6.542054394211478 
Car -1 -1 0 592.284141766247 173.49648841718934 621.2773105508511 192.66461332529744 1.5479541 1.5941683 4.0966787 -0.26999348 1.6038382 60.58746 1.3511109 1.076354669637384 

