Car -1 -1 0 731.2125577307573 187.78500447669018 919.5097923447486 314.555703722438 1.5122412 1.6294687 4.4121976 3.1026053 1.7924955 11.335263 1.5684937 114.33037848379342 
Car -1 -1 0 385.3909767816758 192.9400602623679 495.89459510329897 274.6738477501835 1.5252738 1.5750928 3.8112469 -3.6747777 2.0327797 16.317955 1.5800552 95.07633606027801 
Car -1 -1 0 700.4124134601735 185.19657061409356 794.6943281809313 260.33780877386295 1.5106308 1.5658524 3.6223464 3.118108 1.831337 16.92626 1.5848454 66.12370801547257 
Car -1 -1 0 277.03703747850466 195.17912384311464 437.15932164054504 316.9828627562351 1.551612 1.5533175 3.5214899 -3.8795795 1.9683292 11.660978 1.506315 92.58095439417151 
Car -1 -1 0 638.3071152242214 185.10841686590206 685.540686525149 216.9289935466657 1.5457845 1.5997007 3.3338883 2.727786 2.2258582 38.240723 1.3493907 19.83656314536802 
Car -1 -1 0 600.8962665959958 184.89811297349604 627.5761532923686 207.64288251465683 1.5441766 1.6283567 3.7062027 0.37582803 2.4600847 52.94674 1.6680866 4.501511838760684 
Car -1 -1 0 554.0926818472765 185.57485124595638 595.9685164255989 202.23214588629182 1.462043 1.5531783 3.793912 -3.2330058 2.6924756 67.959694 -0.71657574 22.089142416480747 
Car -1 -1 0 757.4963023590277 183.70462083822213 856.4368136348356 222.15156394116764 1.5227821 1.6406333 3.8696084 8.225293 1.9961593 30.347446 0.16721873 4.399203642780598 
Car -1 -1 0 619.7932892287859 183.08591541418642 662.7633493827141 201.1205768678121 1.5084131 1.6659014 4.114125 2.880283 2.4576087 64.83455 2.2832747 2.3521301103301124 
Car -1 -1 0 940.4212435855743 158.86120659861547 1084.5378198019912 205.33487214154172 1.4827048 1.616607 3.8902135 13.364391 1.0362759 24.13129 0.16186666 1.3513040036884651 

