Car -1 -1 0 716.9099523645475 183.49265954760682 905.9687481557389 310.9709380530373 1.5031867 1.6150188 4.389318 2.8152273 1.6991471 11.083503 1.5552132 119.78122824159068 
Car -1 -1 0 296.44451668618893 195.01045611736453 467.5316404803546 310.20214857491874 1.4783447 1.5894355 4.0633373 -3.567559 1.9115944 12.07565 1.5686395 113.62682692246017 
Car -1 -1 0 691.296050865665 179.56513451046544 797.073006160078 253.7182768956229 1.5100433 1.6462839 4.4014626 3.069215 1.6916316 17.30867 1.5536276 92.4892211805157 
Car -1 -1 0 451.40577261048224 186.9772419559384 524.8156413474958 243.1223865845281 1.5115045 1.5310882 3.8032026 -3.6603363 1.9859107 22.31437 1.5989782 57.710863536057595 
Car -1 -1 0 678.453793352 179.15244371210864 742.9618743436358 232.2030960449219 1.5130554 1.5679201 3.744487 3.1271994 1.729451 22.907852 1.583458 43.19458425621142 
Car -1 -1 0 400.582197540819 188.35006911565472 490.6940940481508 261.30217969425627 1.5334413 1.467332 3.3281035 -3.8823376 1.9462237 17.54852 1.560216 48.13624097500214 
Car -1 -1 0 634.6838931522329 178.42204463606035 675.2910240874028 205.2807762441365 1.5536009 1.5961844 3.5891974 2.753979 1.9114611 44.453003 1.3633105 13.79725311794167 
Car -1 -1 0 598.0213808841038 181.6478157889591 623.0478568894105 201.26003452503977 1.5008553 1.5568328 3.9161646 0.047915444 2.24589 59.089046 1.4426553 5.989655268867907 
Car -1 -1 0 879.0847017476091 153.79048907349778 987.2223526654219 191.23632331930597 1.4944766 1.5839155 3.8094287 13.322745 0.7336449 29.889032 0.16394249 3.825407419740545 
Car -1 -1 0 560.1880260066324 179.37588847719655 600.0735855566635 195.30887219290614 1.5602332 1.5632339 4.0017395 -3.0030253 2.2474988 74.12644 -0.7210673 1.8788563105454734 

