Car -1 -1 0 628.758185478061 180.26617132209265 682.3101590799102 218.04509685516723 1.4156293 1.5797833 4.2741504 1.8418473 1.7474802 30.102476 1.4771717 46.671420911345116 
Car -1 -1 0 774.0159283138031 187.47504532541168 1011.0635696503444 264.9828495490383 1.4266152 1.6015145 4.1602507 5.5929976 1.7399824 14.545845 -0.05731231 63.50492857146936 
Car -1 -1 0 837.1156982556737 187.57607313070977 1116.2828434769706 287.72374787701676 1.4517813 1.5481672 3.735241 5.7808437 1.7068214 11.6104145 -0.0625217 88.90008564495547 
Car -1 -1 0 0.0 177.72484596421148 297.0036390174356 302.2599110015986 1.616499 1.6888331 4.065013 -6.92582 1.6940411 10.466113 -0.088383846 103.87772281680674 
Car -1 -1 0 367.14337827858355 179.0440505783836 487.0542842729977 220.2321955279392 1.469082 1.6037767 4.042735 -6.745449 1.7076216 26.905544 0.048844837 30.062658660971394 
Car -1 -1 0 937.055890974246 187.4474329504161 1242.0 320.5012814685696 1.4713011 1.5843222 3.8147602 6.410937 1.6765583 9.170816 -0.09945977 37.55087541723864 
Car -1 -1 0 766.797860567509 172.65640715280043 952.589801043397 251.15335376663364 1.7356296 1.6417401 3.7664332 5.762582 1.7312605 16.885384 -0.059615433 28.12823597303576 
Car -1 -1 0 339.73047535888816 180.3949066316109 469.28635437788427 226.07776109467252 1.4661789 1.5881684 3.8968048 -6.826729 1.7284133 24.261494 0.018472293 24.037987215776024 
Car -1 -1 0 60.42785797815742 160.80912992101233 355.5301334709492 272.4199436463435 1.8754445 1.6974401 4.3693 -7.0724745 1.6730493 13.0461445 -0.033694774 70.47232507905123 
Car -1 -1 0 381.5816890975662 151.67604865149082 423.1311798567155 177.05528378556906 1.7771101 1.6934457 4.115219 -15.051543 0.2941829 52.61606 1.6141769 0.2694737911224365 

