Car -1 -1 0 360.65460106550285 183.63350011080425 520.3353505410324 282.85187132903684 1.4439411 1.6701136 4.4851847 -2.8692858 1.6764961 13.281706 1.6251228 136.32801250305505 
Car -1 -1 0 712.4059138208387 185.5396767542012 851.3438811617042 282.24665682054916 1.46493 1.6141447 3.7954803 3.0041747 1.7330254 13.339775 1.5566124 86.12114272650084 
Car -1 -1 0 797.523135137459 180.42820596639916 1230.712979666416 375.0 1.5905274 1.6509378 3.9926577 2.9970102 1.6789653 6.4190707 1.5823712 114.33924499966409 
Car -1 -1 0 511.85922329167676 177.69304383802597 559.805384539048 219.05916699779974 1.496803 1.4684632 3.2023993 -2.8191814 1.6961439 28.10507 1.5945182 41.23680318792324 
Car -1 -1 0 685.267326423074 185.66012031829055 776.9568955446255 248.1534059521882 1.3518403 1.6005542 4.3846383 3.0130281 1.7229415 18.709347 1.5614668 37.02378546299433 
Car -1 -1 0 665.318750864597 179.80660658847063 709.113896055429 213.93744653335332 1.4121087 1.504873 4.1457043 3.4653277 1.7480133 32.779957 1.5610886 20.901261152993538 
Car -1 -1 0 447.48850501491404 176.90791579983895 534.7027639572104 243.71825651630044 1.6020302 1.6149771 3.7482183 -3.079045 1.721893 19.433054 1.6052212 34.436748328468845 
Car -1 -1 0 653.7144015158333 175.52888564506011 676.6637123729752 197.27425573769912 1.5205176 1.525928 3.4748316 4.0311823 1.7222364 52.649582 1.6059949 7.996918840841776 
Car -1 -1 0 535.7467950715497 177.3425247526864 577.4018153073681 210.78493507116875 1.5232964 1.5804459 3.7741947 -2.5394335 1.7549019 35.306732 1.6208475 3.477375716602761 

