Car -1 -1 0 751.7862885720423 170.61829641924413 823.4007895628536 194.89151310281392 1.4603982 1.629322 3.9842277 10.876507 1.3258868 44.24114 -0.0076204925 47.24811490814706 
Car -1 -1 0 273.6041054215147 175.5486236511687 364.28554304162384 205.12198390652003 1.5151393 1.6963108 4.3581004 -15.740517 1.6681702 39.139328 -0.53299403 16.989954822870406 
Car -1 -1 0 0.0 175.24643732411008 114.58184560313661 230.0390476707265 1.6415266 1.660708 4.0673466 -19.022667 1.7283502 23.99644 1.8739197 41.24147033437112 
Car -1 -1 0 1004.4523428917602 165.03710863397862 1053.5340621136218 185.4938447423694 1.5239611 1.632328 3.6969585 32.25828 0.9416275 55.600956 1.5705065 5.791442645917991 
Car -1 -1 0 1072.7227232626753 163.90266928318727 1128.4304155016555 183.77247619121283 1.5198448 1.6855612 3.5964122 38.77904 0.8351557 57.080067 1.4453393 15.387129545983228 
Car -1 -1 0 829.911147093155 167.1512397679992 868.4563862742833 185.99168199297813 1.4612439 1.6621948 3.9909413 19.203754 1.0189438 57.983032 1.5383725 5.7964312511286415 
Car -1 -1 0 801.1473381329189 168.73662895318122 836.8445657304059 187.54871442292517 1.4283969 1.6063064 3.9292343 16.428576 1.1157657 56.76486 1.5528941 1.8532007489088522 
Car -1 -1 0 873.0539415064744 167.04849139628183 913.6596298623302 186.19735707752633 1.46053 1.6382506 3.852848 22.355024 1.0177296 56.973114 1.554271 1.7164716408629344 
Car -1 -1 0 1030.5046767273523 166.397527697961 1079.7771723075898 185.1958879557927 1.4340411 1.6532782 3.806771 35.120018 0.941506 56.977394 1.6103345 0.25091126561164856 

