Car -1 -1 0 409.9094196834071 183.9685117151981 489.5428570416051 235.42656898001502 1.3840787 1.5488055 3.5740664 -4.5284376 1.3505329 21.124268 1.5733935 83.61653978682102 
Car -1 -1 0 217.4494172356446 188.67315074999482 411.9493167812643 293.23614748053706 1.4120004 1.5865037 4.085665 -4.5616956 1.4790598 11.892759 1.5617937 112.89973186531216 
Car -1 -1 0 216.79522497325846 185.07776720505603 339.10900830540123 243.7920472669706 1.4010649 1.5787778 3.6585228 -8.540983 1.3977735 18.989113 1.562861 25.22709755004444 
Car -1 -1 0 98.52283915541008 178.70170237042962 235.56678674083022 239.47984646532527 1.5393054 1.6094198 3.6321673 -12.0887165 1.3743279 20.026913 1.5650048 76.4658988647395 
Car -1 -1 0 443.9642113134607 178.5202399380788 500.70635551437505 217.69191458742944 1.4857256 1.602111 3.8545718 -5.4011297 1.2317765 29.197067 1.5650139 34.12746691929821 
Car -1 -1 0 347.3118449662307 180.04222126591705 415.3878097679062 219.76324554861026 1.5088696 1.6160119 3.5884445 -9.058971 1.3123465 29.104525 1.5749645 22.11678023769532 
Car -1 -1 0 575.4093745530655 175.00612708068712 611.5521696784213 207.36162067726437 1.5100865 1.6506345 3.3489156 -0.6304438 1.0335883 35.238754 1.5881252 15.834920307865621 
Car -1 -1 0 424.7842504850444 174.5017592077764 472.37292039722035 203.002632635746 1.5055597 1.6442485 4.0782795 -8.767105 0.93959546 40.035633 1.5996876 4.173049557115246 
Car -1 -1 0 344.8795074817588 177.00019214971866 397.0341699331239 206.22142388766486 1.4634831 1.5639051 3.704342 -12.37527 1.052027 37.862785 1.5601193 0.2525334656238556 

