Car -1 -1 0 708.1252586337091 186.8801258569778 849.7315910096893 281.26800566781014 1.3536205 1.5580685 4.046759 2.8498926 1.6455 12.983216 1.5598727 100.88586219214774 
Car -1 -1 0 678.6149362581457 180.2706215316178 748.0727408549805 231.06218205368202 1.374551 1.5689697 4.107315 3.0921545 1.6237607 22.1863 1.5769751 63.46119932312438 
Car -1 -1 0 552.9295288158063 176.63915423606932 586.5656106351953 206.14933201948392 1.4277468 1.5623736 3.5362916 -2.0077968 1.6318783 37.13819 1.5632129 24.049630598868283 
Car -1 -1 0 181.02037376318916 167.1130417769044 425.7254512501882 260.25542371299287 1.7208333 1.6456031 4.1410017 -5.9192724 1.6147673 14.241812 0.043069847 76.26866165433215 
Car -1 -1 0 650.1767978239495 171.3108841526927 689.7438671304066 202.740899458555 1.6899444 1.7229227 4.2657385 3.371538 1.6069732 40.962196 1.530032 26.517571981550965 
Car -1 -1 0 351.58613226275673 181.70037014208359 491.04357431779425 231.28728810425446 1.4391661 1.5627335 3.8522573 -5.7293663 1.7226238 22.195389 0.07544652 25.219459961274282 
Car -1 -1 0 310.1193512690771 181.6026528950447 483.03068365831314 239.60079663980554 1.4719094 1.6251739 4.1932726 -5.696701 1.7208279 19.565815 0.07309724 27.095297181934047 
Car -1 -1 0 488.74581008555845 175.01724574280152 550.3968858768028 200.97748558618378 1.5476854 1.6504803 3.6760807 -5.4647346 1.6829647 44.149963 -0.081265345 18.280809636367007 
Car -1 -1 0 395.40791884223296 173.73056704840894 511.09731180716494 214.28764231366137 1.5415488 1.7021596 4.2889495 -6.092451 1.5774424 28.50781 -0.088728674 17.115681625646797 

