Car -1 -1 0 709.9272591106508 179.11373196945186 820.2598868026441 220.35041518275952 1.5732627 1.7260092 3.9991622 6.128088 1.8303138 28.717236 -0.024726305 55.60517930391794 
Car -1 -1 0 812.6863056494421 186.5775248807219 996.9272824860752 252.66761479003858 1.411823 1.5615218 3.6268425 6.744968 1.7463734 16.688637 -0.06728884 99.73461361537146 
Car -1 -1 0 896.8428471605099 189.13928936477762 1242.0 320.6728257377704 1.4621688 1.690557 4.363634 6.162872 1.6892954 9.154469 0.029204784 122.11638461513176 
Car -1 -1 0 784.2214033695353 181.79175757041313 942.6859750077725 242.23695661526526 1.4943688 1.57936 3.5957782 6.5851517 1.739538 18.941189 -0.03444183 41.55156199066025 
Car -1 -1 0 173.628653613609 182.38724845929005 426.21014378199914 263.98313271677415 1.4438996 1.6140636 4.1610737 -5.7968807 1.6390439 13.873663 -0.043195948 81.43094346579223 
Car -1 -1 0 42.55083197250599 181.9613166429107 360.19844460152535 279.31434745913594 1.4209195 1.6189996 4.1469717 -6.3319483 1.5767326 11.515412 -0.009454114 128.4803908803454 
Car -1 -1 0 299.300287632203 177.47267580622116 475.2008155902087 240.95625320806653 1.5507703 1.6060629 4.0290585 -5.627825 1.6749629 18.573849 0.01230313 70.9394249329482 
Car -1 -1 0 643.9640677243416 178.75763870628734 674.2572616012592 204.62843250095307 1.4501916 1.5509877 3.8911152 2.931375 1.8202279 43.279755 1.5710981 14.295378897815198 
Car -1 -1 0 341.40258860622725 171.27264314347488 484.82061832905646 224.25495118985847 1.6563911 1.6840749 4.2557197 -6.3083773 1.6069529 23.522415 -0.05845379 33.35114227258874 
Car -1 -1 0 444.9911813479956 175.16028489468175 535.6402927805354 207.83532786431684 1.6226978 1.647706 4.3158407 -6.0614443 1.7438433 36.935226 0.06680575 19.43304452285938 
Car -1 -1 0 333.071411663717 180.24698227847884 485.5304700743055 233.29942286536996 1.4509795 1.5785031 3.9572105 -5.7324395 1.6745608 20.905138 0.06488634 14.236929685700003 
Car -1 -1 0 392.56833664194056 177.4124184074266 506.37841136262654 216.05670080388137 1.4710238 1.6230135 4.12525 -6.266432 1.6565702 28.518162 0.019425893 7.508777112110454 
Car -1 -1 0 576.153310678319 178.30395522330778 594.5524798512871 194.75607132422948 1.4668008 1.503149 3.431717 -2.2334056 1.9876193 67.216354 1.599308 1.3106123271530254 
Car -1 -1 0 458.022628922725 174.315598853561 527.1754693879211 200.34114453925386 1.5529401 1.5981185 3.9105666 -7.1148524 1.6441327 44.08853 0.06797957 0.5123624979477028 
Car -1 -1 0 465.3496658945028 176.04513878781412 538.003580161455 205.14849394840257 1.5722104 1.5675493 3.7786908 -5.936136 1.7524922 39.958954 0.010729837 0.27823206782341003 

