Car -1 -1 0 439.03080212773887 179.30436201092772 512.8752629794733 236.77159921042772 1.579341 1.59452 3.3141456 -3.824213 1.416883 21.413025 1.5708218 84.23447461179373 
Car -1 -1 0 256.12752456304344 188.7958876394711 448.7022723963084 304.69849629507627 1.4498278 1.6120328 3.7702231 -3.6440992 1.5139773 10.994542 1.5698757 108.06324351787735 
Car -1 -1 0 701.2591159885977 189.26340397600123 812.3810392869206 267.4915237245979 1.3822502 1.5192636 3.4392197 2.907582 1.4742032 14.605408 1.5635399 100.50483286012911 
Car -1 -1 0 0.0 182.3410949496761 222.86738785727675 296.4759120409815 1.5665214 1.620395 3.76794 -8.073185 1.527067 11.770136 1.5457041 123.80518984464922 
Car -1 -1 0 651.0299465021473 181.6386622926072 705.0197899461018 220.31906374393265 1.4166392 1.5942233 4.0730023 2.722103 1.2856331 28.39086 1.5355515 41.71149569951684 
Car -1 -1 0 481.00371915624135 181.32623407291072 533.2465452827873 219.85274306708195 1.4836617 1.5647984 4.07233 -4.06409 1.3338778 29.725178 1.5782297 33.973396839681094 
Car -1 -1 0 380.51637748664433 181.4095076951548 442.1012145094965 217.0393269114804 1.4458969 1.6097888 3.8045712 -8.387264 1.2914375 31.078049 1.5755479 32.246937344247804 
Car -1 -1 0 584.8307934479282 179.76949909424854 608.7499534071126 203.0508906515662 1.6251273 1.6705629 4.1938953 -0.7911483 1.2449625 52.30067 1.5397577 9.52662351971773 
Car -1 -1 0 622.0972099015083 180.7861340848859 645.827605711215 200.56141459356394 1.5024021 1.5978374 3.759245 2.0742316 1.1658715 56.520527 1.5359093 6.6442373046695975 
Car -1 -1 0 528.9050101133931 180.83297604554133 551.2018074158942 201.50491198513052 1.4432235 1.5519638 3.6353045 -4.8341985 1.1372411 52.060112 1.4925407 5.748664241545122 
Car -1 -1 0 264.25345215525107 186.35392051476356 370.3382721928704 241.3611182274853 1.4179728 1.5613157 3.5259585 -8.086347 1.4530325 20.373081 1.5788745 8.68192038309566 
Car -1 -1 0 502.49954322272015 180.12347478636013 539.8420162464631 209.47227611747715 1.5794907 1.6954335 3.7771919 -4.807327 1.3054379 40.585056 1.5598769 4.2000749184972905 
Car -1 -1 0 427.0776506449975 180.82697607524267 468.2188509418727 208.28716339088908 1.4862114 1.5726686 3.9412522 -9.020215 1.2486832 40.899113 1.5413885 2.0385396932676967 
Car -1 -1 0 457.3054116083818 170.0091457129928 490.51573699062743 192.76734459621278 1.4989512 1.65109 3.8758283 -9.09639 0.49738336 49.305244 1.5452774 0.5156511941538456 

