Car -1 -1 0 664.7139442980302 169.50213047561286 809.2028957462514 277.3437426334572 1.6770984 1.6445855 4.2085905 2.1589944 1.6249717 13.381905 1.4944043 148.68546485958197 
Car -1 -1 0 264.421851132001 188.76787848298136 469.7783361110496 327.0921640176239 1.4046292 1.5504737 3.6014662 -2.9529214 1.6553001 9.55454 1.5574472 123.19294989280151 
Car -1 -1 0 613.226092160822 174.25674903897794 643.232620677444 199.37547539692733 1.5613781 1.6311448 4.155107 1.179297 1.6572737 47.20688 1.5155314 16.51118605312768 
Car -1 -1 0 180.7122800506603 179.84030304633228 382.75259886822664 251.07675308485022 1.496295 1.6193038 3.8483958 -7.2853713 1.6640948 16.34002 -0.09589646 92.4531221184588 
Car -1 -1 0 285.06244431988864 180.19485392385124 437.3087488993302 232.4532591591232 1.4450643 1.5488324 3.9271317 -7.160002 1.6682498 21.066862 -0.049286507 6.918124690459939 
Car -1 -1 0 676.5855444302883 175.78366712328273 711.741625781248 202.30133911355145 1.4750588 1.5064011 3.5682583 4.923152 1.6543789 42.35043 1.5294107 4.0701978688814835 
Car -1 -1 0 304.175073875191 178.06936624665113 436.0434475529275 226.20885618486852 1.5024197 1.56271 3.796574 -7.7976723 1.6802938 23.665932 0.086640544 1.4059847189121666 
Car -1 -1 0 400.66909807923327 179.23287049484148 496.84861222110845 214.9543911692804 1.4606115 1.6056046 3.9049199 -6.824717 1.7435093 30.940393 -0.13553096 0.36819496750831604 
Car -1 -1 0 401.7546581451255 176.4296882470834 485.3727737185731 206.84225634184048 1.4943992 1.5718544 3.8583024 -8.336651 1.6788777 36.433445 0.0034070192 0.2615965008735657 

