Car -1 -1 0 767.4497439369896 199.9680239121254 1101.8695644949069 375.0 1.3495479 1.5777779 4.002555 2.832565 1.6997132 7.314876 1.5680213 89.84117296673341 
Car -1 -1 0 702.3410651436009 188.14038174418906 806.3655262230873 260.98662548215185 1.3685346 1.5830785 4.2253118 3.171585 1.7644495 16.566593 1.5816553 97.2932822955882 
Car -1 -1 0 543.3019784469075 180.9104777521586 586.4400589150785 217.31863483483508 1.4569124 1.5864174 3.6898832 -1.8998132 1.8300421 31.557003 1.5908701 39.07290873373331 
Car -1 -1 0 0.0 167.23385807829453 321.55008809087656 323.19396094934683 1.6635343 1.673954 4.274683 -5.886697 1.6035875 8.556965 0.0111464355 117.29990892476683 
Car -1 -1 0 182.11103181265125 186.25623413076374 434.50350323106005 270.8931558938407 1.4815788 1.6295767 4.1455183 -5.622251 1.7538172 13.7820425 0.028973185 73.18583953679212 
Car -1 -1 0 658.471900421456 178.31010182226072 702.165247257613 213.7769924460236 1.5994159 1.6225387 3.9346695 3.3877006 1.8802297 35.143738 1.538799 50.807848859716636 
Car -1 -1 0 267.6221814450236 184.45715105305968 456.8459807264647 253.2123804938327 1.455162 1.5569904 3.7854738 -5.5716257 1.7352104 16.497581 0.07445407 45.16150632944449 
Car -1 -1 0 344.50023674706216 176.409599541392 488.4504728808455 227.34946300403038 1.5379328 1.6717563 4.144917 -6.0216765 1.6551582 22.851706 -0.049239 26.780561130331957 
Car -1 -1 0 475.02951417865654 178.45185664084434 546.7807282782741 208.30167846824847 1.5355912 1.6512675 3.7158718 -5.232621 1.8423417 38.519806 -0.10676901 21.92828279955933 
Car -1 -1 0 16.699717483260823 172.69591410351237 323.24774756959397 287.7939015449481 1.6380038 1.5855519 3.7413743 -6.6009626 1.635754 11.138048 -0.041424938 10.837267122565997 
Car -1 -1 0 638.7804461000369 179.02164927106443 659.4743240419278 195.01320918579032 1.4513793 1.5954794 3.8109725 3.7529218 2.057124 68.92384 1.5239782 0.37432557344436646 
Car -1 -1 0 694.5808730338063 174.13692649252417 743.6841588776404 189.20946853168752 1.4487553 1.641494 4.500965 10.675228 1.5756941 70.45295 -0.053367987 1.182447245796607 

