Car -1 -1 0 119.06569288897016 201.47114354147476 326.62938322086836 319.1770882606877 1.4724032 1.5091455 3.467757 -5.974061 2.0020893 11.6138935 1.5607969 117.59260899239251 
Car -1 -1 0 288.1067644931909 194.68214778157366 417.76990995440764 266.73247180593853 1.4164695 1.6520247 4.2467346 -6.067067 2.0130026 17.595156 1.5706614 80.25759959295964 
Car -1 -1 0 683.7821629041383 176.234771665576 775.7744289779217 237.22207841525903 1.45485 1.6436484 4.0776525 3.1239634 1.556001 19.515078 1.5268074 62.02906403452002 
Car -1 -1 0 395.1823883267862 190.0170963482837 479.0953216530278 237.89875749351685 1.419367 1.6863915 4.3935156 -5.9035645 2.072672 25.22851 1.6212403 75.22835437881464 
Car -1 -1 0 670.0235148862813 173.90761298611145 733.9463913583828 224.3336322902229 1.5982422 1.6558826 4.105092 3.113696 1.6377773 25.014864 1.5619365 44.19390302464978 
Car -1 -1 0 968.1220575540434 140.24225224009172 1242.0 223.32085145654224 1.4596593 1.6248512 4.1305194 9.179207 0.8866833 13.506773 -0.008344233 134.188491148063 
Car -1 -1 0 872.1556633725861 152.41954951255912 1054.209991731879 214.07730582076306 1.4992661 1.6195393 3.9006367 8.973907 1.0023832 18.484528 -0.06760013 40.42067140946021 
Car -1 -1 0 938.714623333364 139.73210359398254 1145.5711516109548 216.63643911528015 1.617368 1.590115 3.6606522 9.50074 0.92078435 16.023926 -0.02985119 37.29428533256479 
Car -1 -1 0 811.3419496280369 157.0948630096684 972.9667031884256 210.425303069254 1.4983978 1.6583672 4.1218786 8.249445 1.0556214 21.254944 -0.07549833 34.80311343674349 
Car -1 -1 0 658.7316488507408 177.22151222686725 700.1832771556236 210.86713937949395 1.5144062 1.5502906 3.6427677 3.319251 1.7361858 34.797146 1.5431312 23.92975719252704 
Car -1 -1 0 483.26362180895467 182.44496814905847 528.313494305926 213.04606899440194 1.5546927 1.5350456 4.2078223 -5.7160487 2.1176367 40.18358 1.6658331 7.438822434078079 
Car -1 -1 0 442.9553846158367 186.6312843536219 498.5390568634753 225.87288643457586 1.5179133 1.5668417 3.66763 -5.9094486 2.1468694 31.078156 1.6074021 10.228667712949903 
Car -1 -1 0 519.6480209333212 180.35415570109376 547.8333849370342 201.0465638834208 1.4870074 1.567357 3.8392663 -5.766649 2.0814304 55.227894 1.622306 1.7902534282311744 
Car -1 -1 0 590.2482419391079 175.60661047856988 618.687304025232 190.62496376324816 1.514142 1.5995318 3.6821988 -0.5590315 1.8097763 75.48747 1.1388342 0.6955735503789059 

