Car -1 -1 0 39.58837319778325 195.42395711122842 404.82863733090505 375.0 1.4243736 1.7317126 4.526337 -3.6977289 1.7453263 7.968526 1.5359077 135.4366923576681 
Car -1 -1 0 359.4564171361862 189.452143411654 473.65879901852554 270.4854613282656 1.447798 1.5228075 3.446931 -3.9631631 1.8401451 15.327585 1.5646198 87.04985668097403 
Car -1 -1 0 647.2069503834391 179.3553933610675 695.0860067904127 217.87885008611164 1.4441588 1.631556 3.9536161 2.468903 1.7295234 29.693266 1.5704459 59.34525943310898 
Car -1 -1 0 783.6020298867074 167.8167116724088 944.2219710453064 217.76928191225562 1.5039593 1.7115123 4.438448 7.9008102 1.3522978 22.657866 -0.03550376 55.10418756224248 
Car -1 -1 0 356.4387497989277 189.43192512629867 442.92509192896415 239.39912730625676 1.3661513 1.474796 3.8493822 -6.5724635 1.9392157 22.984327 1.6186074 18.043409853595985 
Car -1 -1 0 733.8253320266193 167.15947407038206 840.3782381872616 202.87272581173355 1.5319686 1.6779033 4.2717 7.796073 1.287694 31.901234 -0.052506577 22.162760332822764 
Car -1 -1 0 767.5571252469125 158.9351022580949 893.496652801321 209.35494400594007 1.7332256 1.664101 3.9684112 7.8326225 1.2547513 25.773048 -0.07040222 27.661349667364526 
Car -1 -1 0 443.2440104158949 183.0874568449178 491.699794058397 220.6830264480974 1.6002667 1.6023052 4.011593 -6.597301 2.1091251 33.84812 1.538879 9.906341176499685 
Car -1 -1 0 1015.6213291451959 151.45408784200436 1122.6307030325172 183.26112667923204 1.5075285 1.6565621 4.2042866 22.31415 0.4932567 35.119484 -0.04472212 4.171701015235503 
Car -1 -1 0 947.8416810966764 155.73412937796914 1029.4394184939858 182.83216781829347 1.527672 1.6073076 3.8427663 21.775333 0.5625264 41.539677 0.03080513 2.740711355164359 
Car -1 -1 0 974.8159570312454 153.53364169930725 1063.6474951219157 182.47701752306665 1.505799 1.5865768 3.869824 21.778934 0.5006439 38.433052 -0.052935764 3.768468103664759 
Car -1 -1 0 481.64259169806496 181.90449663218732 515.0561901332021 207.89197252591268 1.5052731 1.5573492 3.7603483 -6.8924427 2.0934858 45.002815 1.555837 0.8994836456434089 

