Car -1 -1 0 751.4090497536632 174.77928515149483 1013.4904681211199 354.03197861645106 1.6981928 1.617145 3.9964721 3.0085802 1.7273424 8.901739 1.5394017 140.02305789520358 
Car -1 -1 0 705.3932802022441 176.38596837257808 780.1817157095034 209.4939102634248 1.461616 1.4964548 3.570256 6.2514296 1.6382983 34.17826 1.0307132 55.24609394564702 
Car -1 -1 0 227.43138705552153 183.54774387053743 444.22288582336654 256.3207275323972 1.4698281 1.6221128 4.1185884 -5.867163 1.7166717 15.74761 0.04736241 45.62298656715526 
Car -1 -1 0 622.7990547857692 175.45308048748288 657.3159346353249 200.67023982647365 1.5464475 1.5746175 3.6817632 1.9280293 1.7212086 46.581577 1.4276241 22.514592965628523 
Car -1 -1 0 135.54972314726405 174.42175182232785 363.95878888410294 270.84836787669974 1.6480836 1.576024 3.4035046 -6.4731383 1.6786366 13.2107725 0.037274666 32.070460768015494 
Car -1 -1 0 244.18437256903093 181.9866285812238 428.59079962991507 243.86856795370718 1.4728005 1.6060898 4.0619917 -6.8219647 1.7148607 18.274029 0.023389995 15.23511197743073 
Car -1 -1 0 345.27494521064733 174.77167444483382 467.61319567570877 222.23778189613546 1.6058989 1.6413839 3.8230212 -7.072295 1.6756046 25.35463 0.027353447 20.066521105198653 
Car -1 -1 0 0.0 170.76790073398857 311.34776165465513 287.82202807185274 1.5962223 1.5588897 3.616361 -6.5260415 1.5677749 10.635161 0.0090784365 21.153124720708703 
Car -1 -1 0 607.6377883675475 175.2776191279155 633.8263503911376 195.81260103975507 1.5211599 1.5918605 4.0943336 0.8324818 1.7165675 56.061485 1.4755539 1.1127072833607936 
Car -1 -1 0 520.530257949001 177.0903848028351 543.8842367095084 195.7327012398536 1.4872401 1.5964112 4.026352 -6.5325837 1.8559104 60.66127 1.3738959 1.0131005551475953 

