Car -1 -1 0 712.9790338531334 180.91933707616505 925.8306443523445 326.52620566315636 1.5561776 1.5765039 3.2786038 2.5713453 1.6829401 9.621147 1.4552779 114.37653969889735 
Car -1 -1 0 575.616480560106 183.97700266282664 628.6317417157444 225.12439851381086 1.4645953 1.5897195 3.6160185 -0.35599282 1.9353261 28.625484 1.4132109 91.21794320892307 
Car -1 -1 0 215.96541730533568 196.16010417664222 359.89428724871345 304.3055749524798 1.4404931 1.625982 3.809713 -5.3835683 1.9113592 12.534539 1.3320429 60.186759216726855 
Car -1 -1 0 553.3251557306273 183.95123908907587 587.1292827762916 213.13285289147862 1.4401803 1.5363926 3.3458788 -2.1466472 2.0627003 38.713154 1.4325483 32.873491230522504 
Car -1 -1 0 635.1168792805328 175.05648067184262 747.5127682602275 255.62400536951165 1.6322405 1.6010908 3.6347177 1.7588012 1.6889699 16.654041 1.3922466 96.25285523344661 
Car -1 -1 0 308.299018677399 192.26713727438144 404.4487985023781 263.84024346794615 1.4883003 1.5889033 3.659194 -6.17847 2.0236688 17.973188 1.4259281 29.69712474321389 
Car -1 -1 0 410.2113841705905 188.34611519564533 452.59779041173266 224.95593858636175 1.5285535 1.6800448 3.6789405 -8.273269 2.295014 33.740105 1.3962002 8.676031820371241 
Car -1 -1 0 534.3463430155397 181.79962683504826 561.8096692660206 203.32443913710335 1.5149554 1.5625082 3.6802077 -4.665082 2.2136512 54.387318 1.3452501 0.7255387945334362 
Car -1 -1 0 659.2203038782225 179.38074626359858 762.7486302776825 221.69926042536855 1.5882056 1.5703714 3.7507086 3.9862938 1.8568652 28.565012 -0.19611548 0.9248570819491078 

