Car -1 -1 0 725.0212879339491 188.55463817762117 901.3893738589175 303.3044068819149 1.354547 1.578397 4.0198355 2.8810358 1.6393768 11.078612 1.5721848 102.40843169500792 
Car -1 -1 0 686.5255602025692 181.04346354647504 765.2631138470293 237.17450833119622 1.3717837 1.5574355 4.0050607 3.1511176 1.6240339 20.221418 1.5698702 75.25454987676761 
Car -1 -1 0 551.3842801410677 175.62329070652342 588.8581360877786 209.22952938887806 1.5397353 1.5895605 3.7465358 -1.8782604 1.6822449 35.249775 1.580766 27.525530035191878 
Car -1 -1 0 655.9342661614953 172.21415165256622 693.7874689241457 205.36231767717524 1.6974242 1.6368214 3.8901525 3.4702454 1.6646591 38.904236 1.5568223 35.592703985226024 
Car -1 -1 0 108.02624624884257 168.24343681601357 402.30418454566194 274.35358762510725 1.6847475 1.6528099 4.246851 -5.9166203 1.6115439 12.3575945 0.03561528 94.13852710870958 
Car -1 -1 0 277.552522508749 184.2938431896754 472.659548788572 248.34765258471973 1.4639981 1.6365341 4.2313213 -5.616826 1.7565634 17.620655 0.00656244 43.543315331818775 
Car -1 -1 0 332.27050220552667 183.13229928821397 483.8980129286082 238.52460060762837 1.4553049 1.567329 3.7984188 -5.6074276 1.7584257 20.299673 0.10558252 27.663740393543833 
Car -1 -1 0 392.18184870549203 174.40071678949045 510.201387468454 218.67024139105695 1.5730076 1.6666477 4.045682 -5.772312 1.6321733 26.652483 -0.05749027 17.067104809535905 
Car -1 -1 0 166.7063571583839 172.8074204933448 387.8945882098349 259.67718920674656 1.672616 1.6025524 3.8186235 -6.692552 1.6717191 14.853414 -0.08512823 7.304003834160694 
Car -1 -1 0 641.7986498056588 174.5593598787609 660.8963440674421 189.49284550149466 1.4515731 1.5852362 3.9357219 4.23284 1.6281958 72.66768 1.7153662 0.9922192600168994 
Car -1 -1 0 700.7453887573207 173.64738502692836 753.9262696613583 192.739315139314 1.4902456 1.5980526 3.8951054 9.344826 1.554428 57.38641 -0.097089276 0.643471750029463 
Car -1 -1 0 530.4014835004356 166.13530329202084 576.9574415418705 182.33672631172468 1.5345954 1.6104853 4.4054112 -5.34085 0.89820147 69.26468 -0.052989647 1.6107346348247926 
Car -1 -1 0 485.8931627591598 175.43846214903635 553.6455126560339 202.5426729173574 1.5464699 1.6454258 3.8717506 -5.2275844 1.7016311 42.336975 -0.08356916 0.3158589005470276 
Car -1 -1 0 692.2334802213135 169.91436443802263 738.2616788703704 184.18820820029484 1.4526157 1.6243925 4.4948707 10.850279 1.1534555 74.250206 -0.0039189938 0.7303484660795972 

