Car -1 -1 0 673.0096249363361 177.4666715873943 758.5752470719598 251.8098657806061 1.6806908 1.6704094 4.1352015 2.622723 1.8132373 18.651943 1.5880264 99.20238018084898 
Car -1 -1 0 755.8073658310327 192.02855207464634 1054.946725950074 375.0 1.4483081 1.6091368 3.6767402 2.7473295 1.7000906 7.6244555 1.5559467 125.31487289973512 
Car -1 -1 0 233.01288839195595 188.70799629141237 424.7075322338419 259.4695112662809 1.4634224 1.5579826 3.6669831 -6.159396 1.834659 16.08943 0.014818082 47.90807329812677 
Car -1 -1 0 658.4081459305594 182.82014932097078 720.8879086388936 232.50847335312636 1.4944726 1.6248752 4.253439 2.6491253 1.8650273 24.692888 1.5606486 29.538155630927815 
Car -1 -1 0 269.38663189526955 182.21794505372387 447.1484189349258 246.90726010911473 1.5635588 1.6742487 4.0524054 -6.3915586 1.8188574 18.697023 -0.06908201 33.62411944498799 
Car -1 -1 0 633.3796826722435 179.92415500350893 659.5927723837198 204.21435873120998 1.5022548 1.556797 3.7389402 2.4014554 1.98692 47.588512 1.5760593 6.325096415536161 
Car -1 -1 0 17.78120526563364 164.66719934662936 350.54646475475283 295.4946815946288 1.8493841 1.7055037 4.092513 -6.321807 1.733655 11.058795 -0.0031045228 88.27595047484192 
Car -1 -1 0 642.7764937045364 178.81843754783344 689.1526900642386 217.10634294243962 1.660713 1.6701708 3.6431618 2.581498 1.9551462 33.748695 1.5087042 14.165179736312858 
Car -1 -1 0 473.68771070150234 180.75029498654135 543.3003929570556 205.80480895926297 1.5095778 1.6274068 4.068406 -6.2580667 2.011064 44.930664 0.039572384 3.602252682709433 
Car -1 -1 0 131.83274380493464 186.9174912553769 385.99929065841604 273.6461611079726 1.495942 1.5827086 4.0095177 -6.454179 1.7778742 13.595979 -0.038922317 2.422327834134049 
Car -1 -1 0 368.2609400391204 182.03161915179945 478.7026645905817 223.1639514674584 1.513155 1.5952264 3.9324188 -7.1316423 1.880829 27.94042 -0.08721813 3.7293277068226858 

