Car -1 -1 0 757.5745846132837 180.76282754942923 903.3645883843353 277.1731635627567 1.5589117 1.5832608 3.5294857 4.036311 1.7293473 13.755226 1.5322223 103.4350652492321 
Car -1 -1 0 727.4876283928979 181.97892555350793 817.8056003505612 247.01509972646602 1.478118 1.6437323 3.9197145 4.1589303 1.7430127 18.952223 1.6144806 55.52386282477335 
Car -1 -1 0 842.4079245918053 192.45614541684674 1181.2109960432858 375.0 1.4681764 1.6082581 3.9570432 3.9858692 1.7394124 7.9895744 1.591033 93.34590677546355 
Car -1 -1 0 439.8927668231658 185.54047235662745 519.5484383976585 236.45228870687907 1.4705659 1.6286339 3.862316 -4.186253 1.9246778 23.83168 1.6595737 62.066055817497904 
Car -1 -1 0 557.2817050454397 179.4519463487248 588.8324926798181 202.1824910140116 1.5075641 1.672562 4.017459 -2.545112 1.9942025 51.139526 1.6646681 8.242361430545802 
Car -1 -1 0 710.4243546961033 180.86639871290106 770.2198924978792 228.4038084742172 1.4414682 1.5717621 3.6053116 4.336199 1.7323701 24.349148 1.6320028 22.187200599313407 
Car -1 -1 0 487.9561666586666 182.27193226800316 545.0226971760337 223.38982740517568 1.5281936 1.551646 3.894117 -3.7618504 1.9425349 29.739521 1.6535072 11.7016461643148 
Car -1 -1 0 508.13023943261015 182.313746064598 555.5323222200592 215.84643576548194 1.4830223 1.5073327 3.6475067 -3.700946 1.9652259 34.88103 1.6870064 4.453756314541366 
Car -1 -1 0 692.9280448906369 179.7801195353537 743.7950172684417 219.632328091808 1.4915664 1.5525062 3.8449578 4.396674 1.7943294 29.608799 1.5831954 17.071361439299125 
Car -1 -1 0 685.9019212936461 180.4174432174136 720.8688370904254 208.96405141390534 1.4862086 1.5409229 3.5670505 5.198427 1.9275824 40.311234 1.5859423 1.5004878674168727 
Car -1 -1 0 935.9352807353727 176.12847403304926 999.5142144778961 204.82038971239203 1.4814854 1.5683595 3.6856465 19.551086 1.6694279 39.547768 1.5403574 0.8314757564899664 

