Car -1 -1 0 377.41574251289416 184.6749476116172 484.5451779597189 253.31790095256812 1.512382 1.6782184 3.92468 -4.4521656 1.8491613 18.569242 1.6017904 98.44319977192775 
Car -1 -1 0 759.2149702039818 183.08901019623337 898.7519937019626 277.15504648760765 1.469419 1.6208799 3.8521948 3.9638956 1.6909573 13.657783 1.6149794 98.17422334540892 
Car -1 -1 0 827.960263974924 180.65908191381192 1119.9739958064208 355.226220738051 1.5864654 1.5868104 3.417266 3.9310522 1.6967471 8.453983 1.5280589 119.4646144331083 
Car -1 -1 0 725.0348967321903 178.94842123787296 812.4144587227775 241.99093951115557 1.4795567 1.6184021 3.7607954 4.1221685 1.6579309 19.210526 1.606073 50.68175581366112 
Car -1 -1 0 442.8374266288011 182.1068344800552 518.0136864294938 231.92191960729554 1.485605 1.6141022 3.9515789 -4.2464433 1.8229593 24.287561 1.6290133 38.55314286138944 
Car -1 -1 0 481.341957798066 181.75471338757043 537.5570942988576 220.58773996518786 1.4230396 1.5942638 4.278526 -4.023547 1.8147621 29.593401 1.6000501 24.899743636118345 
Car -1 -1 0 543.0513933299206 177.51383669903046 576.0272457925606 202.43037701198858 1.4872842 1.568992 3.6789317 -3.1254964 1.7944596 45.670414 1.6460369 14.678267263495442 
Car -1 -1 0 701.9550911216311 177.6474008282284 767.8161645215108 225.79039669561462 1.4590688 1.6110272 4.1312923 4.137616 1.6348251 24.369635 1.59763 23.223598682553913 
Car -1 -1 0 688.865085253387 178.31720495107467 740.6071092835965 218.36766492056688 1.4983144 1.6077204 3.74922 4.2168846 1.7351357 29.392508 1.5839661 1.3086053760595704 

