Car -1 -1 0 694.4073183171469 183.13040927985227 785.6252808715582 247.20787547423126 1.388787 1.5802693 4.1648164 3.1934047 1.6803987 18.390854 1.5729305 101.59704148897472 
Car -1 -1 0 549.5801696604583 177.93928316233288 584.625125581731 211.73161039131242 1.4518517 1.5320729 3.66323 -1.9394245 1.7005596 33.424797 1.5264828 32.913372801881074 
Car -1 -1 0 746.3452685608775 191.56341925889365 974.3928095317364 337.89826448413936 1.3591952 1.5759126 3.9854004 2.887463 1.6501548 9.217559 1.5846698 89.7637065955398 
Car -1 -1 0 657.0202651857485 174.35746849267014 698.4139442054075 208.14633172880403 1.62925 1.6366152 4.1618266 3.4434264 1.7108872 37.07872 1.546334 48.833838068218604 
Car -1 -1 0 13.71620837909565 168.66916264424992 370.47590569373443 295.4253525380217 1.687441 1.6659194 4.2367015 -5.8699784 1.6317303 10.482514 0.020899933 135.9462648591886 
Car -1 -1 0 241.07350059982363 183.57478263527508 457.1161162888796 256.51108336729493 1.4705546 1.618929 4.111455 -5.553461 1.7167776 15.689296 0.035631314 67.08849220317167 
Car -1 -1 0 308.9754453105537 183.01882716569676 473.67089454881807 243.80821947919918 1.4472547 1.5475945 3.7178519 -5.506003 1.7201391 18.431288 0.09075522 33.175761687790406 
Car -1 -1 0 480.8519589009476 176.64160990150296 551.4451857368766 204.5463905186189 1.519094 1.677258 3.819582 -5.1948624 1.7365946 40.48534 -0.058281604 31.2194638741218 
Car -1 -1 0 373.5700785025204 174.4402320673353 500.6634334092144 222.59332860117115 1.5818231 1.6525848 4.014932 -5.824181 1.6382759 24.72224 -0.06594486 25.71192653249258 
Car -1 -1 0 111.88395689727955 174.48634138788043 362.51176667291753 271.9215238180416 1.6408169 1.5711229 3.7114325 -6.5839777 1.6723138 13.051216 -0.046661552 1.828579457106856 

