Car -1 -1 0 661.6976696911494 176.10051721499735 727.7505478662492 226.34342836656523 1.5770662 1.6497445 3.8628883 2.849046 1.6978273 24.870882 1.5234907 85.08779775972185 
Car -1 -1 0 350.01292286088005 191.5525282368965 441.26311478653554 249.3127337749305 1.4720832 1.5737487 3.5252733 -6.212452 2.07092 21.325533 1.5965984 77.94551294178042 
Car -1 -1 0 404.7280352898599 189.0915050070422 477.3176207050597 234.52551050570798 1.466584 1.6561944 4.1491776 -6.174552 2.1185017 26.87738 1.5918477 57.99512756650732 
Car -1 -1 0 457.9201135498831 181.87181158445966 505.862013295047 217.9398966191012 1.5961568 1.6304314 4.2525063 -6.1457987 2.0619717 35.135025 1.5586426 24.31633956210661 
Car -1 -1 0 17.744815326196147 201.1349396332963 129.30700323198204 246.8232738082018 1.5172741 1.616619 3.6619277 -20.704786 2.6889029 28.060543 1.5714321 42.64076778174997 
Car -1 -1 0 0.0 203.56754717684652 77.06411487642119 248.31871259909875 1.5013019 1.6563501 3.848413 -23.480196 2.8142748 28.87651 1.5134685 8.713826287876973 
Car -1 -1 0 629.0805586840083 174.8505353676656 646.7730969435861 189.4951682812563 1.4515824 1.6513546 4.0418615 2.9397986 1.6625655 74.167435 1.6514918 4.147292479041767 
Car -1 -1 0 532.4777538336103 182.005952081399 554.3082309678891 198.7531252871671 1.4645476 1.5922747 4.1312556 -6.1543145 2.3464615 67.45063 1.5883462 1.0971073482649483 
Car -1 -1 0 486.36880151800716 180.73019339667795 520.8650096747215 209.66960989922705 1.5618486 1.606535 3.8305452 -6.113088 2.0410635 41.951527 1.5259603 0.8576659837365562 
Car -1 -1 0 564.7225088018627 178.11650935186992 594.8765710553647 192.70773396637742 1.4569459 1.650199 4.1484137 -3.095821 2.0267158 75.88847 1.9401349 0.530562074490941 

