Car -1 -1 0 682.5076902170442 197.14139311629648 897.9921804843098 332.99700617656686 1.3929398 1.5700762 3.8906946 2.2765412 1.8038898 10.168106 1.4213891 122.38116111092609 
Car -1 -1 0 565.0785924471392 189.14556286692095 625.4378719681811 236.72115039965652 1.4380543 1.6252775 3.8989334 -0.5762848 2.0546675 25.260887 1.4221401 65.95127282647253 
Car -1 -1 0 384.06670676700253 191.37035095569348 426.06723703357204 224.1510029959741 1.5920266 1.6677704 3.96312 -11.12376 2.6579933 39.4626 1.4361401 27.287640415525207 
Car -1 -1 0 0.0 203.57665251822135 250.0769007686685 365.15637707394944 1.5796881 1.6529895 3.6811175 -6.290532 2.079584 9.771563 1.3692455 109.69986256913519 
Car -1 -1 0 1079.4718447358823 171.17552170808955 1193.8533766061482 254.59917651901316 1.3995612 1.6089001 3.8614745 10.251263 1.371402 14.147815 2.1818404 47.96349563550893 
Car -1 -1 0 552.1462442692316 186.52777010215408 599.9138354708949 225.76364550949995 1.4898106 1.6070552 4.1255803 -1.5069854 2.11958 31.068382 1.4132528 15.586044249563113 
Car -1 -1 0 779.3143667391498 171.15934421801109 885.9925041722258 218.91552444510526 1.5833359 1.5596337 3.334341 7.849924 1.5271502 25.422832 0.5157008 35.31242425389216 
Car -1 -1 0 407.59460364521067 190.17944594379145 441.72026552979764 218.84584389400356 1.5883471 1.6299312 4.105898 -11.411068 2.7139585 44.727497 1.424403 6.392785885672863 
Car -1 -1 0 975.7241548027903 167.51260362162202 1085.9534511560666 210.42672021721705 1.4694706 1.6636907 3.9255466 15.444357 1.2865697 26.703848 1.5276028 3.64689678613492 
Car -1 -1 0 708.2059020103568 180.6721116175636 803.9677190263302 221.59505010448618 1.6743023 1.6297686 3.8255432 6.436427 2.0358193 31.750923 0.48578483 0.6467881982825067 
Car -1 -1 0 763.4846657738806 179.44724275270434 866.6738961412358 220.8999577727824 1.4820383 1.5386708 3.5667644 7.9141617 1.7505584 27.837528 0.5152692 0.32587477564811707 

