Car -1 -1 0 729.7207572925103 194.69859164386648 938.352625473043 352.90715651806653 1.5611129 1.5672951 3.6407533 2.6790633 1.9026744 9.453325 1.560139 86.39697484736442 
Car -1 -1 0 230.6545290697839 209.9407500435447 444.57682207869766 352.99653128123333 1.4793193 1.6800876 4.04298 -3.6768184 2.1267776 10.557549 1.5493808 128.8102279623691 
Car -1 -1 0 378.1439538379674 207.59250541347143 490.6101800969682 290.1371507992935 1.4309196 1.6179082 3.9958847 -3.779389 2.3082867 16.212103 1.5539436 73.59881325927999 
Car -1 -1 0 682.5322730235642 196.8938502626185 800.5907181820804 286.192677897027 1.4780047 1.582192 4.3727794 2.6301675 2.062832 15.342786 1.5390962 76.01757871622246 
Car -1 -1 0 470.48133801966577 202.71520718726924 523.8354913886279 250.3440129636539 1.4516158 1.5293176 3.9634016 -4.0592437 2.6332927 26.536232 1.5219336 25.334659625949666 
Car -1 -1 0 667.9664841237466 193.95125727699255 745.2391887804098 254.9484601869908 1.5153465 1.6145458 4.2651863 2.7886102 2.2091634 21.572758 1.5403714 37.37614679053246 
Car -1 -1 0 626.91302906201 195.8357754443756 660.3149207120044 221.26578991046014 1.5143049 1.5514021 4.0308433 2.2626224 3.1377335 48.867317 1.4347818 6.8332095914454545 
Car -1 -1 0 654.8986813364405 193.35249604197077 710.7165908887632 242.18747666484762 1.6114542 1.5674883 3.7148027 2.700128 2.4405286 27.290537 1.5233122 23.9327284278797 
Car -1 -1 0 435.5641834916321 203.59944421763436 504.2131314138725 262.78606000531704 1.4972708 1.4939389 3.4448643 -4.137988 2.5006294 21.804924 1.5437288 13.91533043860121 
Car -1 -1 0 830.2515781250746 173.89409771409075 923.963587620133 206.13935431687 1.484863 1.5946224 3.9288883 12.667702 1.535893 34.347366 0.13437316 6.889815904293132 
Car -1 -1 0 552.9000236536164 196.73210142463168 591.2797324722208 213.08891269093888 1.6034594 1.5888351 4.029443 -4.044536 4.2565255 78.25099 -0.7124419 2.4515271826336753 

