Car -1 -1 0 653.685176127004 184.55474263026366 720.3868935821399 230.07739488952842 1.3951347 1.5249553 3.3743474 2.5899372 1.8259969 24.796898 1.4391761 89.2644177511225 
Car -1 -1 0 878.5761187867325 177.7212161004856 1136.2589616870503 279.24699061927697 1.4491675 1.577053 3.6333523 6.6498256 1.5465732 12.464218 1.0917714 109.50407219966459 
Car -1 -1 0 298.56013566766734 193.08013207262533 456.156287800221 248.94548472957047 1.4763685 1.6351653 3.9812794 -6.5270786 2.0778282 20.579605 -0.029830843 63.99420209964479 
Car -1 -1 0 632.1331081213211 182.80779647598803 674.9408353544359 216.82888927178416 1.4675958 1.5343993 4.092971 2.0401974 1.9716079 34.44262 1.5048804 32.07883898893227 
Car -1 -1 0 369.33974043197645 191.03021559016986 484.0674468905477 230.89102828517423 1.4309686 1.5846483 3.9643557 -6.941512 2.1488914 27.60753 0.05067893 31.497977470953646 
Car -1 -1 0 182.08568514851228 195.59610872971479 389.22927656111835 269.7200614649082 1.4667053 1.5921082 3.8120546 -6.9432406 1.9924644 15.761121 -0.06577655 31.022170800614273 
Car -1 -1 0 112.31480685316338 195.05581078671497 355.07280920688066 286.94690294574553 1.5284561 1.6022962 3.6637838 -6.8220363 1.9698212 13.400672 -0.079033226 29.845523796620288 
Car -1 -1 0 400.2225095389621 189.16110571267103 495.1870257712136 224.26856064546627 1.4873543 1.527572 3.8735151 -7.2104235 2.2384443 32.323536 0.07663641 3.884721499513063 
Car -1 -1 0 321.93316839823007 191.64288350431485 455.26748195335335 241.6638055281043 1.4882989 1.5510547 3.7572312 -6.929866 2.1047196 22.871029 -0.013595536 3.0133540801928187 
Car -1 -1 0 350.5141358484305 192.24373016625486 471.90358334802215 236.18752116105853 1.4440993 1.5512321 3.810553 -6.8733244 2.1438053 25.23069 0.01654375 5.170272991815361 
Car -1 -1 0 461.3762903383535 187.71821480356894 530.5458952864353 218.1705632030155 1.4649291 1.6286132 4.0992117 -6.1455674 2.30543 38.75349 0.8101081 0.914816553232347 

