Car -1 -1 0 747.6807728919406 185.55260060228306 972.7040542671632 332.9741063597365 1.478102 1.586002 3.3904376 2.958499 1.6715269 9.26137 1.5259187 105.31832200821147 
Car -1 -1 0 133.51137949357178 172.90208790550665 381.43452514920926 265.10677429080044 1.6374803 1.6935977 3.9384966 -6.584179 1.6384737 13.861553 -0.10393701 92.94625986293902 
Car -1 -1 0 404.6269191173221 172.27978714284524 506.6422373163918 207.0071834455511 1.528606 1.6885388 4.2548256 -6.8972263 1.5033306 32.61459 -0.004790413 33.434369082814364 
Car -1 -1 0 709.293320792415 169.57776045215655 843.712536133172 218.26471977751635 1.7567654 1.7318438 4.6051645 6.185295 1.6385491 27.029093 -0.056220956 51.1526578543297 
Car -1 -1 0 0.0 161.54161051343107 316.64455895555415 316.5239909996653 1.7583985 1.6054282 3.85994 -5.9204845 1.6300504 9.029338 -0.020923825 114.00019833204387 
Car -1 -1 0 769.4767130810525 175.07615557074928 942.517723428905 239.0542349345086 1.6023879 1.6798539 4.0813866 6.4283524 1.664696 19.187817 0.10220857 42.72199485984754 
Car -1 -1 0 809.231133587112 183.9836853013274 1007.2165681379836 249.67990065173743 1.4068257 1.5774401 3.9003654 6.750326 1.6758451 16.58992 0.031954855 39.78165689247334 
Car -1 -1 0 438.3561088260599 165.84566919731296 523.2752112044809 200.54892853058143 1.7596095 1.7399452 4.266881 -6.6602907 1.4042557 37.692467 -0.11414185 24.149148496385514 
Car -1 -1 0 519.164729277232 173.56364808496747 543.5363291955848 193.50611426334987 1.5096679 1.6115727 3.7860303 -6.1105986 1.5672917 56.67362 1.5412238 4.454526177363848 
Car -1 -1 0 335.7849129039249 176.04875800279672 457.0457501663753 222.22694060961678 1.5619125 1.583772 3.8531091 -7.4429026 1.678739 25.459242 -0.07075039 0.9265461914258754 

