Car -1 -1 0 0.0 195.32510087097222 336.8656066133126 372.7861880539586 1.4871788 1.6955142 3.9182007 -4.7892933 1.8135386 8.51209 1.5611484 129.79591339511126 
Car -1 -1 0 260.09268337072376 191.02945940935592 431.2538610424949 286.0612656282204 1.4286954 1.7045637 4.354058 -4.81057 1.832722 13.860134 1.56836 96.49954472103242 
Car -1 -1 0 472.14482613935303 181.1625526914928 525.4685334479452 220.78149461107043 1.498543 1.513549 3.33585 -4.50118 1.8603796 29.715252 1.6267711 61.769404379706494 
Car -1 -1 0 789.7307821633921 188.50779036391936 1082.4245186445535 354.4836991494885 1.4403182 1.6284872 4.1819625 3.5394676 1.6757865 8.755372 1.5618483 101.68982766882574 
Car -1 -1 0 733.4104061558714 183.19412874169882 875.7903770047242 277.64597598913497 1.5009148 1.6503953 3.859112 3.5483906 1.7268535 13.828106 1.5604651 62.345857197283785 
Car -1 -1 0 713.145287147645 180.7956865576411 798.3226305609911 243.88546780466297 1.4927177 1.6087717 3.713381 3.8228648 1.7270303 19.415764 1.5910333 52.83526029368441 
Car -1 -1 0 496.74337259270493 179.76547155214035 542.8282312018341 213.55532709100152 1.4869928 1.5266771 3.6638975 -4.222763 1.834444 34.39663 1.6336782 20.094817172902047 
Car -1 -1 0 618.9403705502883 176.20453363243737 664.2266880128296 192.81099911723757 1.542731 1.677957 4.2334585 3.0349998 1.8645201 68.3542 0.049735524 13.793439249250541 
Car -1 -1 0 695.622345429399 179.5312097677604 761.3559566000312 228.46569310582038 1.5170503 1.6109322 3.9590178 4.0123987 1.7657096 24.889706 1.5697091 20.53687487619366 
Car -1 -1 0 689.0375947994008 181.35060482691327 736.9850447989529 219.19672533022717 1.4640701 1.5132272 3.367063 4.297083 1.8414582 30.359426 1.5639721 11.227006639153716 
Car -1 -1 0 183.06697555636893 148.09696651657003 282.80544351130743 182.531606666456 1.5358739 1.5837077 3.9028792 -17.334087 0.43164608 33.271652 0.1580941 0.6020299370163499 

