Car -1 -1 0 846.102864333921 175.05961230121966 1064.1717321376836 262.5369932956356 1.4607894 1.583373 3.6195211 6.5756288 1.5099705 14.118674 1.0870603 95.91539980113693 
Car -1 -1 0 645.7369422925034 183.42495148201687 708.9850960928017 225.8190156264021 1.3946512 1.5628769 3.5584836 2.420422 1.8107139 26.533127 1.4400594 72.355485436794 
Car -1 -1 0 315.0132946585956 193.04642128158952 462.7157351546929 243.71834917031734 1.4449596 1.611469 4.0465837 -6.6776447 2.0880208 22.119354 -0.026576739 50.27198201339252 
Car -1 -1 0 488.56401438570583 186.9125828809667 528.4670543008212 215.43852952416108 1.4576173 1.673103 3.89368 -5.653108 2.289701 40.750748 1.5804596 17.44121397812913 
Car -1 -1 0 627.4075107628023 180.53823834109363 668.7740803978387 212.85191355670176 1.4785848 1.5368917 4.113682 1.8724496 1.8858608 36.13118 1.4912335 25.73763533099795 
Car -1 -1 0 214.5684854888355 192.8193051672053 403.49773216652795 259.65695229899933 1.477856 1.605084 3.882916 -7.1181183 1.9829427 17.368282 -0.043043744 21.104052758908768 
Car -1 -1 0 155.5037197847754 193.9842206861354 375.8608455294511 274.05889162439314 1.5053222 1.6032163 3.8095853 -7.0008535 1.9715441 14.988124 -0.06955403 16.235296559046173 
Car -1 -1 0 339.05205512290985 191.58792586433634 460.6414336731111 237.99968228359162 1.4808075 1.5504135 3.6667411 -7.0522356 2.137337 24.47944 0.017304827 5.307593938022147 
Car -1 -1 0 366.91367733210194 191.45856507241564 475.66990981996787 233.14220133448237 1.4615866 1.548371 3.6293526 -6.94491 2.1742363 26.830074 0.018990334 8.144674043659018 
Car -1 -1 0 381.10829426829935 189.32284205660392 486.3902965942719 227.04400167996405 1.4372863 1.5791694 3.8538322 -7.008649 2.117774 29.005907 -0.00948631 1.1445031816588689 
Car -1 -1 0 0.0 177.83680797307426 339.34983397206423 323.96184721583575 1.8305465 1.6636856 4.147554 -6.1219597 1.9055009 9.976275 0.022134297 0.27450287342071533 

