Car -1 -1 0 793.1242863066577 174.55510860079593 1221.8795348447948 375.0 1.5136003 1.6555318 4.1948795 3.1805048 1.5348332 6.8794274 1.5337492 112.69959387851092 
Car -1 -1 0 629.6984085807584 175.31531180655244 672.9437377207795 206.42474911546438 1.469553 1.4965585 3.3350174 2.0449083 1.5987936 36.12506 1.4177159 14.232825570086234 
Car -1 -1 0 481.0281433542683 178.0536742347575 514.4385051916647 209.69645471627248 1.5804402 1.6396687 3.6669405 -6.025962 1.8729491 38.63546 1.3817861 23.45443797160202 
Car -1 -1 0 604.0200237463695 172.93278637711313 643.592115706261 202.13629477127137 1.6609349 1.5318599 3.5314295 0.8054836 1.6658303 42.940857 1.3416339 13.639647033504117 
Car -1 -1 0 576.1883043346855 176.6947785307339 604.7720594261242 197.68184138983426 1.5231365 1.6517162 3.6933863 -1.4887199 1.8265939 55.046047 1.39589 16.373581874889666 
Car -1 -1 0 668.3587879451497 165.21573563696663 746.7848130408169 228.40074249687538 1.7382197 1.6736162 4.228901 2.8742433 1.528091 21.992668 1.5348434 23.89109054386216 
Car -1 -1 0 556.3554897549793 177.4347783017634 577.9656948073463 194.80674384761565 1.4978703 1.5499027 3.427654 -3.8426435 1.9220985 64.998566 1.3938792 5.422325902237251 
Car -1 -1 0 658.3277030415735 174.27690135386862 719.0591789279397 217.8629401636605 1.5089576 1.58427 3.8044395 2.8912 1.5661937 27.06575 1.4928625 1.9879742573774912 
Car -1 -1 0 541.2707524902902 176.5885065370587 560.2482519508816 190.4436263887543 1.482772 1.5945395 3.6375213 -6.558432 1.9080801 80.22192 1.3446077 0.3641040325164795 
Car -1 -1 0 269.1806966381764 185.4980956230995 362.3161386314211 223.83283862211383 1.4412036 1.6055651 3.9651332 -12.254033 1.9980984 30.029873 0.57301915 0.3004642724990845 

