Car -1 -1 0 303.5396635814561 188.01108610293076 389.021442291681 233.2391202257876 1.3621429 1.5846155 3.696176 -8.510273 1.4617956 23.75394 1.538753 22.888549307308686 
Car -1 -1 0 449.359472521007 185.25124898501787 511.5440465604376 227.82676777115645 1.4281156 1.5162257 3.52447 -4.491491 1.4294848 25.901207 1.6027468 39.436952715777906 
Car -1 -1 0 333.90264964085407 191.48140083952723 462.2362357825111 272.0747186808458 1.4082054 1.5903814 3.794664 -4.125737 1.5535843 14.768398 1.5535781 88.16567710073141 
Car -1 -1 0 125.82670816233227 182.45000186195813 303.3535046797182 266.7957646999886 1.6121945 1.657745 4.097047 -8.370813 1.5593307 15.789879 1.5720766 97.01800603070681 
Car -1 -1 0 398.1638710155025 179.64020888371306 450.57118093095943 213.70488319640384 1.5439601 1.6154661 3.7513437 -8.698006 1.2912545 34.47068 1.5539917 20.045322043214703 
Car -1 -1 0 93.29018025456351 188.87485838892943 215.78829543276984 243.91231688786596 1.4376347 1.6125426 3.791701 -13.07277 1.5548021 21.029799 1.433841 16.21187322506571 
Car -1 -1 0 485.6351129757595 181.20402816908702 527.9100033360229 212.3428056686301 1.4786093 1.5518014 3.8064857 -4.9796324 1.2881172 36.04552 1.5809214 19.15947302449368 
Car -1 -1 0 579.9783709222625 180.40280082391254 610.3405486242555 208.071494226405 1.4631238 1.6056087 3.6058812 -0.6347923 1.2086172 39.816826 1.571661 8.378150002668997 
Car -1 -1 0 377.60931463686717 179.32464843230088 422.2417522541363 204.49091536252257 1.4792295 1.5698509 3.700119 -12.66662 1.1329638 44.127457 1.602966 6.925314415234938 
Car -1 -1 0 514.2345440302823 180.69593018851268 543.7279341221519 205.08028095380936 1.4694154 1.5768949 3.8800871 -4.972359 1.1970515 45.368538 1.3908122 2.3538380769125666 
Car -1 -1 0 236.68588832744422 175.56763445367045 349.9189597549514 218.09381064808778 1.7338374 1.7169957 4.016165 -13.138605 1.3404756 30.232285 0.032735243 6.080522260734996 
Car -1 -1 0 439.07196712322 182.2682808431388 481.48307266959506 207.97163916502566 1.4672854 1.5662934 3.6242003 -8.715559 1.299031 42.898273 1.6403122 1.540147325161015 
Car -1 -1 0 613.6113263537222 181.56247727135883 636.3693163263367 198.87138624109164 1.4863167 1.5799992 4.1457705 1.6125948 1.1726145 63.887962 1.7046425 0.5722631100400052 

