Car -1 -1 0 457.29790335830535 178.21743500807426 518.835256557198 221.7472412746237 1.5376678 1.5931842 3.43896 -4.5909386 1.7565979 27.68766 1.6317604 48.29137522917022 
Car -1 -1 0 184.06571010316685 191.96191434420436 400.7827206586445 307.2372888777117 1.4233088 1.6850984 4.3963785 -4.877614 1.7957528 11.85289 1.5552261 135.24913558470632 
Car -1 -1 0 827.7561255421573 188.6585589696541 1242.0 375.0 1.4342476 1.6282047 4.097334 3.4860969 1.6257399 6.6791677 1.5525482 107.19262530252514 
Car -1 -1 0 749.4513925387357 181.4801845280445 927.5872217084569 295.24596086465414 1.5182513 1.6773908 3.8252192 3.522424 1.6827798 11.841249 1.5609777 83.69681656470894 
Car -1 -1 0 721.2533125243592 179.42967841875995 822.7763528502005 252.46224275934992 1.5279865 1.6512495 3.8286963 3.7759595 1.7039132 17.373869 1.5905348 61.32838671474214 
Car -1 -1 0 698.473170160597 178.41939976516727 774.3310855158644 230.51330537686135 1.4729857 1.6197008 4.0481486 3.9161935 1.665177 22.87738 1.5510545 32.49607119606532 
Car -1 -1 0 484.90383428022295 178.45958554243475 535.6423407896056 214.1588360730525 1.4741663 1.5825322 3.876042 -4.389577 1.7410858 32.385803 1.6155305 25.05680250961238 
Car -1 -1 0 692.632637804219 179.0634642868141 746.1193479871691 219.86368672032526 1.4765843 1.5135906 3.2987473 4.245318 1.7344077 28.289959 1.5440137 15.848980560333555 
Car -1 -1 0 636.893973498942 174.52947836931142 687.5029299939416 190.52909351065094 1.4432557 1.6917851 4.575958 4.8045483 1.5992537 66.23262 0.04475774 12.85428598349294 
Car -1 -1 0 14.92847260874733 180.7089570007507 172.42788291164788 228.54860046781343 1.4859836 1.5910001 4.131261 -16.840872 1.753669 23.654095 0.06842287 3.5471914583603965 

