Car -1 -1 0 902.1118881007262 169.46171155450207 1043.798593864501 241.05518729734473 1.3868699 1.7860707 4.2304873 7.951552 1.3211563 16.226658 1.7684429 82.0316931472744 
Car -1 -1 0 391.46825311255054 192.25673614797668 519.4345642146168 269.9698238274843 1.431609 1.5962963 3.8758738 -3.6072211 1.9277719 16.386858 1.0059712 118.22946396691779 
Car -1 -1 0 804.7978892506138 166.31839445147557 888.1654657444586 230.22219350214357 1.4161844 1.5712124 3.4164667 5.745865 1.2713475 17.82091 1.7719945 59.14119132038311 
Car -1 -1 0 283.43697730307366 185.13906965424545 343.34698374379224 226.65859870351022 1.4873067 1.613401 3.988887 -12.04757 2.0209565 29.222258 1.0168586 40.3862150951711 
Car -1 -1 0 267.9901177316039 183.39784795009984 316.8813682846068 218.88661840320123 1.5121219 1.6492078 4.1240754 -15.096293 2.044598 34.243256 1.0384555 14.876276679506917 
Car -1 -1 0 467.38963705147023 173.54716135069583 554.6625513122525 210.029318196912 1.5944124 1.6151118 3.5967383 -4.432326 1.6268585 32.675133 0.16949883 46.11424945680515 
Car -1 -1 0 993.1544854759076 163.3292482747534 1203.9416228330401 227.92048810057227 1.4407892 1.6239882 4.1392155 12.194009 1.2283275 18.299223 1.0668175 20.017532128975102 
Car -1 -1 0 71.04115010599908 189.71439475745282 112.35094912762041 222.68434102463843 1.5550283 1.661695 3.7987194 -27.327665 2.4943118 38.15692 0.97824407 15.183013205116781 
Car -1 -1 0 415.34403496528347 179.68167367995122 498.9517008145806 211.5593546469095 1.6187639 1.6169815 4.026684 -7.958538 1.985452 37.88173 0.03039981 3.9718284147377605 
Car -1 -1 0 530.4906592487147 150.89460684203493 833.7263423490518 341.74918092726216 1.9920135 1.77753 4.525347 0.6895783 1.7628158 9.9251375 1.0223906 10.859723970994928 

