Car -1 -1 0 345.4121065659238 172.69843138517555 476.26741083875305 258.761624006376 1.5109104 1.6812214 4.0055933 -3.863617 1.5081792 14.696772 1.5376154 131.01323244806179 
Car -1 -1 0 685.0304339545745 164.0533623227355 810.0826882047228 258.5561321559075 1.5546212 1.5725611 3.6791139 2.4692383 1.409846 13.732781 1.5397205 81.56231766962001 
Car -1 -1 0 657.4064407933296 164.2520426115823 746.1590705518394 225.9535087900143 1.4841969 1.5946383 4.3982434 2.3732326 1.2772812 19.600252 1.5091956 59.34222042812399 
Car -1 -1 0 748.9049104048842 171.00545807053393 978.0173674407941 318.42980876998865 1.5095505 1.5840615 3.2805648 2.9376752 1.4906223 9.068284 1.5175587 93.68803092041458 
Car -1 -1 0 418.1962402382056 169.16103060071055 503.54240672362675 227.19316346174222 1.4785435 1.5964139 3.91779 -4.076295 1.3844539 20.342789 1.57148 42.658416111815086 
Car -1 -1 0 648.7773981339126 161.31798724038913 710.7026886199627 206.54768585587493 1.4801905 1.6307964 4.151416 2.414462 1.102662 25.722546 1.5269579 6.932598033941572 
Car -1 -1 0 640.8073546668223 161.19832579483472 686.6262630603359 197.74573417494017 1.4993489 1.5913229 3.6689572 2.3043642 1.0211774 31.463839 1.5334296 1.038834027801674 
Car -1 -1 0 577.8877076681845 162.22025424342266 603.2192551147732 179.57353296923915 1.5719795 1.6236516 3.6013627 -1.8001063 0.6087012 67.30522 1.3270942 1.4348346311125186 
Car -1 -1 0 479.1333991769864 166.01356161900225 524.0583512105145 203.0919164709505 1.4789163 1.5039805 3.7109332 -4.529713 1.2060767 30.665167 1.5283014 0.3947099447250366 
Car -1 -1 0 0.0 113.28461483024208 149.32801296721303 181.91797758647652 1.5456672 1.5574182 3.849762 -13.343188 0.20412648 17.205437 0.09400138 0.2667759358882904 

