Car -1 -1 0 252.6613340611812 193.99511550131967 432.5551903534771 303.07768122084957 1.4809779 1.6271685 4.149683 -4.431034 1.913188 12.675834 1.5702022 105.08667927096107 
Car -1 -1 0 0.0 206.05181738525414 337.7433173672701 375.0 1.4562154 1.5847757 3.8315165 -4.594433 1.919759 8.155148 1.5758519 96.07286730635585 
Car -1 -1 0 706.1780574926968 183.6638814300818 761.1415412154241 225.10154946338122 1.5165302 1.5570848 3.4493847 4.9320955 1.9778798 29.054325 1.5509014 24.009962677845763 
Car -1 -1 0 531.6660446319243 185.03925908158257 575.2807330534243 215.01433959794755 1.4880624 1.7758832 3.9497633 -3.0146623 2.1899447 39.520138 1.6530039 21.284448563399806 
Car -1 -1 0 735.6744283487468 172.42280135210245 857.8108981546961 260.9525279546705 1.7958088 1.7849708 4.608532 4.2036657 1.7870619 16.96302 1.5968862 87.26265493786664 
Car -1 -1 0 721.0530979196926 185.95704682576803 789.2002377483766 238.55896053048932 1.4884192 1.6341228 3.8879967 4.62592 1.9493635 23.394726 1.6284207 11.99460565771088 
Car -1 -1 0 595.7219272255351 183.66202065204087 617.5718260312027 200.99446744554646 1.4935138 1.5767577 3.7069666 -0.24202374 2.5188503 66.51786 1.688226 2.9822016542365137 
Car -1 -1 0 697.571215671661 183.54779394486366 741.045209168966 218.41806052045652 1.505439 1.6232425 3.8081276 5.154405 2.0420125 34.270325 1.6089994 0.2946828305721283 
Car -1 -1 0 521.368870907652 176.64474273392693 550.3806375912616 197.4458082753822 1.5664008 1.7486933 4.2429657 -5.8057485 1.8785244 57.263653 1.6006832 0.2865620255470276 

