Car -1 -1 0 672.8070233598775 182.07890004383177 757.2021998790711 243.2050857701953 1.3682934 1.5557624 3.9569468 2.6240625 1.6333666 18.74263 1.5551162 86.02467355625637 
Car -1 -1 0 660.11466642057 177.54336580110916 711.118866942247 217.41356744839828 1.4070971 1.5464807 3.9186263 2.8704805 1.601092 27.887665 1.5676558 31.941116898008325 
Car -1 -1 0 552.8746424024768 175.1201577538885 583.4170441624133 202.02890845071488 1.5156968 1.5453348 3.289122 -2.40964 1.6546538 42.58278 1.5922935 13.903965625711326 
Car -1 -1 0 92.34757656831452 181.7785852360497 390.77371783082134 277.5836560149301 1.5166398 1.6603802 4.352414 -6.2254133 1.6826665 12.507881 0.039324902 153.93307209827935 
Car -1 -1 0 288.90521530463474 168.46117060641996 466.81369583516766 233.4560999939225 1.7127309 1.685924 4.3552275 -6.27276 1.596972 19.85823 -0.0006790866 56.12159837990217 
Car -1 -1 0 638.2681246883193 172.8244053774907 669.6941842043307 198.20897148407568 1.567708 1.6305153 3.8404942 2.822669 1.5658801 46.51445 1.5278245 11.806082304387578 
Car -1 -1 0 436.1986399199841 174.33783967441443 522.1438721871207 208.33319679195992 1.559912 1.6436429 3.836999 -6.1119127 1.6320409 34.132233 -0.06330165 12.72725753065683 
Car -1 -1 0 395.9610627324167 180.2128658794021 505.8236889876601 219.98830316427143 1.459239 1.5737333 3.836947 -6.078123 1.7533062 27.836582 0.112218164 7.278027078208167 
Car -1 -1 0 488.8239640953161 175.59377640739402 549.0567423793889 197.6848290073504 1.4880588 1.6303551 4.025516 -6.2116585 1.6805928 49.77002 -0.060360715 9.29999076992802 
Car -1 -1 0 373.21257425894487 180.60055182596807 504.72858430311436 225.23809452931212 1.4771813 1.6098446 4.1744514 -5.8962555 1.7579733 25.184072 0.080310084 3.622180188095612 

