Car -1 -1 0 243.427543709109 189.38249895045908 445.5215916364273 310.6645150419251 1.4424042 1.5902267 3.783629 -3.5975447 1.514648 10.571421 1.5704701 97.40521179850045 
Car -1 -1 0 698.8589130100254 189.75280030225872 804.9922400631812 264.4867019335087 1.3825097 1.517773 3.3966417 2.9387863 1.489327 15.214891 1.5562556 94.88689215022114 
Car -1 -1 0 436.6006270619256 180.84232411938143 511.9897157130368 241.19131253586858 1.610117 1.590555 3.3262858 -3.7666435 1.4934349 20.847275 1.5644896 103.43711391634318 
Car -1 -1 0 0.0 187.0914539018434 187.56419816041958 314.1033223048055 1.5256548 1.6282179 3.70328 -8.021275 1.5581133 10.564732 1.5417109 84.93102413286367 
Car -1 -1 0 649.7389827243695 182.55255691611833 701.5388909246948 219.41912080775828 1.4349891 1.6199276 4.1125374 2.7900026 1.3313293 30.067373 1.5312004 48.830739373943615 
Car -1 -1 0 382.16010071021674 183.44717911060073 443.2856387609632 219.63283175666803 1.4517372 1.5795741 3.682219 -8.224318 1.3807857 30.689137 1.5812348 48.00038189913816 
Car -1 -1 0 479.795747585536 181.45579412911115 535.456589597758 220.9923363708121 1.4958167 1.5724852 4.0560713 -3.974032 1.3535653 29.250889 1.6051595 37.655909927651315 
Car -1 -1 0 585.9982856028482 180.76840228653128 609.548732121371 201.5405724517246 1.4819487 1.5453582 3.6659162 -0.7257509 1.1646653 53.1661 1.5035104 12.981536096928208 
Car -1 -1 0 255.98496411024183 186.19228309530212 367.3667052875032 243.29067234442317 1.4444222 1.5280435 3.3062675 -8.079256 1.4738492 19.952164 1.6505649 9.588821551105731 
Car -1 -1 0 622.5840365696939 182.15631012132124 645.7192405339421 200.21257757557814 1.4416628 1.5928826 4.037892 2.1974847 1.1973927 59.446693 1.5279282 4.090661584424705 
Car -1 -1 0 458.1470657761987 171.35832279577693 490.5047049037375 194.0506742456852 1.481513 1.6072575 3.8385592 -8.990102 0.5768081 48.87633 1.5381895 1.8793335428244697 
Car -1 -1 0 533.9073074156299 180.8712638555871 557.6215272822652 201.491236448956 1.4291489 1.5650754 3.8816895 -4.460479 1.1280407 51.84445 1.4494705 0.7133441088228989 

