Car -1 -1 0 555.3843451440191 168.45628424095173 604.9777260148569 193.10310155657672 1.4812458 1.6100072 3.8999279 -1.8976812 1.2169478 45.464508 1.0885074 20.901118229866963 
Car -1 -1 0 809.6382687135065 164.74166465320874 859.4629488021898 186.50115954090987 1.5250888 1.4944526 3.2975082 16.294516 0.9565077 52.37034 1.0335736 31.43833490499905 
Car -1 -1 0 601.7198786240261 169.23189149238252 658.7950902579365 193.18173347618344 1.4510368 1.7054627 4.4852304 1.2587036 1.2315857 46.100883 1.1000636 13.159303531338603 
Car -1 -1 0 516.1169022399104 166.56099485513664 568.2027343875678 196.66499717962245 1.7223918 1.7160273 4.2283907 -4.123129 1.3623391 43.55728 1.1071433 8.9452203901439 
Car -1 -1 0 768.6847797992738 168.123833651257 819.1990161341829 190.12085014685104 1.4865608 1.5609094 3.515028 12.90777 1.1668954 50.684227 1.1329627 2.5897789108369498 
Car -1 -1 0 897.0004175538929 168.71584323154707 952.8592773032877 187.71383865295238 1.4351743 1.6911749 4.0908747 24.726173 1.1225634 56.717384 1.2342541 1.7374419794890927 
Car -1 -1 0 743.8902184882703 167.2746097451243 797.3663030347643 191.28262705799239 1.5458461 1.5333649 3.6047006 10.760898 1.1865959 48.410965 1.0865954 1.907051055141789 
Car -1 -1 0 852.6475443267442 168.5178570787803 909.18754240802 189.03675527592296 1.4939561 1.6041976 4.069768 20.367313 1.1782465 54.13973 -0.44871363 0.416735976934433 
Car -1 -1 0 942.9001025743148 168.34045927172346 1001.8967895227139 187.92327043015996 1.4820131 1.6391299 4.141739 28.169725 1.1404313 56.028908 -0.3165296 0.2669265568256378 

