Car -1 -1 0 752.1592870822062 186.21303065100705 878.7492566290341 273.6654550558195 1.4416807 1.6026553 4.3049955 4.0201283 1.7557116 14.763677 1.6320639 101.02310594420327 
Car -1 -1 0 834.4663806151806 193.80791821143967 1157.8311824034165 373.9508809579723 1.496383 1.6930641 4.2676206 4.1528897 1.8103567 8.653556 1.600457 114.6184984728152 
Car -1 -1 0 729.9846732903869 180.91586380029838 811.2333239608554 241.08728556573334 1.4860482 1.559864 3.3871927 4.3650618 1.7284783 19.987724 1.5920738 67.55614485479293 
Car -1 -1 0 543.5692571342411 169.15327086247828 590.5843592970457 204.2060821752523 1.484607 1.6591461 4.1551714 -1.8581063 1.3278682 32.68064 1.6271888 40.85359010876457 
Car -1 -1 0 703.8349660634871 175.34721013512433 763.7700298333774 220.78514037931578 1.564435 1.5567636 3.3260882 4.531672 1.6625625 26.712925 1.5412407 44.93631337086396 
Car -1 -1 0 688.1542717493785 174.61151419989397 736.6977102463931 211.95239123879574 1.5171007 1.5628574 3.6228395 4.4020905 1.5977764 31.303534 1.5629301 16.697018066949507 
Car -1 -1 0 451.252875966604 171.39391737210858 550.2266102865168 248.60683202032132 1.5578381 1.5690937 3.6548736 -2.352378 1.5283796 16.4142 1.609668 19.45153212112591 
Car -1 -1 0 351.31458407678633 142.5090327981379 526.6828956946777 301.4364517271852 1.9343648 1.6836534 4.3224926 -2.3252501 1.5650249 10.952502 1.5597688 42.17371237733086 
Car -1 -1 0 673.9581894889806 169.7123392509309 717.4083776898651 202.9216676733396 1.5976627 1.5662923 4.168109 4.3337574 1.4465208 36.82538 1.5317651 1.5120488777939312 

