Car -1 -1 0 300.63045411430244 181.4832358007544 390.6521995542822 231.92593444453016 1.4725099 1.5786661 3.561347 -8.1733265 1.3635528 22.771282 1.5631869 59.138773873139726 
Car -1 -1 0 373.5690923820906 175.09031925884156 503.6331599212573 267.0023901122945 1.6131899 1.6789262 4.2008414 -3.261658 1.4354749 14.717659 1.5704695 91.93992100051807 
Car -1 -1 0 475.46518880473064 180.25287628604167 526.2489552693859 219.85581825267155 1.4634537 1.5706776 3.7206929 -4.141608 1.2800617 28.448238 1.5391822 52.24821252462821 
Car -1 -1 0 558.6963784838636 177.74999575177057 606.4453534677037 220.97335187907262 1.5177503 1.6779308 3.3633764 -0.93173546 1.2555987 26.955833 1.5308719 37.647048709265555 
Car -1 -1 0 2.9805252018844066 178.02513706540194 255.32691095653973 290.71664256383684 1.5843261 1.6585913 3.877832 -7.6709805 1.4832343 12.047707 1.567871 96.41381120109907 
Car -1 -1 0 154.11501025748208 183.74216695669998 267.20988663999157 231.61391774517605 1.4373016 1.5988691 3.987691 -12.858364 1.3930603 23.59781 1.5435629 28.609533750546802 
Car -1 -1 0 267.5653746056442 178.94295460580332 338.4303450593244 217.00619811919697 1.5093337 1.6261652 3.6027799 -12.751017 1.2605987 30.347025 1.5177011 17.871656974803873 
Car -1 -1 0 513.9495200937679 178.4581473800111 544.3523564059931 205.54292547053734 1.4545624 1.6244419 3.942557 -4.3689876 1.0916545 40.639664 1.4841361 2.8808675939138606 
Car -1 -1 0 350.91793754690144 182.3633786984525 406.02231837747456 219.9542648211502 1.4116375 1.5345955 3.4882314 -9.101992 1.3045254 28.827545 1.4337411 1.1971553726047375 

