Car -1 -1 0 117.52224312872508 185.59862129802306 464.1910486123428 375.0 1.4442673 1.6805252 4.4702086 -2.9641511 1.623971 7.9074383 1.6102455 148.7925965085595 
Car -1 -1 0 479.0005773598102 175.26367179881163 542.1852417352244 227.35184331964618 1.5113357 1.5003092 3.3686962 -3.0516605 1.5930767 22.784002 1.5812072 71.15934421203812 
Car -1 -1 0 761.0811410326355 191.40263904073228 1057.237094465198 375.0 1.5059448 1.6348381 3.6341825 2.8982658 1.7554601 7.8659577 1.541663 112.36697402774546 
Car -1 -1 0 669.1567537513072 180.0715598762436 727.959260936063 222.52156614961723 1.4407907 1.6537273 4.1006937 3.27872 1.7340558 27.25444 1.5549177 50.075753999941526 
Car -1 -1 0 367.6435129101529 175.7420463405779 499.8072010254765 271.79038731021063 1.6024485 1.6264995 3.7408826 -3.2481756 1.6661183 14.028968 1.5802641 81.66449197792866 
Car -1 -1 0 702.5866245960292 189.0894612695279 846.6048118372742 283.55149398853723 1.3712076 1.626162 4.121848 2.830333 1.7164521 13.265701 1.5496075 70.54039161177606 
Car -1 -1 0 651.4306972772613 174.81090051904096 677.159916197223 199.64506127052863 1.5555034 1.5985487 3.7139993 3.5611343 1.6891711 47.389072 1.6231146 16.856646047520815 
Car -1 -1 0 513.8857330829973 175.6072243568357 563.3369783029672 214.76796998967993 1.4991319 1.5784247 3.6312013 -2.8607397 1.6195422 29.717987 1.6001757 9.782056514769783 
Car -1 -1 0 571.2024641364856 174.34450259151126 592.5246336044746 192.51923507810145 1.5783645 1.5803561 3.6028633 -2.4616365 1.716044 64.80644 1.6270523 4.138080511119856 

