Car -1 -1 0 746.0273355156164 189.68415621821447 983.5892257435095 337.1202859971485 1.4180249 1.5420325 3.4408245 2.958497 1.6725223 9.128639 1.4818425 132.3264262648699 
Car -1 -1 0 666.4488003540991 180.73089589618078 757.4695291914419 245.1461645897191 1.4468803 1.618361 4.2249203 2.5477653 1.6763468 18.875462 1.5294747 97.63472654236148 
Car -1 -1 0 656.1099813425276 178.34880509802684 706.2348666868312 216.3579608660354 1.4225024 1.5372703 4.089327 2.8744125 1.6641787 29.66827 1.540618 28.909726676798666 
Car -1 -1 0 338.92163989584503 185.11471183571243 487.12605371997864 233.892530661967 1.4380202 1.6193789 4.1924305 -6.0968375 1.8384216 22.64774 0.051107947 58.427390400317655 
Car -1 -1 0 83.01551732150493 191.0316682773539 357.08194112553804 286.3044337304144 1.430467 1.5737165 3.8156357 -6.4315977 1.7598944 12.134496 0.0826513 70.52129734848052 
Car -1 -1 0 156.142616933654 186.7365689977509 388.6240055584128 266.18292915425025 1.4835169 1.6160289 3.9510825 -6.694775 1.7803726 14.596588 0.012325665 36.025596953933984 
Car -1 -1 0 227.9226123746722 180.47370004181278 416.7449478323596 252.0577018813039 1.5710247 1.5880637 3.8396058 -6.699049 1.7611828 17.025494 0.09976523 33.08439137998351 
Car -1 -1 0 353.67895447200016 181.18100997621488 478.3400073593366 226.9632661935278 1.5283406 1.6053497 3.928621 -6.690099 1.8286612 25.20388 -0.008323723 10.922499098537651 
Car -1 -1 0 0.0 196.6702759767604 288.81025507438636 315.81362233620916 1.4199059 1.5487835 3.8882666 -6.637748 1.7715452 9.797253 0.042351548 44.50622992132333 
Car -1 -1 0 637.2705886989512 173.0910866993304 665.7837849640619 199.19060565758167 1.7006028 1.6330949 3.964404 2.8140152 1.7173754 49.048172 1.5514339 7.138738881111789 
Car -1 -1 0 379.96272052268677 168.70848856408273 487.7191785722003 215.06353710776594 1.7265475 1.6463182 3.7278583 -6.694523 1.572143 27.731194 0.018059876 9.117828792658846 
Car -1 -1 0 144.34169976352212 169.78471871681268 222.04147950566468 203.85170028304194 1.6127198 1.6736879 3.9738207 -21.268799 1.4674208 36.176994 1.5296732 12.39003283469331 

