Car -1 -1 0 241.37622109719757 189.4566338573656 454.0559767094223 340.9636205035486 1.5518808 1.5970877 3.4974358 -3.2022643 1.8119719 9.540233 1.5523784 113.48727996608488 
Car -1 -1 0 864.4543664069902 192.71497543070487 1242.0 375.0 1.4176764 1.570083 3.931768 3.799598 1.6603875 6.814496 1.6213729 126.14005660179346 
Car -1 -1 0 682.6636858435095 179.90740146309508 743.3149943808128 227.1810250315856 1.4486322 1.5947459 4.241913 3.478104 1.712899 24.891607 1.5981185 29.11740017790915 
Car -1 -1 0 737.6037615366432 176.25662770050067 901.2282676342431 288.1653139492916 1.5840937 1.6406263 3.7821426 3.3429894 1.6507142 12.228055 1.5609738 106.40204814984202 
Car -1 -1 0 544.9207641722386 176.56292742677974 575.9128136127971 204.12075853875922 1.5329552 1.6237502 4.0255694 -2.8652391 1.7628984 42.707756 1.5546373 19.700911579167258 
Car -1 -1 0 707.4487186324114 182.22783977855448 797.9878356988876 247.30083486843262 1.4749384 1.5442139 3.7337422 3.6098943 1.7433686 18.779371 1.5498064 13.063598077524155 
Car -1 -1 0 675.0072143513014 177.12976804775062 720.7542492909822 216.29959411958964 1.5246288 1.5544384 3.3858433 3.6381555 1.7134871 30.163649 1.5883672 9.496003145215838 
Car -1 -1 0 665.9066413759344 177.21162216768212 703.752254319529 209.36949044461878 1.540657 1.4820964 3.480361 3.794201 1.7735487 36.80365 1.5449795 4.244037415904258 
Car -1 -1 0 467.71059005724294 168.77678017604543 547.0571678369741 240.95435306251005 1.875319 1.7464476 4.5044494 -2.85109 1.7693845 21.013891 1.5536264 29.853878554954072 
Car -1 -1 0 654.5294627313433 175.46083927979112 689.8757568825349 204.9181869411239 1.5941191 1.5975955 3.856104 3.5423017 1.7505085 41.33905 1.5456889 0.5761131010973625 
Car -1 -1 0 506.96411637144786 178.7203884877473 561.7301210275567 225.2967831323645 1.5512924 1.5975461 3.8644378 -2.6841383 1.7820867 26.452791 1.5728104 0.31990131735801697 

