Car -1 -1 0 703.102706935296 197.65334821970433 869.9332206113045 264.91009342328204 1.4997952 1.6141753 3.6671166 4.2887588 2.1445909 17.784851 -0.09392795 132.38788723383948 
Car -1 -1 0 851.9178855935355 196.99514528964377 1242.0 375.0 1.5221169 1.649247 3.7391868 4.5015507 1.7884274 6.9846306 -0.0819716 127.61915862071675 
Car -1 -1 0 207.28224933080048 193.287835169702 390.8751949380997 256.4244757045405 1.4982016 1.6373141 4.064561 -7.932513 2.0559108 18.721865 -0.07639282 88.64669647493518 
Car -1 -1 0 39.91576053227036 192.68804628437348 316.1997360048101 280.46804873159454 1.5016413 1.6054481 4.2130313 -7.927729 1.8953197 13.514697 -0.0019513104 49.387325492239235 
Car -1 -1 0 0.0 193.60744900118914 258.74591367627477 306.9569073716053 1.4990972 1.6111991 4.0807667 -7.6755495 1.8348179 10.77212 -0.046675354 52.26805693808477 
Car -1 -1 0 679.2588565053125 197.88653915735088 823.4095044572599 255.50256338521004 1.4666789 1.5604486 3.6507483 3.8606586 2.190696 19.997131 -0.050816614 24.004726433415925 
Car -1 -1 0 462.5670423701395 192.44509308816882 494.01660570907205 215.198748301026 1.6037202 1.670541 3.4978642 -10.238836 3.1802394 56.12653 1.1664813 7.216654480821318 
Car -1 -1 0 275.46935443268336 188.00953450840638 398.9727110077144 242.0346366972527 1.634481 1.5856653 3.5647905 -8.805691 2.1534905 23.58493 -0.19585018 12.986155931200217 
Car -1 -1 0 244.96733355187484 188.34952192843252 393.4455230910986 246.4399299593841 1.5704739 1.6233683 3.7741027 -8.4112 2.0488095 21.181353 -0.15426823 3.807297788743097 

