Car -1 -1 0 0.0 207.46820564661314 272.93562413440935 371.83610534160323 1.5197471 1.5867133 3.808741 -6.064842 2.0613391 9.382135 1.574662 98.21507385453673 
Car -1 -1 0 439.3249953701528 186.39185770184287 493.12049729384177 225.18849595814774 1.559298 1.6129484 3.523622 -6.2964373 2.1935208 32.022415 1.5942729 39.356975814703006 
Car -1 -1 0 645.6529253516179 176.87586995969266 688.2627096659942 210.04712098935417 1.5254412 1.588737 3.768046 2.775976 1.7344908 35.576492 1.511511 41.91316122477509 
Car -1 -1 0 101.23147926835875 202.01675038991166 173.71067415691118 233.6860075825732 1.503124 1.6122437 3.7666683 -25.860125 3.1836815 39.671043 1.5377918 19.479619888365118 
Car -1 -1 0 466.3699418379807 187.00418912940683 510.69712255747015 219.0405148344813 1.5044367 1.5732771 3.854096 -6.239479 2.2789557 37.548122 1.5952176 14.928015254303808 
Car -1 -1 0 146.5150073242724 200.44470728505127 217.8709085051054 230.94818374353812 1.4429295 1.6095428 3.9502907 -23.414616 3.036663 39.697132 1.5630013 9.674838434874747 
Car -1 -1 0 186.42487620874 197.40932300077876 254.48398962906327 228.81261852462592 1.4779682 1.6402647 3.7065377 -20.793299 2.8588796 38.719852 1.5754731 22.357846299220792 
Car -1 -1 0 491.13744904215514 181.54354089704398 525.1436087605904 208.1191103769615 1.5625701 1.5329798 4.1030564 -6.394255 2.1393747 45.83377 1.5838196 0.28768935799598694 
Car -1 -1 0 605.8278986196588 178.03053476461247 661.076556072345 199.15339251566033 1.5831935 1.6204875 4.0748653 1.8630161 2.002683 56.707882 0.5557456 0.7500013634372806 

