Car -1 -1 0 457.1694419017245 184.31021128773148 515.0880422578434 223.87821080706817 1.4007101 1.5740168 3.685363 -4.521975 1.3686558 27.2912 1.5720217 49.03424128373119 
Car -1 -1 0 321.35853141708964 186.07856366798677 399.07180106989813 229.3436089529427 1.3900664 1.6309142 3.5986466 -8.492999 1.422294 25.009258 1.5182205 16.736938597709514 
Car -1 -1 0 359.5553836107999 189.00115803902068 473.9662380425348 262.04140491003244 1.4196397 1.5774192 3.932312 -4.121942 1.5151131 16.1536 1.5571586 88.56639396991686 
Car -1 -1 0 173.21971534682805 180.41645142765339 325.2294490370382 257.754288915643 1.6321628 1.6480198 4.154389 -8.37562 1.530878 17.263935 1.5511714 78.10769430667027 
Car -1 -1 0 578.7334913482807 178.03859123017745 608.2494650016981 205.7323286505671 1.4752655 1.5724838 3.2318106 -0.74967206 1.0929358 39.919403 1.5585389 17.31923214198785 
Car -1 -1 0 490.8681273832133 180.9787456458142 529.6354762336418 210.52404961602818 1.4529573 1.5734832 3.8395667 -4.9762373 1.2445955 37.28801 1.5487825 12.770201773457288 
Car -1 -1 0 405.6150324257762 179.438499041919 454.6226923159884 212.67763827622272 1.5716003 1.6123316 3.6853976 -8.7672615 1.298445 35.849392 1.5478436 7.220582186017675 
Car -1 -1 0 384.2074828462982 178.50506494903524 423.50563939561624 202.96280906455974 1.4809831 1.6123321 3.814993 -12.811399 1.074636 45.480873 1.5111222 5.5690443286946145 
Car -1 -1 0 296.0325656748868 172.6473161093307 365.65971848066107 215.01757334152887 1.8035662 1.7058603 4.274708 -12.494071 1.2685704 32.774654 1.5235457 7.200316646349592 
Car -1 -1 0 124.77213608603037 190.10097018113834 231.9022564323186 243.70087260179412 1.4865365 1.5549725 3.521553 -13.057937 1.6493921 22.118454 1.44327 3.72126759756399 
Car -1 -1 0 511.8637185359628 180.93048168443806 546.9111719752043 203.788289102633 1.421906 1.5801215 3.7434409 -5.096713 1.1553373 46.739143 1.2709537 1.1348708751367442 

