Car -1 -1 0 734.7819749707252 197.38205629532396 1008.4860446706534 365.557657007283 1.4149768 1.5736743 3.8802743 2.7944055 1.777666 8.662629 1.4749404 126.49991349234986 
Car -1 -1 0 604.7419444842377 188.2541007305765 667.5695840276757 237.43453828036115 1.4013497 1.5717386 3.8974853 0.7974641 1.9531145 23.836628 1.474788 90.73906482483537 
Car -1 -1 0 418.1367956243949 189.83439831375432 461.8758981316944 222.67238070609412 1.5788457 1.63724 3.677643 -8.992548 2.5293093 38.510193 1.5210073 45.7471491960457 
Car -1 -1 0 0.0 209.6263894645194 260.48800315479826 375.0 1.5241252 1.6054505 3.6916971 -5.7185483 2.0688376 8.751314 1.436177 118.63144313255177 
Car -1 -1 0 591.2988984915577 185.5498442237926 640.7160521382416 226.71662724192498 1.5004127 1.5706565 4.0732336 0.19905168 2.0602617 29.708359 1.4629388 33.84748517017567 
Car -1 -1 0 831.8267593012199 169.3796782229976 950.8837028451868 221.00717360721362 1.5773417 1.5616852 3.4047546 9.198586 1.4711928 23.60038 0.5501951 26.11032263634315 
Car -1 -1 0 811.8996804134878 177.1005469505238 922.9628689277528 221.50423687935094 1.5010698 1.5615166 3.594743 9.366253 1.6647403 26.249763 0.5108022 2.920634776925227 
Car -1 -1 0 578.2934858760988 182.40800469324515 601.7879705860634 202.63036295191375 1.518866 1.5764391 3.4698918 -1.5880462 2.3072078 57.72261 1.4546775 7.472474725910176 
Car -1 -1 0 763.5488670008691 177.33761632556133 864.5854257034171 220.06225321779345 1.6498494 1.5856286 3.7738333 8.42219 1.8444203 29.751123 0.46949342 2.1590746221618287 
Car -1 -1 0 152.44818805683644 197.63220162467616 195.65633221430718 217.52872333443233 1.4740682 1.6185157 3.6339045 -36.15869 3.5988855 59.999847 1.4927105 1.3255612082462802 
Car -1 -1 0 1043.0780814181203 163.78494805112277 1178.405809712477 211.27025417069925 1.4665896 1.5840669 3.8166008 16.697441 1.1864907 24.280254 1.4396789 1.0699814605194642 
Car -1 -1 0 217.51005929109138 193.89460898536018 270.5226095159824 222.2450053622396 1.4902883 1.5935647 3.6287866 -21.51902 2.7878842 42.612656 1.4700583 0.513928513403652 

