Car -1 -1 0 146.44074151269973 192.39642807237266 384.23126299990616 324.2785640991086 1.470772 1.6137396 3.8857868 -4.7235603 1.809812 10.570825 1.5760108 117.39563087320514 
Car -1 -1 0 313.52153533961865 188.41891106797658 452.9813880646972 267.0156229058575 1.4022303 1.6562208 4.307416 -4.7800655 1.7919731 15.899324 1.5882941 89.43410231992183 
Car -1 -1 0 764.2506887331723 184.84675458293813 977.2461171792359 312.1881684807963 1.4593892 1.6249597 4.190606 3.5902383 1.6733449 10.768949 1.5604672 120.26294078612334 
Car -1 -1 0 484.80070759331966 180.01740394433045 535.5656597588504 216.93600698112684 1.5043412 1.5677552 3.3100648 -4.319291 1.8366745 31.768646 1.6408074 47.05275336507458 
Car -1 -1 0 722.1930300834109 180.94859849295713 837.1473566704185 260.64074777963384 1.4993451 1.6342514 3.8415089 3.592742 1.699162 15.888548 1.5732799 62.09482190090657 
Car -1 -1 0 706.8273986245545 179.77890002148237 780.6243100914314 236.0563474711728 1.4942364 1.6068494 3.69144 3.8994951 1.7183578 21.484793 1.5987872 46.18106963731332 
Car -1 -1 0 502.9284494186967 179.59577338015183 548.3497764239007 211.00205569729542 1.4578464 1.5988219 3.9974813 -4.173985 1.8171829 36.41422 1.6318024 16.247536711473032 
Car -1 -1 0 691.8455982950311 179.56495679037383 749.7465616533635 223.25565748780667 1.4788679 1.552761 3.800589 4.073022 1.7469003 26.913044 1.5648897 16.65034305002349 
Car -1 -1 0 604.5562548217536 176.1137244351691 651.8773724504354 191.15011565608557 1.4371641 1.6823608 4.5203357 1.8426633 1.7601762 70.45704 0.09029206 10.724043396479958 

