Car -1 -1 0 169.18135033714867 200.5188727842596 427.780189510234 369.99414019417014 1.5318345 1.6708127 3.9555316 -3.5969257 1.9602463 9.174059 1.5439098 124.65269001928993 
Car -1 -1 0 748.1672780998553 181.83628235547903 1020.1205965793 369.36690248876226 1.5648417 1.6034764 3.6496987 2.7138252 1.687639 8.03035 1.5594425 84.24483774077996 
Car -1 -1 0 355.71223460649156 195.34431300797857 485.1600186980089 285.74110512097064 1.4761554 1.575349 4.0485196 -3.7036886 2.0013819 14.821292 1.5770015 94.15676798621588 
Car -1 -1 0 691.0865448359839 182.53217443789057 827.6069150398198 277.34740954845233 1.4862158 1.6163013 4.3268323 2.6925902 1.7025981 13.944293 1.5394552 92.96440376654186 
Car -1 -1 0 464.79959657594316 186.90367680638298 524.8757510275577 236.40141180430282 1.517367 1.5328195 3.7959561 -3.9129012 2.0434415 25.109539 1.5579777 35.54635774365644 
Car -1 -1 0 662.9108180597016 179.06916879131512 722.3587452625163 225.60569480412744 1.5049378 1.5762564 3.7111597 2.88559 1.7426531 25.716562 1.5378284 24.80347432066209 
Car -1 -1 0 675.2919993322176 178.6191256119851 760.5205232450238 240.89740911003227 1.518133 1.6396117 4.1713 2.8943443 1.6954595 20.0861 1.5434167 38.227127173992535 
Car -1 -1 0 627.6772344665717 179.13664767976928 665.2239057863335 204.35588958230161 1.5473104 1.5936552 3.785408 2.3730097 1.9764986 47.28076 1.3790392 9.3225372530761 
Car -1 -1 0 421.2078596969275 188.2247472965483 500.3200563711936 249.8521110554392 1.5041852 1.5307319 3.5651548 -4.0873895 1.9747388 20.29692 1.5583849 21.4970678530678 
Car -1 -1 0 852.8632768830125 157.36558888376678 948.1239116003462 192.18936509583534 1.5328634 1.5748684 3.7494917 13.15881 0.8510986 32.80595 0.14238583 2.864670690528082 
Car -1 -1 0 592.5620116315936 181.71662007622953 613.9822640411359 199.88253116020704 1.4599612 1.5589962 3.768603 -0.5656437 2.2432375 61.82676 1.4875267 0.6893725140115049 

