Car -1 -1 0 727.457264948458 183.5751662651113 882.0496560364569 238.44109580290808 1.5258455 1.7291274 4.091852 5.699049 1.8574972 21.377497 -0.03854882 102.82688534378173 
Car -1 -1 0 947.4445356897626 195.82432052538948 1242.0 321.55631229741823 1.4062946 1.5614424 3.6787431 6.541657 1.7298412 9.278376 -0.057306074 103.24749772494829 
Car -1 -1 0 880.9030337854247 186.11355588661442 1152.283323302506 290.7918432729497 1.5184075 1.5716236 3.5112262 6.41535 1.7480328 11.594886 -0.06636622 59.64419796072896 
Car -1 -1 0 67.42964119809967 184.32551590952093 379.8117618328812 295.68443755760774 1.5452771 1.5935242 3.9342442 -5.7351274 1.7339555 11.026619 0.022550885 97.68789854181172 
Car -1 -1 0 638.474797232527 182.33666833371421 674.3357822272862 213.79847208231936 1.4212017 1.5687867 4.112236 2.2797875 1.920225 35.904827 1.5835454 20.055199736839363 
Car -1 -1 0 209.47705095369915 174.8863140549353 420.0245713448733 255.9131827244041 1.6815888 1.6633052 4.0039372 -6.3948426 1.7294055 15.9999695 -0.07357721 52.10580026105784 
Car -1 -1 0 393.1794987824725 179.4465606193888 506.2903389278685 220.24661870955896 1.594354 1.6206386 4.2269773 -6.4271045 1.8696085 29.295036 0.0097239 35.85348544492245 
Car -1 -1 0 0.0 193.59193590423493 274.1444187132084 328.237078584863 1.4406165 1.5571358 3.9103272 -6.4067373 1.7176223 8.806931 0.026949782 35.20693261392138 
Car -1 -1 0 309.5137080263483 184.23515855301102 461.7737366913016 236.517987530289 1.4422939 1.5846454 3.9524665 -6.449093 1.7870047 21.053453 -0.004080722 16.93758095610999 
Car -1 -1 0 144.32759849509785 188.23506541006893 404.178338291422 274.89575544412077 1.4577343 1.5864098 4.0758486 -6.0619164 1.7603002 13.320346 0.03959559 26.32976816607013 
Car -1 -1 0 259.91551698507027 182.96257210878275 437.8716767156027 243.6960288789383 1.4735433 1.5872929 4.0181937 -6.619977 1.7457715 18.606152 -0.015745189 6.061043553780568 
Car -1 -1 0 620.5760463459269 176.9728904970593 642.5441343095076 194.82276613730934 1.4927285 1.5897393 3.7713451 1.9545817 1.864828 63.21582 1.691699 2.528149768046242 
Car -1 -1 0 417.19529404262795 176.0560390847751 503.0936990665456 209.60966518971227 1.6561129 1.5947094 4.03341 -7.5277076 1.8221085 36.587086 -0.010209109 1.6487085922229807 
Car -1 -1 0 558.6005510867745 179.54510495888826 579.6300578834854 198.07955754753561 1.4470158 1.5470622 3.8318517 -3.37592 2.0195663 59.75389 1.4642209 0.40268227458000183 

