Car -1 -1 0 684.694276227239 172.7175049883 815.9152616629957 275.56266442551095 1.8004973 1.7064953 4.329273 2.6982515 1.7981076 14.826453 1.5339711 109.52139546810264 
Car -1 -1 0 0.0 185.08510593381112 292.49668804672456 310.5057572379546 1.4893825 1.6079695 3.8331149 -6.4814568 1.6663872 9.588337 0.025996862 77.38311527808453 
Car -1 -1 0 172.63663595269594 187.54539984747217 401.91517072539284 266.68459136534904 1.4334595 1.5680366 3.8892548 -6.312199 1.7448187 14.354529 0.08017123 47.8813358701942 
Car -1 -1 0 67.08862636145611 188.52833069621718 377.12443294144595 286.1719249148821 1.4700171 1.6362532 4.264027 -6.248892 1.747856 11.95952 0.0056997864 52.344709492116756 
Car -1 -1 0 655.8890513613876 181.76873311950118 716.2432851952135 227.99257093635612 1.4817212 1.6273997 3.9395118 2.664353 1.826292 25.893724 1.5384365 31.63461554476341 
Car -1 -1 0 637.1739501390188 180.2172838751155 676.7418076667934 210.13994143101277 1.4513264 1.6728151 3.955501 2.4426346 1.859567 37.994705 1.5311497 22.165863705712898 
Car -1 -1 0 277.18877915367636 179.45195163671093 437.8446694561893 245.86858986072565 1.6522706 1.619851 3.715783 -6.559253 1.8353193 19.07732 -0.071456656 34.289116386632905 
Car -1 -1 0 227.59640118756576 185.583942831959 415.8021912164428 252.17903729656845 1.4605781 1.57877 3.7959495 -6.6719427 1.7745619 16.969036 0.020265395 10.729849220550353 
Car -1 -1 0 388.90107338084766 175.9576027676741 497.64749360246384 218.53196539784994 1.6201863 1.646728 3.8941278 -6.4956465 1.7462265 28.443043 0.018539412 15.367278182922005 
Car -1 -1 0 669.8023495460493 184.9626455094403 748.7670412368146 242.56850856778718 1.4267199 1.5965418 3.6474 2.736393 1.801999 20.506437 1.5283382 9.15648926102561 
Car -1 -1 0 458.4518608923468 173.5618447599449 527.1954307615538 204.50464919468882 1.7179663 1.6358587 3.6480126 -6.583233 1.75895 40.937695 -0.011595943 4.275902332672132 
Car -1 -1 0 421.60813320523056 179.26996689858188 513.4407782475092 211.42454814835182 1.5362182 1.6922675 4.372574 -7.0163465 1.8659652 35.99491 -0.11353315 4.016914210335443 
Car -1 -1 0 304.7084109447342 169.99634430242418 460.6045802002851 234.57841770722257 1.8411982 1.6802368 4.1238403 -6.6546993 1.759728 21.470785 -0.02929579 11.245487649432436 

