Car -1 -1 0 610.889315403083 181.76024363487423 680.6902586421692 239.99882587711897 1.5604191 1.5807433 3.4865286 1.0099044 1.8507309 21.703754 1.4669298 108.68469021553095 
Car -1 -1 0 114.05823516613377 195.7354831350991 345.74012362918 327.5196435923891 1.4910206 1.6982574 4.2687774 -5.507506 1.9144256 11.141301 1.4680449 130.2159212845359 
Car -1 -1 0 583.6324554174199 182.89496915170966 623.1429675211684 218.7489695915132 1.4509015 1.5333872 3.4026427 -0.3180648 1.9196659 31.932579 1.4980441 35.389967768996655 
Car -1 -1 0 402.7316553440301 190.05039669965237 458.48163217045436 234.106843596552 1.460729 1.5391691 3.478198 -6.6604815 2.1504674 27.13614 1.4756218 38.016525809044204 
Car -1 -1 0 700.9965142239263 172.03703867088967 930.6360547263029 323.97081384133327 1.6198552 1.6205796 3.567988 2.4730282 1.611145 9.572042 1.4313459 125.76750852725671 
Car -1 -1 0 429.70641324948235 183.21773766529054 471.81884765907665 219.40745629142418 1.6471858 1.6152105 4.100349 -7.900708 2.1973634 36.18067 1.4659004 13.21995161390537 
Car -1 -1 0 566.231547370202 180.83092262912194 593.9414137580609 206.96857593362066 1.6103781 1.6321161 3.8954005 -1.9841809 2.159987 47.699257 1.4785151 9.715855950282654 
Car -1 -1 0 734.5944600450348 177.24185122626707 876.4882784381407 232.77716041023487 1.5596087 1.5764225 3.7491732 5.765604 1.6960468 21.429037 -0.11994268 7.235901086818927 
Car -1 -1 0 756.1239916607748 155.32125955285377 835.9932969792668 213.6329809950059 2.141142 1.6856616 4.0583057 7.290137 1.4973589 28.61288 1.4450865 1.201090391923489 

