Car -1 -1 0 679.3192964645731 168.74023344447187 782.9898676109501 246.90066870858993 1.602573 1.5812927 3.6081033 2.678958 1.5182258 16.643543 1.5090573 128.12861130783304 
Car -1 -1 0 758.3859105620652 186.35609035244988 1090.7133737845058 375.0 1.4598849 1.611221 4.0545235 2.8054795 1.6382223 7.4870167 1.5505512 105.09223022893833 
Car -1 -1 0 653.7129057358975 173.92055580865662 698.2521035014195 209.1212604616481 1.3902657 1.5354769 3.5450513 2.7421563 1.4377978 30.380575 1.5668226 45.28523821943761 
Car -1 -1 0 360.2183716069736 172.28120095855522 492.705038796978 214.60094543454358 1.4553177 1.6310143 4.290968 -6.4337015 1.4356198 25.643099 0.0069555086 28.16938098379716 
Car -1 -1 0 209.49788865859017 175.497782401174 428.08404502258344 252.2499356023416 1.5135165 1.5892884 3.9862561 -6.038643 1.5727458 15.228831 0.07199928 42.239137028459915 
Car -1 -1 0 257.47006205104486 174.23214746409428 447.69587843564244 237.67961047894767 1.4840198 1.6038624 4.1482644 -6.285317 1.5200177 17.882748 0.079579145 26.656794404363527 
Car -1 -1 0 411.495324203551 170.5424077586432 512.5186231046004 211.12922010439067 1.5154306 1.5530108 3.5696266 -5.6151776 1.4291202 27.727945 -0.0059812753 21.25392664429372 
Car -1 -1 0 476.6523865649562 164.7978473616957 538.1799650614829 190.7470799019215 1.655394 1.6199492 3.8992188 -6.6140265 1.141463 47.0196 -0.09440049 2.679996719445954 
Car -1 -1 0 661.1736435524615 166.92576613442031 691.2784301089708 190.54840333279395 1.6383514 1.6190817 3.735248 4.7623415 1.2271976 51.953545 1.5131099 1.2629159036365611 
Car -1 -1 0 277.0102679230305 160.80223676782347 442.3781993549816 228.2008107580596 1.8002882 1.6692336 4.047173 -6.877599 1.4783726 20.151049 -0.02153722 0.9195792244631574 
Car -1 -1 0 500.913097746576 166.50576822554729 554.8462845973291 185.3016527681895 1.5027752 1.6368425 4.157259 -6.6027193 0.9952188 58.574455 0.032638617 0.5050014744809842 

