Car -1 -1 0 680.424281541871 186.90131176487995 758.8154455181608 243.60346253999256 1.4299076 1.5783345 3.457984 3.0867326 1.8699608 20.83702 1.5208398 74.62570513867439 
Car -1 -1 0 794.1927922768804 181.88435428807367 1140.0375211669802 375.0 1.6103787 1.6395519 3.7229948 3.1653476 1.7249014 7.286728 1.5679824 96.74449694882985 
Car -1 -1 0 744.6453767526596 186.49002533298275 845.2682366022851 225.27844408968377 1.4254501 1.5746949 3.5485206 7.1398087 1.9719133 28.027905 0.057322353 43.10189007979922 
Car -1 -1 0 10.336195407667349 183.6477674676819 333.2638871776086 293.63719063030464 1.5465074 1.6429486 3.9962041 -6.60184 1.72751 11.209722 -0.034485538 96.0289305143025 
Car -1 -1 0 219.53803067239912 182.23742961299624 424.81918835342555 256.1494923303311 1.5196813 1.6323467 3.8643365 -6.205574 1.7367773 15.869106 0.004297808 40.98011680975736 
Car -1 -1 0 140.05222936350478 188.25970452537155 406.16861956794185 275.1095517773929 1.4626375 1.6055259 4.1624146 -6.0585003 1.7661864 13.33977 -0.03600946 47.65256843007568 
Car -1 -1 0 333.4962499424833 178.1648851629391 478.2084614503348 239.60516918282593 1.6773901 1.6036661 3.6853325 -5.7567472 1.8355854 20.66698 0.012863059 39.385071423258296 
Car -1 -1 0 468.5764659243586 179.34034492073064 541.4524185824633 206.370676064177 1.6135492 1.7144251 4.2407537 -6.383835 2.02021 44.363647 -0.007513875 21.85965085676566 
Car -1 -1 0 277.9384642437073 186.946516109474 461.6127588909333 248.6156655101647 1.4559448 1.6065803 4.1295447 -6.005659 1.8317301 18.34262 0.046114482 17.08187510105009 
Car -1 -1 0 368.06480810294994 177.84326889759427 490.1219967688913 226.24801519693358 1.6303539 1.6301788 3.9437203 -6.2819104 1.8127016 25.433313 -0.062911086 11.940251828755104 
Car -1 -1 0 721.6246967652545 181.09433710728808 823.6017530204542 220.3053546379001 1.5968623 1.6700224 4.0199647 6.878882 1.9587913 30.738094 0.059483632 6.531306085765654 
Car -1 -1 0 490.67174972510304 176.8313013706437 554.7592722151398 202.6998081391495 1.7179998 1.7072072 4.277961 -5.928766 1.9961499 49.359146 -0.118845284 9.150832204262334 
Car -1 -1 0 693.3625420245237 182.12692638474124 775.7300647316417 211.68655225508388 1.5194545 1.6487279 4.1246743 6.6179614 2.025135 38.48808 0.017125135 2.0743661783633587 

