Car -1 -1 0 589.1664345586911 190.16679784932833 747.9457696226891 290.23565184352054 1.4055564 1.5839052 3.8048482 0.8768649 1.7639674 12.890167 1.2909095 124.56480496055357 
Car -1 -1 0 486.1515309319247 183.00199722798584 543.9809164325898 225.94253719139775 1.4565121 1.6292512 3.8896666 -3.6749103 1.8735507 27.557953 1.2911935 58.75378175564865 
Car -1 -1 0 24.13352440215783 203.5709507899177 215.74246247990334 326.67342494742445 1.4528687 1.5771402 3.6215954 -7.517469 2.0245628 11.462936 1.2553482 68.41226933104242 
Car -1 -1 0 306.98549694013417 187.00940221774684 346.31705821291104 217.4935365302042 1.538306 1.6655799 3.9025412 -15.809442 2.3734667 40.467106 1.2989602 19.92617415571229 
Car -1 -1 0 474.249509179761 181.5584536270891 518.1642042124627 218.06974843605332 1.5209202 1.6077739 4.246023 -5.301786 1.9509333 33.388706 1.3189371 16.466552512840803 
Car -1 -1 0 678.8755582715413 166.58489163851073 774.6920687116233 209.34522553887743 1.6160789 1.6119957 3.4708903 4.666134 1.3791448 28.702843 0.41171142 64.98366535611214 
Car -1 -1 0 88.74770242911988 192.2470443686048 175.42198042078144 221.55853774807042 1.5573173 1.6356164 3.917631 -27.527706 2.7182336 41.731293 -0.3641184 1.9233750751001057 
Car -1 -1 0 899.2996993515637 137.91626983021612 972.7486907233784 165.65884997400954 1.4553508 1.6360776 3.8298874 18.472925 -0.42957902 41.003204 1.248594 0.5482363700866699 
Car -1 -1 0 1127.464877870221 126.85838120823678 1242.0 163.4867871143938 1.4515796 1.6206833 4.1602554 25.571495 -0.44375038 31.956707 1.2835212 0.26795247197151184 

