Car -1 -1 0 797.0205675512578 179.9614179326847 964.0680298229443 249.22878369356619 1.4407302 1.5939585 3.5814047 6.383831 1.6309669 17.360462 1.0624204 104.86972800449757 
Car -1 -1 0 633.0163060827026 181.34735233239738 689.981541273404 219.46965851184797 1.4242609 1.5800762 3.5455148 2.071074 1.7955023 29.664877 1.416137 61.444462841584986 
Car -1 -1 0 336.94982825530155 185.7547233612419 470.402641973305 230.46067715651975 1.4741849 1.6602647 4.201379 -7.107069 1.9405758 25.195726 -0.028442685 42.393637187202486 
Car -1 -1 0 615.723906598959 179.7730012609501 653.2185069754103 209.69819050703552 1.5010929 1.5637274 4.2019315 1.3058628 1.8991225 39.349693 1.4882983 10.956396585017105 
Car -1 -1 0 258.87459854334475 184.7872024721711 423.49843222888336 240.31696358416585 1.4800866 1.6249077 4.0566754 -7.511041 1.8319497 20.434298 0.014121572 17.231318498831765 
Car -1 -1 0 0.0 191.41127657287967 304.77128114786535 302.9665279416985 1.4720368 1.5973841 3.8649523 -6.7525563 1.7660174 10.611944 -0.010278205 27.956816939018772 
Car -1 -1 0 490.2532008395936 182.69281098652945 520.8846647617039 209.44830116039165 1.4943855 1.5937387 4.018595 -6.2812414 2.121 43.88678 1.4907845 5.1835053396210995 
Car -1 -1 0 386.6047677115165 184.6996445838336 487.99043636173946 218.7873342201504 1.4498656 1.6168137 4.127554 -7.6025057 1.9901679 32.086502 -0.007669108 6.202726128461658 
Car -1 -1 0 369.49554029345836 184.11063172156 475.3130978985689 222.20057232232367 1.4909208 1.5968609 3.912977 -7.6442547 1.9677546 29.668365 0.050497722 0.6655574312655032 

