Car -1 -1 0 675.9303379115686 183.05195106396167 759.2279840468385 244.5679122937437 1.4696045 1.643574 3.601129 2.8410273 1.7732562 19.662832 1.5445559 104.16571807298426 
Car -1 -1 0 770.6721278539238 188.3178794441222 1090.5881396767431 375.0 1.56211 1.6576515 3.7611008 2.9555001 1.7649184 7.574957 1.5617149 128.90438047300134 
Car -1 -1 0 259.1892995732823 178.103140655446 443.9069989043273 243.34273708777982 1.5455139 1.6596192 4.073038 -6.434754 1.6853306 18.235193 0.07688878 97.26232345127364 
Car -1 -1 0 651.245079520257 176.5872341057986 697.8976098180387 218.4279489870792 1.638908 1.6409681 3.934787 2.692113 1.8073578 30.585773 1.5755208 36.96342125369291 
Car -1 -1 0 0.0 172.78924583046364 341.5511014385473 298.7917161487311 1.6828005 1.69092 4.0832944 -6.2755065 1.6819357 10.548745 0.033015955 87.05686396899618 
Car -1 -1 0 96.38739977065215 181.0618470149261 347.8440632236367 271.03111628224667 1.5045784 1.6129076 3.784228 -6.9751053 1.665645 13.200252 0.08206813 7.643820627015349 
Car -1 -1 0 415.24241395754746 178.85428769587918 515.0480991779849 216.50373281588287 1.5350828 1.6620712 3.9901993 -6.078294 1.798551 30.706284 -0.07382102 13.357815809177811 
Car -1 -1 0 340.18793212375834 168.517939260397 481.7259455361016 228.24963911101338 1.8434227 1.7078912 4.0624146 -6.296802 1.7096043 23.165394 0.021543266 26.991401384393228 
Car -1 -1 0 645.5800169183684 179.3249729778698 684.9334408145108 213.28923952088448 1.5909193 1.6003461 3.9900565 2.7695706 1.9370015 36.576942 1.548273 2.995652514615945 
Car -1 -1 0 315.54571825525727 164.0022787907948 361.96305323291995 189.06746470369353 1.5932586 1.5679705 3.9852853 -17.898811 1.0306022 47.860397 1.5752802 2.027575254710359 
Car -1 -1 0 627.3657796183554 177.0726234255484 664.7044827816674 203.75853758169592 1.6101284 1.6113354 3.5289218 2.284788 1.8901318 46.010143 1.3898342 2.6023647886315016 
Car -1 -1 0 511.18785226742256 178.7429467664749 564.3508292550961 198.38912713799496 1.513931 1.6306758 4.003478 -5.6431365 1.9862503 56.997673 0.028900757 3.370141751846175 
Car -1 -1 0 392.95418032687746 181.67317585908435 503.37911846546075 221.04302422007632 1.4694561 1.5609964 3.9393392 -6.2445307 1.824035 28.160587 0.035119936 1.696481102278318 

