Car -1 -1 0 864.2971602281439 176.91060514297993 966.7479876847594 271.22771557980786 1.5916513 1.6633132 4.240602 6.252632 1.6867776 14.645908 2.000843 78.18461319678644 
Car -1 -1 0 141.25871923684014 219.00142730450528 443.1642539439802 375.0 1.4938155 1.5775534 3.4651592 -3.8188536 2.14289 8.578561 0.54251814 150.52024418801176 
Car -1 -1 0 1130.3469582311332 166.5685434052735 1242.0 247.1975719830143 1.5822836 1.6530197 4.067754 13.152023 1.4589362 16.343868 2.057662 78.72803570138423 
Car -1 -1 0 0.0 230.67036914593348 224.91566621269016 366.40886722746046 1.4829423 1.6398854 3.9212298 -7.835166 2.5001667 11.007473 0.52119774 100.35721122248884 
Car -1 -1 0 1086.8364449654168 160.44046076687977 1159.4721186281174 217.80119434185812 1.8749051 1.5947361 3.674753 18.109356 1.4691534 25.58273 2.0475879 49.17988111948632 
Car -1 -1 0 931.4858522597877 178.30919673354188 983.3435322474597 222.29792306409152 1.4796536 1.5688807 3.3280072 12.740889 1.6943958 26.564772 1.9741613 17.755345797886566 
Car -1 -1 0 1067.7230375609695 164.77834627453308 1114.5852004529095 206.30970079189206 1.8986063 1.5915878 3.7726831 23.308517 1.5294275 35.020447 2.0782952 11.52443523701485 
Car -1 -1 0 1120.8717251861003 167.73930347369853 1213.8051366622399 227.8251419308165 1.6207438 1.5512483 3.2284389 16.31448 1.4827808 21.253443 2.0274687 6.65846417015365 
Car -1 -1 0 1033.3653481361293 171.8040112098447 1060.242978801793 191.26550242666505 1.4727049 1.5333985 3.7552688 34.274586 1.393249 56.621746 2.0424373 2.0812647072060932 

