Car -1 -1 0 267.057359654629 195.65160812597813 397.98151801351355 276.28443136397084 1.4758072 1.5539834 3.710823 -6.0239377 2.0444841 16.130463 1.5542655 102.09289009090065 
Car -1 -1 0 94.2700658395925 203.59637936983302 326.3722640699028 327.55685839692046 1.4580467 1.5817147 3.809176 -5.972801 2.0232546 11.351099 1.5579473 122.50836062245168 
Car -1 -1 0 431.4301740519604 188.7077978805532 495.9254187920831 228.48111284275836 1.4286101 1.6380004 4.165467 -5.9185114 2.1282823 29.724684 1.6176289 44.51162915317337 
Car -1 -1 0 874.1498958626823 149.15012335370346 1074.068773266837 211.15141848068416 1.4842703 1.6576887 4.1944065 9.051465 0.916815 18.133688 -0.015163251 96.95101276674123 
Car -1 -1 0 361.01212330814394 191.3671446161033 451.85161588534766 246.45793764848503 1.4210699 1.6231741 4.2450304 -6.1075344 2.0445297 22.170712 1.5636853 57.92243806611946 
Car -1 -1 0 672.6100349573942 174.81829481606957 740.3713914340565 224.36532869466578 1.5034422 1.5959375 4.0368705 3.1440878 1.5746145 24.099873 1.5377771 34.84704070082995 
Car -1 -1 0 861.4201743902863 147.4798907781443 1022.3567399153552 205.81028734521283 1.5987246 1.6383901 3.8714046 9.446654 0.9032687 20.686045 -0.047443807 29.59517735320319 
Car -1 -1 0 820.7593572920097 155.91001156371 966.3018660949041 206.131603898159 1.5383745 1.6498041 4.058584 9.066678 1.0193506 23.180313 -0.12861142 25.934419517694426 
Car -1 -1 0 660.8345948954432 173.4648879344808 711.7643096598055 216.66271822524763 1.6460226 1.6338503 3.9641252 3.0718603 1.6727144 29.538292 1.5629971 27.509566529930243 
Car -1 -1 0 771.1020811229653 162.81638496977877 899.2789849955586 205.5245665778567 1.471621 1.6453044 4.072196 8.044432 1.1257489 25.8961 -0.10609829 22.825822148616556 
Car -1 -1 0 649.7650821514294 177.97497184107115 687.2509075108972 207.34861902817738 1.4946799 1.5632854 4.0172634 3.1729982 1.7892522 39.465675 1.5295284 5.022135637439301 
Car -1 -1 0 464.3084299014166 184.08204531309238 511.181956989234 220.38969194260676 1.6324207 1.563217 3.9520113 -5.958132 2.2184904 35.66812 1.594477 0.4074264168739319 

