Car -1 -1 0 483.4069061184317 191.51275412230152 548.722677253725 246.35593690881166 1.4667718 1.6101649 3.894227 -2.8388872 2.1017845 22.594204 1.5520468 61.62557226568046 
Car -1 -1 0 728.2057241819898 190.85087603694865 941.9808657157895 338.6940407662606 1.480488 1.6102381 4.0031633 2.7421632 1.7729423 9.719461 1.5656047 108.7234985369737 
Car -1 -1 0 247.04753959608996 198.87373499709952 471.3568557128127 350.48343771373965 1.4481529 1.5737362 4.344231 -3.0679548 1.8807361 9.817666 1.5631843 108.50789315227833 
Car -1 -1 0 692.6112898738711 192.1682523601732 809.281933851467 277.79475452752484 1.4463103 1.5828214 3.9691193 2.7982714 1.9038651 15.091791 1.5488517 73.82980192706015 
Car -1 -1 0 663.5556677454147 189.76038176349275 745.0855823948801 250.31052725768055 1.4454257 1.5469047 3.8103087 2.5576048 1.9661301 20.269058 1.5020423 52.404014226540376 
Car -1 -1 0 634.0602405822481 185.2282224936092 664.9992085763076 213.30876476591814 1.5456916 1.5506603 3.7407136 2.357559 2.320249 43.273727 1.5438976 22.530465990609343 
Car -1 -1 0 656.1554204710159 176.74999532949943 720.5663843011556 236.2038416237368 1.8708898 1.6015778 3.8069408 2.6374068 2.0158863 24.906883 1.5131043 41.44542384656939 
Car -1 -1 0 524.9790963612307 187.7664398206038 566.2503288431067 223.75358024164166 1.4718603 1.5870528 4.3918586 -2.9098034 2.2107692 33.545654 1.5573142 24.882780382030404 
Car -1 -1 0 559.9689964080777 185.17702517307754 583.7683081020463 204.61639270398732 1.496641 1.6523938 3.9362173 -3.106004 2.5566678 60.07292 1.6031188 5.85952693700639 

