Car -1 -1 0 745.7475977001056 183.4727521901872 908.210831113373 297.2414932963799 1.5078349 1.6191868 3.721883 3.342493 1.709113 11.795412 1.5967393 85.34517175616412 
Car -1 -1 0 714.5093179219522 178.49544398857537 818.533658617897 256.65093974915527 1.5737764 1.6474361 3.9452076 3.5127702 1.7207544 16.807533 1.5936234 84.03873027514227 
Car -1 -1 0 677.7709889942872 183.4153060909884 726.5464822665621 221.22496764822952 1.442229 1.5398632 3.4466105 3.8219943 1.9101613 30.231035 1.5517834 51.39656941195993 
Car -1 -1 0 194.50278711066812 184.0239310036784 427.22782906498605 256.0766447376521 1.4193182 1.6308413 4.264427 -6.2053633 1.6695281 15.318716 -0.013419173 114.80542852826242 
Car -1 -1 0 0.0 186.25366082756634 338.12033177885377 333.31553849988904 1.4926758 1.6480814 4.2033033 -5.5878973 1.6672909 8.449896 0.062006257 100.3491953744689 
Car -1 -1 0 314.39859509507374 180.93320181719545 470.78935537368966 237.2207404554447 1.5386808 1.6746525 4.0074944 -6.1824884 1.7819159 20.848885 0.018363204 49.71674080525054 
Car -1 -1 0 387.37763166833406 179.62418093234078 505.0767903513469 227.1215248077549 1.5978096 1.6133635 3.7565963 -5.6775436 1.8436692 25.358013 0.020329775 15.142061722723232 
Car -1 -1 0 362.7385409644621 181.661631264363 505.77208749379986 231.01736813546526 1.491799 1.624161 4.1487784 -5.525257 1.7840091 23.034847 0.04450399 11.419663737229177 
Car -1 -1 0 431.0223357520522 176.09954531601122 534.7063524677606 218.25096314748012 1.6867359 1.649086 3.9503036 -5.273962 1.8279285 30.221254 0.18188825 6.4965614177337985 
Car -1 -1 0 501.0529842005013 176.98050827716395 537.280225203659 210.62994614237277 1.5767388 1.6237884 3.9721189 -4.502984 1.7963266 36.353283 1.4938017 2.714030632109852 
Car -1 -1 0 718.8019131909376 177.5492137207188 800.619926365699 206.98376647728716 1.5778787 1.6968778 4.305051 8.282721 1.8457605 40.094025 0.1066648 1.0459933109830357 
Car -1 -1 0 548.2790302577257 178.84417565446097 574.6894568759336 201.1676295368063 1.6167555 1.6557968 3.630053 -3.637722 2.0893826 55.087486 1.6048405 0.6031804500425004 
Car -1 -1 0 484.9075852117451 170.2129360358 555.8890467894527 199.99049671005028 1.8005472 1.6934491 4.1328783 -5.46734 1.6408509 44.551125 0.036813527 0.277089387178421 
Car -1 -1 0 414.3682932628999 184.84801059895537 529.3254313610595 224.51774539023097 1.4431177 1.5928475 4.0720572 -5.26141 1.921849 27.82011 0.091687866 0.2564460039138794 

