Car -1 -1 0 688.4366178172089 180.42695009759564 810.7368575016117 267.76070836030334 1.5039964 1.6288239 4.266157 2.7213402 1.6834242 14.946995 1.5512439 108.31488887015821 
Car -1 -1 0 411.7591140362761 185.20821243966824 494.18801255910023 241.9215520039668 1.4746768 1.7137882 3.9742465 -4.5831795 1.8797648 21.648222 1.5424428 102.29551173057365 
Car -1 -1 0 796.5137380123053 185.82911831195528 1092.7361263418677 375.0 1.5084176 1.4885435 3.323878 3.0609224 1.6702135 7.328955 1.5795736 106.58182807384225 
Car -1 -1 0 673.226731048805 177.84042769034284 746.9813997923774 237.27926033089778 1.570282 1.6154621 3.7205625 2.8657336 1.730014 21.244385 1.5599866 41.14742707888703 
Car -1 -1 0 459.19897497039267 175.58411101526232 517.840324139012 228.10060241571435 1.8228228 1.5744216 3.8064022 -4.4765654 1.9327464 27.146942 1.5689206 55.88671357025607 
Car -1 -1 0 100.56865148045313 188.02184323786526 308.06489529576737 253.5441206292419 1.4304622 1.5865439 4.004669 -9.424608 1.8048024 16.973072 0.020615231 89.31449337776752 
Car -1 -1 0 654.6057748071137 178.7593728789534 704.3413503213966 220.25623683079465 1.5714923 1.5742513 3.6571121 2.8164449 1.8298051 29.70704 1.5364832 25.90793306679157 
Car -1 -1 0 487.9035404296828 180.25100215141347 536.9409338459404 219.0995579417222 1.6025144 1.5722069 4.0378075 -4.3179975 1.957399 32.57853 1.5966803 3.612570879839436 
Car -1 -1 0 537.0007509861713 179.85389883210777 555.3254512209595 197.12978725495037 1.5365133 1.6186699 3.5492504 -5.954679 2.2096474 67.53094 1.4577034 0.8787384525595928 

