Car -1 -1 0 442.2168871130051 181.02068472457245 506.62645951444887 223.79188284152784 1.3922486 1.5402493 3.4766893 -4.568961 1.2556964 25.154821 1.593367 79.68444121924995 
Car -1 -1 0 285.71229491964397 183.12632666619726 382.68821948718346 231.59465634164968 1.4254904 1.6027248 3.9149208 -8.643236 1.3640404 23.10622 1.5791914 30.56192626392637 
Car -1 -1 0 326.54100291841553 184.76388142898867 452.3043447072561 257.36508426218796 1.4040726 1.5787582 4.0098 -4.6440425 1.3953347 15.909487 1.5679302 103.06066873390999 
Car -1 -1 0 74.40629572506266 178.7134381110487 266.81496683306386 269.5876920820221 1.5607272 1.6157253 3.6987095 -8.381645 1.4490536 14.2120075 1.5497369 77.06165509457124 
Car -1 -1 0 575.3857679386675 174.59781828368108 609.491921225833 207.03782452886244 1.55113 1.6308241 3.79711 -0.7118277 1.0434325 36.27363 1.5674409 17.75226322396677 
Car -1 -1 0 187.74731546264127 177.5827899660336 292.46455015940995 228.29812208974883 1.5693898 1.6231202 3.754179 -12.18438 1.3331889 24.129051 1.5621995 45.66821281461836 
Car -1 -1 0 462.98107191165616 178.3296466306312 511.9995623822746 211.55955740528844 1.4600347 1.6329504 3.7336164 -5.507885 1.1574798 33.45773 1.5785589 13.837270995634729 
Car -1 -1 0 441.4871464549062 170.30907645239603 483.6330980493074 202.7856417031326 1.9133465 1.6866456 4.2273126 -8.887785 1.0351276 44.479893 1.5890769 3.9105588463996632 
Car -1 -1 0 464.19378027708495 164.2996358315044 510.69218194860326 185.21369140065065 1.6618168 1.6804779 3.5075846 -9.635159 -0.00016444921 58.01307 -0.030355245 0.5126968866348568 
Car -1 -1 0 367.3698008773392 176.67436664518584 415.5333852245664 203.3991575427781 1.471785 1.5645212 4.1521964 -12.43586 1.0013976 41.66883 1.5656897 0.2641657888889313 

