Car -1 -1 0 252.56095344612694 190.6908533093175 374.09329150824226 260.3399063247693 1.3757135 1.5803244 4.0206795 -6.6159782 1.5181768 16.615944 1.454108 88.32983942505572 
Car -1 -1 0 32.383479898478036 195.28171226942362 276.19872037335296 319.80863005640765 1.3767611 1.5426238 3.4832976 -6.031104 1.5431657 10.0628195 1.4519291 104.4327354841827 
Car -1 -1 0 330.7147631437228 183.04370591361806 404.8794973987003 229.8902059486634 1.4757811 1.6496563 4.2848544 -8.1695175 1.4073579 24.877003 1.4408371 49.833836398624754 
Car -1 -1 0 581.033263050385 179.84757618968703 674.0385946074557 253.73720980563527 1.5881299 1.646544 3.74364 0.38053465 1.4727514 17.419355 1.4300723 108.37153829526287 
Car -1 -1 0 481.86190899838823 180.7103721987942 531.1164666452775 225.00721324539506 1.5195702 1.6826034 3.4490504 -3.7403536 1.3650184 26.495377 1.4125513 45.20514074553548 
Car -1 -1 0 225.10474882954034 183.145805001397 310.9269954498713 230.07597215869575 1.503185 1.6383729 3.821463 -11.690427 1.4368858 25.03056 1.4324951 29.756059015035234 
Car -1 -1 0 394.20256728335147 183.46195948237664 435.55338920872146 213.04695474194932 1.4299107 1.576913 3.7564428 -9.764658 1.3451484 36.7109 1.4363843 22.706333336210523 
Car -1 -1 0 473.7111963022647 183.99291236848785 511.6882869404498 214.2381788849928 1.4190414 1.5898868 3.275953 -5.596901 1.361671 35.42174 1.4933091 4.044806810034366 
Car -1 -1 0 529.3624595736807 182.23490139008157 553.9279727683896 201.06664674785847 1.4622513 1.6446371 3.9290266 -5.30972 1.2307978 57.895756 1.3953846 3.011157116120884 
Car -1 -1 0 283.7698957799275 171.5998049535951 345.7660995823739 211.9005981874803 1.8175346 1.7962896 4.1444993 -13.979283 1.2034683 34.59531 1.4338521 8.417613134641293 
Car -1 -1 0 376.79567699764306 177.64792978933326 399.77140462212753 197.81315669326443 1.5895545 1.6676618 3.9494808 -17.868568 0.99301374 58.788383 1.3082981 2.700974416908313 
Car -1 -1 0 0.0 163.82327691745763 188.9886944828167 264.67887441861035 1.853081 1.804199 4.557418 -11.041742 1.4600251 15.586622 1.4370607 7.506035073218787 

