Car -1 -1 0 360.6077118568824 183.29935486116284 475.92375480789514 252.3460717963501 1.4428016 1.6352015 4.3074374 -4.3415604 1.4027576 17.17741 1.5677736 87.65722071643856 
Car -1 -1 0 56.46376513824792 186.4105138750361 263.1981978259432 274.96334055310996 1.4507515 1.5954696 3.6344671 -8.246407 1.4765216 13.665512 1.5989181 53.10564017152196 
Car -1 -1 0 579.3781155724927 177.72389015514707 660.5895959891143 253.25583223468206 1.5599406 1.6793495 3.406499 0.30533832 1.4052143 16.56976 1.5954393 61.81220236795196 
Car -1 -1 0 77.20316426138083 194.67781400648596 352.3972760963621 340.57508145427346 1.3948529 1.5152869 3.398013 -4.474456 1.5329752 8.793294 1.5693014 93.89469897156101 
Car -1 -1 0 211.96984660761998 180.83037277354086 308.35637413268563 222.74214244767074 1.3876826 1.6210387 3.9049351 -12.307061 1.2424861 25.766453 1.5545121 39.840639867914646 
Car -1 -1 0 334.0413307609548 180.39786060636894 412.17812306826687 223.02255074815707 1.4326575 1.6132882 3.831562 -8.38917 1.2707253 26.08345 1.5630181 17.29042243984579 
Car -1 -1 0 668.2070300522977 183.04854904057743 699.326712767317 202.43048699398494 1.5709503 1.6301277 3.716936 6.4532003 1.3952979 60.29354 1.9574368 4.8112687668077045 
Car -1 -1 0 226.201523728919 176.53404912510717 267.4501542864781 196.89737987651569 1.6663567 1.6851319 4.2193203 -30.516539 0.95592654 60.998447 1.4858117 11.179637429027398 
Car -1 -1 0 156.72481231065223 176.24540380966664 217.44038021479594 202.80625939828596 1.5890496 1.6580184 4.00923 -26.246376 1.052386 45.058792 1.5090151 2.94963341156339 

