Car -1 -1 0 178.19082446894916 192.20489661327642 397.60493490515324 316.8053089309488 1.4797765 1.657933 3.8940792 -4.6629024 1.8304232 11.124674 1.5673211 144.94660933951627 
Car -1 -1 0 346.42957680163545 185.61576089718253 465.6855693981987 263.68916016477857 1.5376832 1.6377373 3.8792224 -4.5785007 1.869293 16.798698 1.583936 97.42107775072621 
Car -1 -1 0 720.0240472456702 179.5548129983166 830.033500902132 251.6463587205726 1.4544675 1.6306138 4.081525 3.7395642 1.6311868 16.98326 1.564652 68.126619717773 
Car -1 -1 0 416.0200479528131 185.40368169908712 502.4903713760722 239.12669641655026 1.4146187 1.6116848 4.3447685 -4.502117 1.8395141 22.228348 1.607939 52.32748050653474 
Car -1 -1 0 770.6090089584949 180.5933937319133 939.2210615653331 290.9331063324445 1.4800525 1.6096313 3.6577725 3.7930918 1.6264052 11.791362 1.6018606 87.59398471260273 
Car -1 -1 0 514.9273696392839 179.23717633917718 554.1936307446135 209.42261664572402 1.4919494 1.5186057 3.337513 -3.9167376 1.8442211 38.104176 1.637609 38.98132337830467 
Car -1 -1 0 702.6252152842104 179.04440233829658 774.4974411821958 233.84770915771654 1.5026494 1.6105136 3.8618102 3.867522 1.7096393 22.175385 1.5963514 19.460438172852815 
Car -1 -1 0 694.7385175377085 178.33717594231283 746.8019929581862 220.38445418827212 1.4840215 1.5293785 3.4575686 4.201083 1.7075083 27.664904 1.5911806 10.840326603649187 
Car -1 -1 0 565.1521399440147 176.10802635926117 609.9626772667431 189.78444325678976 1.4318933 1.6734625 4.6246815 -2.3295677 1.784005 77.05329 0.08183882 12.668137462920821 
Car -1 -1 0 530.4449299429646 178.00223027810478 568.6944502545223 204.7546825736973 1.4832667 1.6312611 3.8309417 -3.5053213 1.8023906 42.7465 1.6585243 1.2497689505239553 
Car -1 -1 0 1032.7864639825823 167.49214368506037 1144.9619350497217 210.74115143039776 1.5246077 1.6152775 3.5867178 18.00701 1.3355922 27.305363 1.4630333 1.632029597786193 

