Car -1 -1 0 188.33423504264314 189.48975070825452 446.86564582041365 365.4723389503846 1.5437546 1.5719795 3.5027041 -3.0950751 1.7784643 8.421016 1.5806164 107.25894026289471 
Car -1 -1 0 694.3916637738374 182.5424099739159 758.1562075845235 231.99795443215413 1.4206154 1.568345 4.1612163 3.7342525 1.7666467 23.661497 1.6088833 44.589692993221284 
Car -1 -1 0 552.4109379362658 177.16437939126854 582.3166577910473 205.52293524040144 1.5325935 1.5958085 3.6874697 -2.383903 1.7911959 41.424942 1.5446715 20.07193511541185 
Car -1 -1 0 759.4002179147393 179.2713780459639 947.2922974103768 308.6847886353789 1.6041647 1.637239 3.684679 3.467728 1.7182249 10.975814 1.5784428 97.20028857849749 
Car -1 -1 0 721.1903167287184 185.60311674227447 820.4524670928174 255.4178250443869 1.4558504 1.5766175 3.8746169 3.821117 1.8027513 17.69371 1.5731953 22.558735797276526 
Car -1 -1 0 467.2945380358823 168.1898862347499 551.0400966063371 245.43564462319324 1.8864784 1.710864 4.4414105 -2.632271 1.7725724 19.84703 1.5647941 31.724832029056085 
Car -1 -1 0 664.6437199542452 177.8277608614634 698.8150522865659 206.6117485526811 1.509021 1.5759412 3.6884692 3.9889743 1.7997187 40.31919 1.580793 1.8539303039009902 
Car -1 -1 0 642.3321388295332 175.42850912535735 664.0582544251937 189.46918699078577 1.4890821 1.5757656 3.8766441 4.769392 1.7793386 79.30917 1.4112201 0.8990842691296125 
Car -1 -1 0 670.8898057635387 176.45270443163764 714.5132273204326 212.97100023778216 1.6917841 1.5963733 3.6375601 4.052948 1.878772 35.641132 1.5299641 0.4520445764064789 
Car -1 -1 0 686.5625465130504 180.8957004977529 739.2363385036742 222.00873349027435 1.4775333 1.5834109 3.7515938 4.020465 1.8167437 28.551659 1.5810885 0.5720735347163236 

