Car -1 -1 0 770.9430457700463 185.69997416551777 1033.21094351651 290.5471316415392 1.4808605 1.5689219 3.4923332 4.487465 1.699561 11.351754 -0.08645425 130.73821586984053 
Car -1 -1 0 7.790765719361805 182.70352491709372 304.1793260466568 275.71992250472266 1.472563 1.6237211 4.0834985 -7.682379 1.6557213 12.515638 -0.044471174 140.204414991997 
Car -1 -1 0 452.964871111579 178.3243977731302 489.8104400918162 203.93044385957572 1.6757115 1.6453605 3.7203472 -9.632079 2.071126 50.12119 1.1318595 29.039108983825674 
Car -1 -1 0 721.6151002840323 185.4155154113685 947.7629606987693 270.1011567610892 1.4702508 1.5495672 3.7748194 4.139427 1.7220688 13.620811 -0.036800664 24.57150131718946 
Car -1 -1 0 78.16336727566306 177.59957240256506 309.05399952972755 262.57802762581133 1.6049691 1.643567 3.7929199 -8.400553 1.7103267 14.886523 -0.17099881 19.2175294419266 
Car -1 -1 0 1078.5985121856213 186.78148471805892 1137.9503752403334 224.92064769943562 1.447233 1.614151 4.0365796 21.409893 2.0834942 30.917812 2.297245 14.478397940089035 
Car -1 -1 0 995.667634830231 183.26441934733057 1061.2395570448466 208.05408100353273 1.4861687 1.6885314 3.8192804 27.179295 2.1926274 46.95449 1.4293202 26.2417059073549 
Car -1 -1 0 159.02560060670538 173.62298340509432 343.55396565219877 249.88762347434954 1.7117804 1.640478 3.6971447 -8.492039 1.7316022 17.408987 -0.21141224 32.13130159579648 
Car -1 -1 0 206.06650666792018 177.10046790717675 365.7936781431534 237.39789282608558 1.5513953 1.5811667 3.784214 -8.802534 1.6756039 19.918255 -0.22131243 4.936641620220628 

