Car -1 -1 0 352.78228708276276 187.7928159175747 436.99242542734714 243.12850109190992 1.4129313 1.5466334 3.9278874 -5.9551697 1.4939034 20.564804 1.4876493 68.14022245721635 
Car -1 -1 0 240.07236887852142 193.4888987366857 380.45626011462195 275.4357927170682 1.3539672 1.5615089 3.5481641 -5.6388946 1.5372306 14.086029 1.4798208 76.82279528761647 
Car -1 -1 0 637.711233685646 181.96588000765428 755.3961412394711 272.73323422700963 1.6010096 1.62872 3.7592077 1.6701264 1.5436873 14.622232 1.4847836 119.3260223937739 
Car -1 -1 0 520.904691334923 180.6637850327512 565.3273634681369 222.94719429985958 1.5751013 1.6548098 3.3921118 -2.5897436 1.4055377 28.558899 1.4542551 42.77912521836309 
Car -1 -1 0 443.1589510409379 181.84708370916783 479.51078471249656 208.48069180986667 1.4414389 1.5757493 3.885237 -8.249201 1.259126 40.905125 1.4899828 7.101242898335843 
Car -1 -1 0 508.52284321613604 183.60966394855657 539.412163417987 212.7830868599105 1.4642458 1.5436887 3.4076557 -4.3698907 1.3836372 37.857666 1.4621047 5.3677884557784274 
Car -1 -1 0 297.86366276224646 183.9127964260603 373.0531239669077 223.61676221445492 1.437207 1.7329859 3.9591556 -10.502771 1.3900445 28.06752 1.4853292 16.235585989906824 
Car -1 -1 0 394.4255916833481 184.29124385155728 451.6173290364255 224.42830138304976 1.4779506 1.6330116 4.350591 -7.269412 1.4439098 28.723831 1.4574485 14.305700508263355 
Car -1 -1 0 339.7976346286878 173.528469980762 392.6096632315757 205.95715724659553 1.6108365 1.7251065 4.2373934 -12.624722 1.0302945 37.89885 1.4757785 10.247941171379544 
Car -1 -1 0 119.38042403749083 168.95811943509042 278.1466272559932 251.7942518469209 1.8586645 1.7922249 4.5009675 -10.222532 1.4938794 18.441523 1.4949149 25.580832725057068 
Car -1 -1 0 562.2882250885859 182.40268011480813 587.5656708550551 202.26681520437018 1.5103087 1.6790695 4.0757093 -2.5823894 1.2964295 56.781853 1.4471557 4.62752923359847 
Car -1 -1 0 416.26839139465835 176.2795864170259 439.61618288218017 195.08066494417855 1.5891905 1.642351 3.8678133 -15.626464 0.8338517 62.800186 1.4152792 1.855709498432626 

