Car -1 -1 0 794.8100761208497 186.64533002019115 1037.1538216479948 264.16724390078633 1.4682744 1.6447039 4.2708416 6.1457167 1.7669148 14.793062 -0.0041836184 87.88906972665647 
Car -1 -1 0 763.5594767987666 185.75574746936994 897.4576619989414 234.60447211947775 1.4199045 1.5599731 3.6409872 6.7531123 1.8332449 22.268644 -0.037486948 61.281578526254755 
Car -1 -1 0 693.421903924903 179.37200664826958 781.734173515118 212.9364882750266 1.5382411 1.6824567 3.8752868 6.03875 1.8562261 34.307602 -0.026919618 39.195700895308974 
Car -1 -1 0 303.16472675625926 174.48875846600626 472.9941179872244 230.95861935384087 1.4521847 1.6110479 4.0889997 -5.8696637 1.498144 19.444532 -0.017274113 36.69074573184259 
Car -1 -1 0 741.5851065522751 182.38717611362782 869.1812554391133 228.73294350012256 1.4966562 1.6245749 3.8846464 6.6177425 1.8340669 24.61002 -0.06016193 30.198256547626492 
Car -1 -1 0 225.2352389607206 175.41147701806747 434.0297861815068 239.62228398768355 1.4221148 1.6351606 4.300238 -6.4638095 1.4858572 17.020323 -0.0687084 67.27075698320135 
Car -1 -1 0 473.5341178517238 175.63112881857575 544.5545405771792 202.39382119469207 1.5361937 1.6291989 3.88707 -5.903041 1.7039373 42.60125 0.08731722 11.144227956150717 
Car -1 -1 0 634.8823663803134 177.64642790340864 664.7649556468075 200.7143745981515 1.4701444 1.6166489 4.10614 2.6892939 1.809066 48.939598 1.5252191 10.863068930049295 
Car -1 -1 0 370.2438859656797 169.0299738636853 504.6578318057934 221.76666482672755 1.700798 1.6431416 4.0889506 -5.692379 1.5774702 24.158709 0.032997172 43.66663412770167 
Car -1 -1 0 903.0026520384451 186.93471268959112 1235.8014192682158 301.7391471899444 1.4906746 1.5947202 3.7945087 6.4975734 1.7144997 10.533876 0.0740795 33.42113140962331 
Car -1 -1 0 400.2136367982434 168.3735636053438 509.0000326496962 211.03536042998843 1.660269 1.6625174 4.0969424 -6.167407 1.4859037 29.063961 -0.075740606 13.08944178206249 
Car -1 -1 0 390.4762032941003 178.26194119212033 510.19087523797555 219.85650295451973 1.4701977 1.5819291 4.0410233 -5.8490486 1.6778499 26.731064 0.09254746 2.8596507682810457 

