Car -1 -1 0 286.9356004727943 190.35309897092782 411.07613044453154 269.64897631551787 1.5057483 1.5450554 3.6691878 -5.750423 1.9474417 16.364538 1.5534137 93.37690601275052 
Car -1 -1 0 35.959307928330865 197.99917430085281 333.3591879203118 338.3547677574197 1.4714136 1.6845505 4.3122654 -5.764502 1.9146106 10.5323305 1.6069336 130.24830337655982 
Car -1 -1 0 696.2933200505463 182.1949367293744 782.6854170916394 241.33528990009745 1.4368272 1.5647602 3.6284657 3.489713 1.7193167 19.96801 1.5182593 98.06938934096958 
Car -1 -1 0 753.9672669946858 179.77338862341844 971.1097583915317 317.1489067290799 1.5121541 1.6345521 4.0949287 3.2668426 1.6295743 10.196448 1.5712844 117.3205372520963 
Car -1 -1 0 404.23057812418085 186.36891713093115 488.85032103284595 232.7585926791655 1.4132626 1.6589732 4.220168 -5.6284513 1.9305642 25.435528 1.6707153 44.51198016322543 
Car -1 -1 0 657.1017835391968 178.25159728013975 700.5625296006939 211.66476951171262 1.4793849 1.5557426 3.7121434 3.2524197 1.751212 34.44715 1.5245284 28.278197769915543 
Car -1 -1 0 488.266132498265 180.0056039052418 531.0558509321905 208.39990997641243 1.4798572 1.5096917 3.4334693 -5.5339174 1.8972759 40.313232 1.7022957 4.648988239480547 
Car -1 -1 0 673.6712060245578 180.43817106401224 741.7950431737206 226.8630268168492 1.4793746 1.6465986 4.0614276 3.41014 1.7718604 25.748814 1.5092498 4.573597295994866 
Car -1 -1 0 651.6661301171404 178.6710264021081 688.71496226417 207.80039406022937 1.512876 1.5162005 3.3302794 3.3102665 1.8482769 39.88207 1.4902818 5.089494893348237 
Car -1 -1 0 510.786654983976 181.36061211703665 541.9468832974101 206.24236375063754 1.4762425 1.526692 3.2567334 -5.220299 2.0329745 45.57799 1.5924096 1.4778268714081535 
Car -1 -1 0 539.1985786404289 177.19428014768818 586.2436329950646 194.6389087746306 1.4977064 1.6244161 3.9570038 -4.194682 1.8957224 64.47766 0.5211595 0.7214024170840658 

