Car -1 -1 0 0.0 188.74617893146433 176.0656433178951 254.92759163279732 1.4067426 1.6045909 4.241251 -12.637119 1.5037893 17.633444 1.5632117 87.28492958663566 
Car -1 -1 0 456.57270281808457 182.49853742076567 519.6655783430905 228.42413035147067 1.4468945 1.5690515 3.5988388 -3.971076 1.3612899 24.451565 1.5650867 71.75897254470318 
Car -1 -1 0 192.3805889968174 186.0778684970947 334.6745874035039 254.50985543207986 1.4544715 1.6175134 3.6900377 -8.028988 1.4772899 17.175411 1.5770483 52.02558014530577 
Car -1 -1 0 270.99596553524157 173.61005501422923 474.9728718389036 310.9522529270549 1.6385468 1.7052249 4.365156 -3.1984463 1.5000869 10.774057 1.5524893 85.29638448273741 
Car -1 -1 0 562.7558151735936 179.23029380149762 606.4522416968387 219.66546493344188 1.5280048 1.6512984 3.3219185 -0.8688792 1.3018223 28.833328 1.5616064 34.61597776063809 
Car -1 -1 0 186.2076883205352 185.47787145356662 291.8641410976831 231.95503705366292 1.4625204 1.6185287 3.8896174 -12.449841 1.4721975 24.588257 1.5719012 14.2500689167859 
Car -1 -1 0 507.1361077482841 179.76957165061194 546.1430539045807 211.7594200340794 1.5425302 1.604274 4.0828233 -4.058773 1.2799214 36.718063 1.5531048 27.60865268831009 
Car -1 -1 0 370.71238133545756 171.48871180967092 429.52453000062224 209.97973980052623 1.4795079 1.5842305 3.5231676 -8.405921 0.95187366 29.437567 1.5101279 3.916234034145634 
Car -1 -1 0 415.7074162279557 185.20392251696586 466.5203662293987 214.25653146898023 1.3964272 1.5844669 4.0828876 -8.38551 1.3958611 36.60614 1.5869725 3.751558320795938 

