Car -1 -1 0 701.04653995182 175.05624731986282 844.1241668883009 281.785583032478 1.6944177 1.6242716 3.9953344 2.8723016 1.7420458 13.571824 1.524776 142.87969039545973 
Car -1 -1 0 612.8757498832927 177.44612102876496 646.7018338921852 200.1901473360525 1.5278116 1.5847174 3.6939952 1.3978918 1.8664274 51.234734 1.3639225 24.635275934528686 
Car -1 -1 0 688.2676514623984 177.11954772820206 750.5534922232684 205.96901636956076 1.4557605 1.4384451 3.490219 5.8625994 1.6963738 38.831474 1.0414557 33.749044874522674 
Car -1 -1 0 309.13811728988674 186.33442374301703 471.30040261233825 241.61033764962403 1.4555032 1.594065 4.063858 -6.0817747 1.8504076 20.27781 0.03088386 19.94666631872427 
Car -1 -1 0 376.9465254303687 178.68886762009032 479.1395990366848 217.31800874516153 1.5402964 1.6024437 3.810179 -7.4792247 1.7895355 29.930225 0.047413703 15.655527646172118 
Car -1 -1 0 332.7602587502739 184.07305775462672 466.3047106603807 233.84458075471062 1.4744921 1.5634445 3.7555006 -6.6130667 1.8464005 22.881134 0.14087665 1.6996422229959787 
Car -1 -1 0 47.024717264616804 185.04625971424812 364.7960229792571 374.0305414582719 1.4634851 1.5575771 3.5341585 -3.8713803 1.6230953 7.633553 1.5084397 1.0904431564785426 
Car -1 -1 0 195.19311592464445 180.21513220393456 404.38200129965844 258.6453138714279 1.5482485 1.5707166 3.7652464 -6.462608 1.7131568 15.286306 0.04974674 0.5534935960324953 
Car -1 -1 0 266.50732472328775 177.9754994039691 431.87516235989784 250.50717190221076 1.6914024 1.5711021 3.5009685 -6.3323374 1.8235555 17.781193 0.029638236 0.5357370495588409 

