Car -1 -1 0 127.72183408184067 194.02498667141444 309.79165816625783 277.5231469512069 1.3967738 1.5713749 3.8912346 -7.5285206 1.5970551 14.390316 1.5612277 97.58871765456048 
Car -1 -1 0 441.97811362588266 187.4247409493641 504.1027011762146 228.08013038182702 1.3979387 1.6119462 4.394632 -4.975128 1.4882387 27.17171 1.5504358 54.97956048777634 
Car -1 -1 0 315.63525922542294 186.34661090568153 389.44517672088085 235.55950757775233 1.4551833 1.630747 3.547566 -8.129921 1.4946744 23.222313 1.4128528 15.947026155824108 
Car -1 -1 0 238.1203033672129 184.34314031803984 324.2918086011597 227.48176055277142 1.5867038 1.644476 4.1226816 -12.810156 1.5546098 28.523914 1.5431247 31.11360556384283 
Car -1 -1 0 287.29290973604685 189.19673622178428 474.07791370486274 305.2958780418096 1.4917476 1.6490481 4.22142 -3.3475947 1.5670981 11.493712 1.5727679 85.84424112984077 
Car -1 -1 0 575.5114575875608 182.46973441392214 607.5225923377435 212.40600893932216 1.5031848 1.6077273 3.0985906 -0.81910455 1.3653022 37.66135 1.5501488 21.259618457905002 
Car -1 -1 0 112.18599736571538 192.3194143474416 239.62011464817232 247.3921715077372 1.4426912 1.5794883 3.7979875 -12.578883 1.6716843 21.250029 1.5394974 18.548623788585562 
Car -1 -1 0 378.3563221560697 185.11704926139961 434.7509765864779 219.81937738060796 1.4333785 1.5549176 3.7483492 -8.743479 1.4293038 31.5936 1.5343256 9.784378143772917 
Car -1 -1 0 434.79454640498443 185.035136925157 478.54590101968995 211.87426010880682 1.4629295 1.6099129 3.8376555 -8.552836 1.4530876 41.121845 1.5965351 5.395921952787872 

