Car -1 -1 0 74.03149426768681 193.3229653824754 315.11443085314966 315.72478438293734 1.5686426 1.676065 4.161283 -6.5747247 1.9695435 12.039319 1.556302 105.10081078101328 
Car -1 -1 0 466.25007781492957 187.2786140865885 529.0897531829816 232.67160157842522 1.4511425 1.7269082 4.351742 -4.037504 2.0277882 26.652174 1.5511814 81.89149470696508 
Car -1 -1 0 346.47574497248075 194.0542579044056 432.10370354586513 245.72189611247188 1.3992296 1.5603209 3.631863 -6.8734746 2.1247625 22.866232 1.5850112 64.74540546171589 
Car -1 -1 0 508.86280557161945 186.12279249878281 549.0453995003564 217.21232588533687 1.474355 1.5786114 3.8238482 -4.170153 2.2050283 37.80011 1.5982339 14.419761124209447 
Car -1 -1 0 628.0346614439301 180.9911373861891 657.9862354384522 206.30421307277746 1.4492877 1.5795934 3.832788 2.023221 1.9728416 44.489937 1.5468471 13.274286837209074 
Car -1 -1 0 710.8432554500536 173.4820061377277 803.0637421333311 204.53329221057382 1.5719393 1.7199556 4.4040837 7.6761827 1.605808 37.74376 -0.14510937 17.37076235005574 
Car -1 -1 0 707.2486238515442 167.95830156322936 785.5774815666396 199.29891000985126 1.7150161 1.6393716 4.0214767 7.6450653 1.4471142 40.48726 -0.09326274 4.749339440797925 
Car -1 -1 0 451.259924619497 187.92940811164584 499.1619711345917 220.35871800787984 1.5279849 1.57772 3.6788154 -6.9506435 2.354062 37.64646 1.6424692 3.221585946837198 
Car -1 -1 0 886.1432485999431 152.8981509335575 936.4667452632676 182.8750206342979 1.9084728 1.6164306 3.6814284 19.937437 0.6379865 47.82367 1.5090456 16.64691432871216 

