Car -1 -1 0 791.6444871727833 196.52948823365224 1242.0 375.0 1.4471816 1.6030234 3.6791978 2.874841 1.7083123 6.0838194 1.5248935 101.392767700561 
Car -1 -1 0 463.97622801990224 174.58351642058878 534.910026384899 231.34282937318974 1.5119064 1.50975 3.3204274 -3.122817 1.5662336 20.993221 1.5861932 72.12100975434436 
Car -1 -1 0 671.7542945780694 179.22576169033454 734.643722447666 225.1444384151808 1.4508177 1.613499 4.1847405 3.2170317 1.6944785 25.486835 1.5544088 63.39261395925413 
Car -1 -1 0 319.18231889516295 174.76819114585643 485.07981123140036 288.1136541223416 1.5959275 1.6269765 3.7696314 -3.2719688 1.6331505 12.127302 1.5945505 88.29366175712788 
Car -1 -1 0 710.0993397019332 189.31601092661256 889.7397150682336 304.20053339893616 1.3993428 1.643544 4.2739844 2.788733 1.7125223 11.567181 1.5421832 77.20093985816519 
Car -1 -1 0 650.1629504139122 174.62482801570283 678.9789514751616 200.34901174710936 1.5494931 1.6281036 3.686265 3.4379938 1.665931 45.580917 1.5955608 15.357730420360914 
Car -1 -1 0 569.4879226636031 173.7690114420613 591.3836109679261 192.18582377908018 1.5577855 1.5616535 3.677902 -2.519695 1.6401885 63.09887 1.6282309 4.242633780763123 
Car -1 -1 0 502.64137095224055 174.799671317925 559.7159955438128 216.84820341241962 1.5062588 1.6222782 4.009709 -2.9717607 1.5874553 28.073301 1.6137688 8.864409660116118 
Car -1 -1 0 952.9825984249725 143.72364713066577 1035.116293694956 170.55776558881846 1.532047 1.6194298 3.930069 22.478992 -0.13752243 42.28357 0.061809838 0.5068782816467564 

