Car -1 -1 0 106.09475244598354 201.28504450931064 429.0225639261039 375.0 1.5474784 1.5692451 3.4380403 -3.0470378 1.9007254 7.23458 1.5854121 98.03509965435177 
Car -1 -1 0 701.4973413102018 195.74371236583224 769.1573977997257 251.63344570869276 1.435931 1.5637546 4.226891 3.811923 2.216213 22.44727 1.619588 48.52185805366882 
Car -1 -1 0 783.5174303063052 190.61711199036225 1007.9370807753119 346.08377848059433 1.6043262 1.6404636 3.730704 3.578913 1.8911339 9.763547 1.5974959 95.80878797985875 
Car -1 -1 0 551.8142824651068 188.07499290920003 584.5532265861581 219.3756649483301 1.5744326 1.6698128 4.0064497 -2.2637048 2.466609 40.274624 1.5524298 21.905859662182976 
Car -1 -1 0 732.6863985988441 197.14890711111036 847.438099030541 278.22618019461686 1.473232 1.631165 4.126337 3.9447474 2.096212 16.427906 1.5843849 38.62252581061004 
Car -1 -1 0 693.7385465746383 191.522143393676 746.9870619722913 235.97919295882147 1.5092404 1.5394706 3.4538896 4.187344 2.2703433 27.683916 1.5791142 18.96752064301392 
Car -1 -1 0 670.1441135163976 191.24083813189677 707.0881800755446 222.59471847661538 1.5230207 1.5773084 3.6254566 4.2266912 2.563139 38.998623 1.5643364 12.514475692168633 
Car -1 -1 0 680.813108683668 191.44390976750958 721.7800095221537 227.05385328871412 1.5266429 1.505379 3.3406415 4.3209825 2.4550009 34.35752 1.5642381 8.934439680694597 
Car -1 -1 0 462.2443240876751 179.82505125989567 552.4058246122898 265.45112582779365 1.9035007 1.7028744 4.431793 -2.4994426 2.1047914 18.617796 1.5697513 4.207294211446854 
Car -1 -1 0 664.0596665075909 188.31559642618686 694.2072244670095 217.24856585167396 1.6276798 1.5604032 3.9422367 4.268651 2.62808 44.699444 1.5899254 0.33589431643486023 
Car -1 -1 0 504.60369302267804 190.71313138627113 568.6928922263884 246.4601063642128 1.6144776 1.615242 3.6745453 -2.3413281 2.253837 23.962412 1.6116818 0.8696051626097023 

