Car -1 -1 0 758.002167134505 196.3197428110111 956.8330637292374 324.3452704182766 1.4273968 1.6207254 4.2922783 3.4797678 1.8552554 10.996216 1.5880754 93.87604343229152 
Car -1 -1 0 501.27977865381615 177.14383111669255 555.7710990826765 218.14564452703866 1.4812225 1.6666024 4.1264453 -3.1307104 1.6633718 28.568043 1.5777799 62.64341947311165 
Car -1 -1 0 688.0462626323779 183.04098377581445 756.268490937827 237.4784291930368 1.5449349 1.5650103 3.438133 3.4867415 1.8921504 22.859552 1.5519375 68.1850860168065 
Car -1 -1 0 723.2460167981174 188.96912135578333 831.5875734559063 267.92513794637927 1.5032027 1.5572174 3.3314095 3.6255348 1.9008087 16.114246 1.5410135 67.76809130265262 
Car -1 -1 0 343.5962207810068 178.95815387498047 497.4082804445069 292.5510067331677 1.5962114 1.5974851 3.7586765 -3.003954 1.7155961 12.226735 1.5780237 35.2330705935353 
Car -1 -1 0 666.9029271947561 181.08409826256693 723.5751232006613 225.25275779183895 1.522524 1.5535448 3.666761 3.1876082 1.856797 27.437134 1.5224239 36.63113006513698 
Car -1 -1 0 659.846459943272 179.88202871040102 702.5767184854838 214.89607815684192 1.4738019 1.5393519 4.0408297 3.2381907 1.8170027 33.209442 1.5640788 8.681446082460537 
Car -1 -1 0 79.16921394898786 137.49786470032785 453.1831179909113 375.0 1.8723567 1.694282 4.3167815 -2.7004342 1.6433862 6.872058 1.5190794 56.29166308272145 
Car -1 -1 0 526.7486928892891 177.12617380595654 567.8975427403391 211.7262602805651 1.5159647 1.5786772 3.9794357 -2.8847146 1.7296783 34.100254 1.5767359 1.757370304217367 
Car -1 -1 0 600.1854565016379 175.61251264775643 620.2205705699588 189.35169582914708 1.4910796 1.5684683 3.6558874 0.049502283 1.8083138 81.03309 1.3757944 0.8838897133743306 

