Car -1 -1 0 773.5591731957154 175.82021644466423 1126.2160106953165 375.0 1.6787759 1.6339056 3.9979892 2.9925165 1.717371 7.3689566 1.5450261 129.29619812970284 
Car -1 -1 0 712.1528376598548 177.76327790544443 788.2540267377474 212.14886566761626 1.4362991 1.4674023 3.4792066 6.283801 1.6705372 32.550827 1.0597692 55.717686108219915 
Car -1 -1 0 624.1071435414229 177.7390050403946 659.5978656368293 201.4770723145973 1.3913059 1.5275718 3.5424507 1.9707308 1.7081357 44.928192 1.413374 33.02498867604172 
Car -1 -1 0 188.70407937685363 184.07770413778826 431.4032805282408 267.7122229015619 1.5130782 1.642818 4.1130185 -5.785169 1.7487713 14.227 0.05090963 55.671117631313514 
Car -1 -1 0 326.51393032949863 176.85529267803028 458.4061236957734 225.6437305792428 1.5399688 1.644668 3.8428414 -7.09343 1.6768937 23.805593 0.033149414 33.28931843857411 
Car -1 -1 0 225.77207887447375 183.24387091435256 416.15963297126194 252.53841441592778 1.4902294 1.5803769 3.7633736 -6.5681753 1.7426329 16.653963 0.045264423 12.676513308963129 
Car -1 -1 0 76.98539551269363 177.2275275543759 336.6218572714697 289.07282059741306 1.6568743 1.5749004 3.3275576 -6.367379 1.7326838 11.632103 0.053218387 34.30378898802394 
Car -1 -1 0 357.7773063758189 180.19984843621185 476.9050302599449 223.31522007897618 1.4736078 1.5794919 3.8367312 -6.792379 1.7440007 25.748135 -0.011062013 10.022512288526812 
Car -1 -1 0 0.0 179.41162339948127 307.4839168105018 375.0 1.4853544 1.5564172 3.5565257 -4.15893 1.5616231 6.561304 1.4973543 9.674871438406326 
Car -1 -1 0 614.8022592443299 174.95828643726315 639.0818409191484 195.97493968793623 1.5136889 1.60625 4.1139297 1.2779748 1.678601 54.465515 1.5393237 1.6807433081898984 
Car -1 -1 0 487.61316555337766 177.6198159261988 520.6463134368988 204.94823404142647 1.4756267 1.5318685 3.698064 -6.0209985 1.7621937 41.50162 1.5219209 0.3055466413497925 

