Car -1 -1 0 318.0013835688936 186.8330550834836 453.87241490273146 271.676842702429 1.5014575 1.6860406 3.8760982 -4.573807 1.8363376 15.346375 1.5715419 125.5773036495104 
Car -1 -1 0 790.2049178304084 185.55988743264345 1000.3063631004127 317.88022424856734 1.490941 1.6087346 3.89518 3.862451 1.7101862 10.479492 1.6009225 97.7572402626056 
Car -1 -1 0 737.8783928937281 180.30777104797957 849.4694276977491 258.8771878976725 1.5031273 1.6104043 3.7118125 3.9463854 1.6881231 16.033703 1.5941619 70.43410074014216 
Car -1 -1 0 530.4691041264256 178.7372423348249 564.7471756462307 206.07222125666374 1.5106072 1.5794582 3.331948 -3.5937598 1.8694282 42.306488 1.6165736 19.022591451667882 
Car -1 -1 0 703.1105984064562 179.79686351564268 786.6610033893126 236.92024235189638 1.4738307 1.6091622 4.1639366 3.8604345 1.6981957 21.221437 1.5532973 50.304449664344055 
Car -1 -1 0 412.7812080509862 183.6871120271481 500.0466378409743 241.7497204373652 1.4867648 1.6187797 3.8186023 -4.372737 1.833211 21.137014 1.6078649 65.40551485982131 
Car -1 -1 0 455.47278038698 183.27400204840367 521.0253906609307 227.72451288542803 1.4306318 1.5817652 4.341671 -4.346861 1.844003 26.436203 1.5930309 26.13731524585173 
Car -1 -1 0 690.5541885739418 177.3818126608321 735.857671148466 215.2051606185949 1.5499992 1.5495363 3.537316 4.5088787 1.7606027 31.778278 1.5895092 5.664755981884375 
Car -1 -1 0 689.86749699821 180.12994709947665 752.3697689794116 224.67632458613517 1.4805206 1.5866624 3.5381482 4.0028405 1.7646673 26.374065 1.524247 8.49330058349069 

