Car -1 -1 0 687.8419712259847 181.7486641002062 768.685334742279 244.38012739296062 1.4099448 1.530469 3.3943608 2.9365795 1.6581278 18.429733 1.5784044 79.25884829601864 
Car -1 -1 0 742.3128231600449 171.8588781500201 873.260132755578 225.19573704530148 1.6706281 1.6604211 3.8651445 6.3840394 1.6394585 23.552002 0.06386027 83.98379924474762 
Car -1 -1 0 175.45791208211455 184.72408570586057 411.678739743161 266.281890220058 1.4437791 1.566603 3.8641415 -5.960003 1.6860857 13.875221 0.036711447 88.78970335976264 
Car -1 -1 0 636.6151973332748 175.33129697544973 661.8825834738848 197.58936322729954 1.53895 1.6295035 3.9325018 2.842142 1.7252607 52.29567 1.5745627 9.776632334966479 
Car -1 -1 0 317.87726700003515 179.24142402863075 480.2023751709256 233.3690191435837 1.4793537 1.6235348 4.2315383 -6.0551395 1.6741418 20.98249 0.10112979 29.60706902998111 
Car -1 -1 0 249.7215702931405 180.13172070628644 452.76323826777934 252.6814272513836 1.5120096 1.5954571 3.9483216 -5.6514134 1.6828328 16.073326 0.033124186 70.98456009631467 
Car -1 -1 0 282.35886019167765 177.15531543422807 451.11155954995957 242.99590264690517 1.5848808 1.5754427 3.7968278 -6.16757 1.7013208 18.5169 0.123568825 23.588806242486424 
Car -1 -1 0 685.0926403875158 177.44023074785346 770.005421131899 207.44460164641032 1.4797347 1.6108721 4.020213 5.9716997 1.7192289 36.77047 -0.051812075 9.91014179749135 
Car -1 -1 0 365.5666304087249 178.37142363315087 493.34954434786715 221.66788991084562 1.481868 1.6189249 4.148014 -6.3809233 1.686157 25.819775 0.042087063 15.415014166101848 
Car -1 -1 0 328.31334942984813 177.49614413137363 462.882450439519 227.5206827965528 1.5503236 1.6204575 3.8986368 -6.855626 1.7064203 23.39262 -0.030772554 9.180327860212484 
Car -1 -1 0 0.0 181.68318400707003 306.5978369841432 286.54176183113066 1.4765276 1.5740002 3.879475 -6.9427867 1.6228379 11.128183 -0.02153179 2.129243947747811 
Car -1 -1 0 425.5118424014502 166.1719657081323 519.2248496131093 203.767458370033 1.7920132 1.5751005 4.2812376 -6.6407986 1.4735096 35.2033 -0.010857076 1.3908619751717874 
Car -1 -1 0 417.98990464523496 174.56783927326683 512.3831485698498 210.66550143818563 1.5891166 1.6214404 3.9169815 -6.521695 1.6693177 32.81002 0.07504375 1.0035098584502882 
Car -1 -1 0 687.297974798788 172.55487755835222 765.1195223734917 205.11084932823167 1.7130313 1.670937 3.8714316 6.25309 1.6972919 38.917538 -0.060851168 1.8147010665972905 

