Car -1 -1 0 788.3141905067388 179.28829516207625 890.9696704590488 241.22251768116055 1.3582876 1.704089 4.1291695 5.7191525 1.5416076 18.4135 1.6780076 68.79332256526534 
Car -1 -1 0 307.50361206147466 196.85604480850452 436.0554561172587 270.34539962398594 1.4135723 1.6266472 3.8665762 -5.7562532 2.0527005 17.20264 0.8837451 118.04162195742805 
Car -1 -1 0 696.8583743242173 175.88115213113554 767.3495321646212 231.53499192025618 1.3777833 1.5806477 3.446006 3.281203 1.4684217 19.829895 1.6411165 55.51221424801514 
Car -1 -1 0 187.83527238474198 189.2516768720624 250.9104338465616 231.7391594216279 1.4883199 1.6037302 4.076477 -15.734182 2.1953151 29.004692 0.91570365 44.08877747039319 
Car -1 -1 0 379.0097276955482 178.06199116097966 463.930656179368 215.55298182734674 1.6727207 1.6230712 3.5018702 -8.621182 1.9188286 33.26086 -0.014034113 26.846806658679448 
Car -1 -1 0 318.87397416290037 183.95716595215498 408.6856541897826 215.62195146038664 1.5947073 1.6461855 4.202271 -12.88741 2.194823 38.01365 -0.078243144 5.998259170914536 
Car -1 -1 0 443.4348808498618 165.20450874924634 702.5490071883664 324.00226975434856 1.9779446 1.7884536 4.550234 -0.7995001 1.8826644 11.334338 0.91292065 14.031711734361688 
Car -1 -1 0 133.16127007212089 184.6720039196418 158.88253876949022 206.0282190649457 1.5390174 1.6373888 3.5770605 -36.02939 2.4897804 56.10031 1.0012956 2.8466788436008374 
Car -1 -1 0 837.4544540341088 137.67212247962792 929.5769106024065 170.4344275857329 1.4822679 1.5886807 3.9336789 13.217372 -0.12421489 34.99446 0.92251384 0.25693562626838684 

