Car -1 -1 0 673.7813525890978 185.1883840328522 760.1574091154923 252.4699267083261 1.4963367 1.601629 4.1651845 2.69004 1.8552456 18.90454 1.5602181 76.5538646748577 
Car -1 -1 0 379.0224499504523 193.20038074619478 512.0614563909556 291.2093400089006 1.4504623 1.6350788 3.788786 -2.8638034 1.8810936 13.3695965 1.5616927 97.1909732361416 
Car -1 -1 0 521.4683310495651 187.2685543922587 562.0613477975365 225.13961642488485 1.4823322 1.5809629 3.8605087 -2.923107 2.1547844 31.69814 1.5280545 26.137792985203998 
Car -1 -1 0 642.3960984906723 177.3505812216263 688.4282943277034 220.33817086718912 1.8830295 1.595042 3.8878605 2.5736346 2.107503 34.022034 1.4964089 16.516277247147972 
Car -1 -1 0 631.1742963453779 183.6233096228661 653.5129233886618 205.91465019556125 1.5027168 1.5428735 3.8920991 2.3551607 2.3156714 52.503147 1.595319 6.270873852540329 
Car -1 -1 0 649.1585914731843 186.3981112419628 699.2158466046736 226.68794636616585 1.4665986 1.5094402 3.586778 2.5669615 2.0516973 29.334509 1.5105798 22.265024751941354 
Car -1 -1 0 436.70875188643845 188.72305485281885 529.0363239902052 256.33569836958105 1.4818467 1.6082784 4.1635857 -3.1856563 1.9435744 18.896193 1.5911822 21.88813050066536 
Car -1 -1 0 552.2221096403217 184.59686718103364 581.5825085080382 212.38828104781715 1.490303 1.5498453 4.163204 -2.4732342 2.2169466 42.55491 1.5550451 0.5938702821731567 
Car -1 -1 0 568.042247930541 183.7461732595632 587.7690641788138 200.66724145855304 1.5134337 1.5884268 4.0471625 -3.068461 2.592073 69.348625 1.4501787 3.026873714895875 
Car -1 -1 0 663.0514944972687 185.9001552604579 725.9140046345134 235.02928676926345 1.4498086 1.5683317 3.8527992 2.773724 1.92385 24.271841 1.545306 3.3604140432450906 

