Car -1 -1 0 771.2370400156765 185.86811192159237 1197.4137462568071 375.0 1.4707341 1.6179951 4.117965 2.7806327 1.6256986 6.511145 1.5432183 115.70980578413062 
Car -1 -1 0 686.2182135667468 169.9297205428875 795.846289688821 256.4739473823472 1.658838 1.5806496 3.457896 2.7138844 1.6027868 15.597155 1.5196847 138.83949338773996 
Car -1 -1 0 653.3618680499695 175.4315245194011 700.9013224303253 212.53999930210253 1.4066832 1.5541613 3.4740024 2.6912775 1.5177569 29.343998 1.5545379 57.67801978281428 
Car -1 -1 0 353.74346670860075 175.33134906866385 488.92625622982746 219.3520050167517 1.448765 1.6073556 4.1965895 -6.364935 1.5363586 24.67631 0.015306659 32.75806669938535 
Car -1 -1 0 243.44088263146918 176.67315308743605 440.13045810315737 243.4581393274604 1.4657125 1.594318 4.0252666 -6.189603 1.5603052 16.90828 0.08377138 34.71972984742389 
Car -1 -1 0 184.84831265135335 176.71817553934355 419.0289809952794 260.2715326218861 1.5262907 1.6040759 3.9997492 -6.0047336 1.6083684 14.300662 0.11452013 45.519698732644756 
Car -1 -1 0 398.30288928287894 173.50163222303905 508.6596876641469 214.5687571713698 1.4745511 1.5503454 3.7380536 -5.7340755 1.4993169 26.762903 0.029142177 19.15817562267489 
Car -1 -1 0 255.29122396347964 160.49838012773898 429.1104925852292 231.1927615000339 1.7911706 1.7084496 4.011209 -7.009023 1.4781184 19.221176 -0.043029197 23.02217472938365 
Car -1 -1 0 694.5833948801148 169.80512803124637 781.8483979019821 203.12056581987565 1.5522175 1.610932 3.882552 6.09051 1.4101657 34.433952 0.0056391633 3.5454088535301618 
Car -1 -1 0 391.21494237211596 170.06792051987676 496.1585472505793 210.9122914574495 1.6082482 1.5909245 3.8681736 -6.6805487 1.4985461 29.285973 0.041703247 2.680423811843376 
Car -1 -1 0 488.6471373068719 170.79771371651088 520.240279811984 200.58484634693616 1.4749467 1.5530698 3.7372026 -5.497936 1.373127 37.691345 1.4211049 0.6505706534218758 
Car -1 -1 0 425.52590326038165 173.59217930840134 521.1497041313426 208.84340565494094 1.4979377 1.582919 3.836052 -5.9381075 1.5313233 31.667036 0.09298 0.2708568274974823 
Car -1 -1 0 293.7277325584358 173.10723819330292 441.5596108623182 224.23478951892193 1.4720341 1.5605919 3.9528124 -7.182832 1.4799755 21.705233 -0.07281522 0.2673311233520508 

