Car -1 -1 0 166.0007552551696 199.86538422764315 350.6038428043378 304.16986271276215 1.454524 1.5326073 3.5137296 -5.9753804 1.9971924 12.734936 1.5762482 108.88737392684709 
Car -1 -1 0 312.7509924538773 192.47011761687335 427.3687279007036 260.0083696464339 1.446809 1.6019995 4.125806 -6.0494947 2.0118032 18.71877 1.5713639 97.07426071197919 
Car -1 -1 0 682.1297295727072 175.3471911454532 764.4896957695935 232.8133189024325 1.4691267 1.6360722 4.130637 3.1476786 1.5478716 20.707912 1.5509408 50.457189956364374 
Car -1 -1 0 405.1954378258167 189.5098587334667 483.0340823677859 234.89178765315452 1.420495 1.7042452 4.284033 -5.9297953 2.0791082 26.356339 1.6116428 58.57633837534871 
Car -1 -1 0 940.1408141752328 142.41335708253217 1192.0098774285182 219.80714541149433 1.4774499 1.6339406 4.0553527 9.113461 0.896337 14.644077 0.026244987 116.05498748897487 
Car -1 -1 0 914.6131985532116 141.98077837758765 1107.3463763464374 212.9125627184935 1.604687 1.6041576 3.7105248 9.4562 0.9062432 17.177132 -0.028058501 39.22530719621218 
Car -1 -1 0 667.640940861688 173.5601031826698 726.5644582587944 220.76825507652816 1.5730916 1.6478964 3.97086 3.0842166 1.600565 26.088413 1.5705835 39.09094866927219 
Car -1 -1 0 655.8300048578086 176.21039023728466 696.5158291222659 209.4178149050079 1.5521138 1.4921255 3.5445151 3.2663286 1.7275798 35.906105 1.5094922 22.722868611133677 
Car -1 -1 0 484.31092281404875 180.93526470146466 531.0152822970358 212.08916912122595 1.6425796 1.635046 4.21451 -5.777053 2.1303837 41.36583 1.6871392 13.664960489220125 
Car -1 -1 0 858.8435929460862 153.13053448314218 1025.7179341954566 212.05046248549976 1.5230374 1.6331966 3.864626 9.025465 1.0132 19.712503 -0.13059391 34.29083981270158 
Car -1 -1 0 796.4817874143341 157.38098071113498 944.8231858741096 208.61386812559098 1.5197815 1.6613299 3.99941 8.032976 1.060787 22.389736 -0.07901374 36.57095689074944 
Car -1 -1 0 451.7191886174767 187.62602563537342 501.77796379545845 225.17428907785506 1.5138541 1.5456462 3.6248736 -5.8904223 2.2132392 32.341843 1.5800893 4.880426923051771 
Car -1 -1 0 597.1755304909001 176.01607115453496 618.2559126343765 190.99759363609652 1.528883 1.6162269 3.7226813 -0.22002366 1.8725286 76.440994 1.3951324 1.7976753083416928 

