Car -1 -1 0 404.43041107904975 189.7441810475729 472.21664109632485 234.054630830403 1.4429681 1.5617902 3.5749006 -6.2507324 2.1100705 26.687656 1.6014372 53.645490841905044 
Car -1 -1 0 19.084026297923103 203.98812427232343 111.62198419462032 241.59610002332116 1.5303614 1.5939595 3.6272159 -25.702284 3.0864758 34.229877 1.5962422 27.455262203607077 
Car -1 -1 0 654.2090547037843 176.30145098027484 703.749298606869 215.5975754762066 1.5220894 1.5986903 3.7102473 2.838777 1.6751654 30.158031 1.5381702 48.54805287065356 
Car -1 -1 0 68.98028330499324 202.65512194164862 154.33591656058582 237.81870023059193 1.4263144 1.5857824 3.6168027 -23.473558 2.9129155 34.17293 1.5555129 25.12003482410251 
Car -1 -1 0 441.4772350985625 187.4715983491073 496.9164311255926 224.40339219879456 1.4626491 1.6214573 4.0179505 -6.1878757 2.1560485 32.202538 1.5901481 36.79193208868242 
Car -1 -1 0 478.32037232851803 180.55540767841308 516.8303306265979 211.62896612873143 1.6073562 1.6035199 3.9782615 -6.20427 2.0591006 40.319992 1.5523965 16.007389980608608 
Car -1 -1 0 115.19353224863308 200.22018757879545 204.26300121466085 236.98894278262787 1.4571705 1.6635102 3.8584993 -20.728912 2.799246 33.438793 1.591957 28.044639748709084 
Car -1 -1 0 177.76316282589303 199.56763686282645 252.5199177272661 235.48216649191625 1.4268694 1.6083293 3.7703233 -18.20045 2.7379827 33.478767 1.5041568 2.8567674770314713 
Car -1 -1 0 833.686189198956 162.00206428432122 867.9879618861654 181.90035770634125 1.4699947 1.5718815 3.731042 18.417406 0.66830313 55.212677 1.6300347 0.6402896738065031 
Car -1 -1 0 538.5196986277701 180.46437321736323 555.2824664722956 196.41384444751512 1.5256829 1.6047645 3.8608024 -6.3065257 2.315324 72.88713 1.5055616 0.8063862539447557 

