Car -1 -1 0 687.6814936027489 177.93974909265432 810.1504831467888 261.3750047792558 1.4447074 1.6709156 4.5236225 2.7115662 1.5666175 15.032745 1.5691395 114.47169862822086 
Car -1 -1 0 772.2045744809842 174.31195155760682 921.9433619341459 231.20161430986047 1.4818697 1.6295323 3.659384 6.432643 1.5240519 19.861338 0.11226717 55.42486021306886 
Car -1 -1 0 249.81010524814585 175.383351332242 458.1787280543645 243.391024572249 1.437768 1.6146843 4.1370244 -5.6215734 1.4979732 16.2488 -0.05791708 76.74374332578911 
Car -1 -1 0 19.36183447602178 172.90151776057326 339.46260587206143 273.4986380805913 1.4880781 1.6255491 4.195814 -6.7298784 1.488898 11.562674 0.036370352 60.71975386756998 
Car -1 -1 0 400.86596275282085 169.59044048752693 511.36581145953636 207.82719519794608 1.4688845 1.6225262 4.1426764 -6.0309715 1.343513 28.720255 -0.0939567 26.450998431867806 
Car -1 -1 0 0.0 174.48868750189567 247.155072740872 304.0131855621562 1.5297766 1.5929518 3.7556305 -6.9921083 1.5529265 9.380624 -0.022008281 24.63212185264154 
Car -1 -1 0 669.7727000254633 170.28727971941981 736.85130252563 196.27185798312632 1.5437726 1.6990098 3.8019633 5.655546 1.3912807 43.79977 -0.04406245 13.40014172559954 
Car -1 -1 0 371.28029391998484 169.5289094887161 494.1469018451032 211.41636186092032 1.4763026 1.6071929 4.1541667 -6.3853607 1.3591113 26.38377 -0.073288076 14.776366444961653 
Car -1 -1 0 113.86653759178935 165.3841538078563 346.5496633400856 251.925422623642 1.5539482 1.6007643 3.6359377 -7.161342 1.4198184 13.9152775 -0.08925098 27.874263712128073 
Car -1 -1 0 436.3253105200067 170.9865045149258 527.8065316922361 204.12801757467133 1.4811364 1.5995462 4.055859 -5.812852 1.3976755 33.261494 -0.1086994 4.19048553344087 
Car -1 -1 0 704.3081261758438 169.49989527693143 794.3804453430766 203.48496390147588 1.5639691 1.6432332 3.8798056 6.6035805 1.4096154 34.268463 -0.12870145 1.7356658640812885 
Car -1 -1 0 752.7936333996952 173.12602097498228 877.3784374920593 220.0708936650418 1.52422 1.609 3.7356293 6.838998 1.5336753 24.258652 0.009402189 0.6828599344457799 
Car -1 -1 0 527.1802053995399 170.3317556022417 553.7812444424322 191.92913441164185 1.5227237 1.6001401 3.797554 -5.0948954 1.3448925 52.886482 1.3837223 0.6703011126412997 
Car -1 -1 0 445.3338001179232 165.8693182490819 525.9706476138967 198.00942872898804 1.6676538 1.6388472 4.1084657 -6.543968 1.3052394 38.429386 -0.08504863 1.4066106070009026 

