Car -1 -1 0 717.2426896413114 189.14039837913913 866.0340597119234 295.6476897686845 1.4680808 1.5545883 3.6606083 2.9313107 1.7886807 12.356943 1.5492498 132.0925866863163 
Car -1 -1 0 425.1403550534687 182.36175753715654 513.5456482218594 243.76002044179626 1.3752896 1.6162633 3.9862812 -3.5295544 1.6494868 18.796898 1.547053 93.53009579874075 
Car -1 -1 0 0.0 177.78921646829176 387.14621418406546 375.0 1.5120664 1.5807674 3.6151543 -3.148213 1.5676657 6.2634745 1.490334 86.86615577176148 
Car -1 -1 0 652.7032946425468 181.21343737869057 713.9267136680221 225.6356776360967 1.5178113 1.638176 4.0694065 2.7305155 1.8609619 27.529274 1.4970946 44.066234405073835 
Car -1 -1 0 489.33126144682376 175.8531572851475 544.8344680606092 221.74745016357102 1.5854132 1.5664456 3.642731 -3.3902807 1.7052358 26.995872 1.5834231 58.02252374675625 
Car -1 -1 0 521.4024540809415 175.43442647326884 560.5872203396736 208.8933236313984 1.5730429 1.590565 3.9476738 -3.3864105 1.7095666 36.200867 1.5708692 11.025604347762645 
Car -1 -1 0 646.3774192482358 181.10645443988645 681.4752478940836 212.8251085460144 1.4814489 1.5641823 3.7403383 2.7092938 1.9212049 36.564926 1.5893109 0.5956612100074613 
Car -1 -1 0 635.6598169928695 179.46749068284652 661.5545409382743 204.7185100979019 1.5330076 1.584557 4.119197 2.5808034 1.9834542 47.02868 1.6494393 0.5694004463237217 
Car -1 -1 0 536.5482687998957 176.3476289071664 573.5938075176808 200.14062085794677 1.479209 1.5388092 3.5855608 -3.614502 1.7180285 47.376526 1.229985 0.5556790362786355 

