Car -1 -1 0 671.7207542095239 178.68208445437926 743.0649900062331 231.2740157282449 1.417717 1.6015004 3.711486 2.8550863 1.6083034 21.72962 1.5582021 82.24112901942722 
Car -1 -1 0 741.3029349935296 181.60896890887037 964.0821963631864 329.3905502525688 1.5328742 1.6521019 3.8451495 2.9536471 1.673295 9.642801 1.5617919 98.90884276157574 
Car -1 -1 0 288.59407540624113 174.7613365345294 460.45985166361004 231.99912756096845 1.519664 1.6840445 4.2726345 -6.5256195 1.575985 20.266079 0.094543606 74.63235065467427 
Car -1 -1 0 650.2509962378499 172.77596756338332 692.2535355492473 210.40783807631553 1.6010106 1.6363425 3.8205442 2.733179 1.5976906 32.62126 1.5881165 32.701362121640436 
Car -1 -1 0 95.25876592027859 172.175632919759 380.25371345457404 273.2207804833563 1.6255933 1.6801815 4.12486 -6.3265505 1.6146798 12.556915 0.05339599 66.9614339654304 
Car -1 -1 0 426.9059214728537 174.70696213787895 519.1025334158772 209.15875532992428 1.5190675 1.6384223 3.9079986 -6.1488986 1.6055171 32.786045 -0.029889967 10.332766554252672 
Car -1 -1 0 0.0 177.49682532430558 324.6016041558262 300.28882973533615 1.5216358 1.6409074 4.0386305 -6.302433 1.5929761 10.053202 0.1082155 16.79419661525256 
Car -1 -1 0 637.6751741972346 171.39639821306685 668.2633713991252 196.04400797813264 1.5722945 1.6232908 3.7388606 2.8452911 1.4793124 47.936096 1.5195963 3.4948989826102017 
Car -1 -1 0 354.1827768392304 163.7254388584674 489.1325414342598 219.26519159674928 1.8640374 1.7244668 4.235792 -6.4882774 1.5576625 25.185333 0.050926343 3.794139136895609 
Car -1 -1 0 641.2435432918943 173.85283579178534 676.6316501308186 204.96932305981878 1.5731411 1.5875515 3.8654811 2.5905404 1.6291842 38.54378 1.5605729 0.2809354364871979 

