Car -1 -1 0 48.73998507495686 198.07965178588262 379.17037388840805 369.1515923281352 1.4139161 1.5889874 4.147442 -4.0810714 1.6002829 8.334324 1.5626583 142.03689709336916 
Car -1 -1 0 460.2526568295195 182.48284541123928 515.2111468426451 219.83714892554391 1.424051 1.5490472 4.0702786 -4.8156567 1.319867 29.445137 1.5775517 40.177998228359904 
Car -1 -1 0 395.3315763156498 186.0565212295355 487.43356630725935 243.61503903208734 1.4055004 1.5559394 3.4660916 -4.358676 1.4302182 19.368668 1.612052 84.69171213163925 
Car -1 -1 0 346.1033719437894 179.7446337816812 415.10170985576747 222.753225174365 1.5468894 1.6492233 3.6645687 -8.648752 1.3501117 27.722412 1.526062 42.05682490656443 
Car -1 -1 0 175.2956640871763 195.72646001634092 321.7534347543023 267.1453806888219 1.4597397 1.6104348 3.5723858 -8.31919 1.7352365 17.033478 1.5992881 36.504235429653434 
Car -1 -1 0 497.79150560499704 180.62369065396908 536.7219216461843 208.7328668671545 1.4458491 1.5462147 3.7860658 -4.8143964 1.2096504 38.88686 1.5949197 18.932256975562076 
Car -1 -1 0 577.9383634821235 177.50201117294034 608.5925825107397 207.15665973706297 1.5276885 1.579315 3.091277 -0.7347066 1.1303103 38.58693 1.55964 16.295146083103273 
Car -1 -1 0 186.64377441907126 167.7898497224566 297.66326727324986 231.153426736747 1.9874237 1.8081894 4.492483 -12.440971 1.440855 24.849575 1.5029427 14.967650785106962 
Car -1 -1 0 337.4808005799883 181.84214994911667 393.42345243601983 212.86904786162475 1.5369508 1.6204668 3.8599274 -12.549075 1.3698385 37.539986 1.571679 6.573801196093984 
Car -1 -1 0 489.19008651538246 167.33818185349887 528.1249559215407 181.79195322775325 1.447418 1.593207 3.8106403 -10.023361 -0.35335946 73.3007 -0.05026473 1.5450513026851442 

