Car -1 -1 0 949.1295245991614 188.47093769907332 1242.0 329.02195005017904 1.4718103 1.561318 3.7943692 6.271942 1.67308 8.514595 0.0020347435 44.32881801887866 
Car -1 -1 0 776.8151201834147 184.82471183758872 972.3114298835192 254.27694032037016 1.4624257 1.5832905 3.873978 5.951548 1.750671 16.443909 -0.07265104 49.95346858726451 
Car -1 -1 0 861.456415773234 186.9351305410625 1146.6919182932613 290.2531217480204 1.4804952 1.5672022 3.6852481 6.1115704 1.7203869 11.43297 -0.04153254 71.3635586020541 
Car -1 -1 0 737.8547422299365 185.1067793224054 908.4971866685707 242.81049834322766 1.4371253 1.6042675 4.083824 5.6535425 1.7821158 19.3483 -0.08235891 54.2432194004369 
Car -1 -1 0 0.0 185.16926315045103 318.7679290918214 298.95875459204365 1.5319537 1.6306374 3.952783 -6.6467896 1.7307259 10.7743 0.02862343 48.184784011962115 
Car -1 -1 0 632.4634292914224 179.56724333615026 677.7541768938208 212.90425109706453 1.471082 1.6339066 4.353876 2.1408446 1.8171214 34.964584 1.5024209 24.808199093337965 
Car -1 -1 0 165.17775035010848 179.62994400525557 394.80940048281406 260.86024841511124 1.6086113 1.6738453 4.108057 -6.8572025 1.7608013 15.321144 -0.023444504 85.85570286861277 
Car -1 -1 0 832.3052127881265 184.57989065039138 1061.9404641323526 267.40502093327706 1.4656323 1.5724826 3.732766 6.4277363 1.7075171 13.957242 -0.07664235 33.695922989729524 
Car -1 -1 0 408.5951200151659 180.53385900536634 509.5969223228148 215.56168067035685 1.4752885 1.6133621 4.06531 -6.576233 1.8234196 31.75696 0.071914956 14.051926936015132 
Car -1 -1 0 734.9956346550907 172.5652872603592 880.5515666226373 234.67718088658637 1.7822161 1.682105 3.8791192 5.889155 1.7739317 21.69091 -0.076791696 14.579679414904767 
Car -1 -1 0 225.03071626241612 164.86236883120344 425.5674430214062 244.61851654937794 1.8762167 1.6802526 4.2990217 -6.910053 1.6882181 17.848251 -0.016042028 30.096537524141812 
Car -1 -1 0 614.8656601370388 178.54134716604406 642.397334573242 201.68784810529294 1.5062782 1.5545235 3.9942021 1.2845728 1.9164964 50.000824 1.5072261 2.6993417320261037 
Car -1 -1 0 383.2437622777748 180.72992904466005 491.9850033463263 220.7916250513678 1.5489459 1.6323336 3.9824467 -6.8730106 1.8757714 29.087421 0.01910989 5.59230636726355 

