Car -1 -1 0 99.07282259786886 186.57684784938567 377.5449281885403 339.9664035130082 1.5317907 1.6715585 4.1446357 -4.5718665 1.7554414 9.669416 1.5490726 135.20840475639386 
Car -1 -1 0 731.8378673073485 173.96174743153372 813.9080306705339 231.1439626847596 1.4380354 1.6425124 4.1474524 4.485883 1.4725456 20.353163 1.6397343 30.058828895504764 
Car -1 -1 0 520.8270852666689 171.40925266627315 570.2292511599928 203.91704294349884 1.5459387 1.665827 3.8660011 -3.1631806 1.4772322 36.340443 1.7049459 25.74153662475936 
Car -1 -1 0 709.0845351677008 168.80061014150897 774.4119511910046 214.58193448140355 1.5406406 1.568131 3.5120378 4.698805 1.4042351 26.072208 1.523816 34.36759308712562 
Car -1 -1 0 510.2056528930918 163.9244687600911 544.9774225132061 184.84191999237459 1.5012435 1.7072572 4.0976954 -6.078268 0.8603716 53.916595 1.6835805 4.936691337279025 
Car -1 -1 0 700.8131532109921 170.44798948981207 748.4675535626656 207.33081935278696 1.4969306 1.5867282 3.7101312 4.908614 1.3992798 31.16565 1.6051764 4.448636659394335 
Car -1 -1 0 754.9893463382705 152.72025396196588 917.6036050184623 265.67659644391296 1.8095953 1.7902739 4.6205997 4.1027718 1.4870465 13.892968 1.5979025 35.0424903450473 
Car -1 -1 0 551.6865546853888 171.44455336146274 593.338857606117 198.39918836428484 1.4985864 1.5780951 3.8874264 -2.114048 1.4202257 42.16911 1.7519271 0.6645547507183961 
Car -1 -1 0 588.8237944371375 169.80831723520146 612.939064614763 187.65238074374722 1.5218306 1.6039077 3.7638793 -0.73435366 1.2620792 63.506638 1.701321 1.7765215834017327 
Car -1 -1 0 697.065784350698 169.94231410414957 733.836538541043 200.1529107602837 1.4586923 1.5592816 3.702689 5.3430986 1.3181039 36.736973 1.6359141 0.3273525834083557 

