Car -1 -1 0 475.34962437156634 185.3836340010593 534.5374182141961 226.28159650022351 1.4084718 1.7374552 4.0946627 -3.9985063 1.9330809 28.158298 1.5652592 72.85215170112068 
Car -1 -1 0 129.70101794114797 190.19686471103554 334.33164513597313 300.71577367860186 1.6015401 1.6473483 4.052047 -6.5824885 1.9661417 13.132073 1.5573387 95.16811520490856 
Car -1 -1 0 366.25483021411736 191.56947161723696 440.28016941248734 240.12772557223352 1.4097323 1.5449798 3.5009806 -6.7938356 2.0802038 24.079859 1.546368 53.5257365400513 
Car -1 -1 0 628.6964138792752 177.93535320134725 657.5122863799736 203.57736397413444 1.5291585 1.6191118 3.8861399 2.088283 1.8650725 45.75004 1.5636137 29.386548555504238 
Car -1 -1 0 704.0927559704228 170.4757991255088 790.6391322277565 201.42226236815395 1.626737 1.7174739 4.3169065 7.3631587 1.5017239 38.813812 -0.012355274 19.449983396494986 
Car -1 -1 0 1136.822608755236 154.3179133035496 1242.0 209.56252353540796 1.4964924 1.6754632 4.2533174 18.076221 0.9943779 21.7635 1.7022957 7.6301291681653804 
Car -1 -1 0 703.73351385951 167.18575568351196 782.5067949086542 197.54367814061922 1.7183075 1.6657795 4.2314625 7.6765337 1.3974755 41.7067 -0.015935509 9.296377858768446 
Car -1 -1 0 458.7569598876528 185.65303360988568 502.00317758647543 216.19533510511795 1.4938927 1.5404754 3.7218704 -6.8841925 2.2148771 38.75895 1.6049094 2.0409344779538756 
Car -1 -1 0 880.3536978572288 151.30323445782275 930.168083520851 180.9171472482504 1.9317827 1.6562395 3.7781527 20.018867 0.52597713 49.002483 1.5113477 5.535788046253377 
Car -1 -1 0 834.1677874108651 161.5600575400786 871.9173959553589 180.7806116976149 1.5168735 1.5884063 3.719003 19.814848 0.62556267 58.85827 1.4939473 1.2211908996391172 

