Car -1 -1 0 968.4382713194213 175.96152878685487 1088.407412195927 277.70489676701015 1.5537012 1.6638768 4.125684 7.7194176 1.6206973 13.354391 2.0975032 65.82672467133547 
Car -1 -1 0 217.36326286817828 216.70680725921858 519.1494855648932 375.0 1.5149728 1.5887073 3.4929814 -2.8785717 2.1249342 8.364885 0.6304212 139.77304412944943 
Car -1 -1 0 71.62703608376805 227.6876050212297 301.1225431695632 365.1009114027179 1.4993979 1.6442045 4.0104485 -6.6619444 2.492653 11.212652 0.64031833 113.64213277488658 
Car -1 -1 0 0.0 234.98865823920568 150.51420007753808 342.0039834365591 1.4944049 1.6038712 3.7381587 -10.510483 2.8375037 13.850282 0.62739223 85.09499993577144 
Car -1 -1 0 1020.6238327140766 177.1993411879754 1077.6951683786795 223.77148379249763 1.4555109 1.5709796 3.5295866 15.052521 1.6166302 24.831244 2.0876634 2.300039883966573 
Car -1 -1 0 1143.845547975395 169.75735474218808 1174.4181873780362 190.98909765396138 1.4840345 1.5299864 3.7741132 39.890568 1.2675881 52.428097 2.1579998 1.3789742812275916 
Car -1 -1 0 758.3521491258629 181.34296574267 789.4295419663756 201.8620931925328 1.4769878 1.5844047 3.6770906 12.690083 2.154591 55.593475 2.0104232 0.7790227224123696 
Car -1 -1 0 1184.110639133214 164.2566644646234 1242.0 205.48303080594076 1.7122033 1.6062447 3.8621244 26.801535 1.3551407 32.029396 2.1309125 0.958365784980884 
Car -1 -1 0 983.1082920926308 162.92164702863775 1070.8500605657784 248.1050403106688 1.7966545 1.5803742 3.796256 10.041025 1.5871651 17.236462 2.1577382 1.1562800299250042 

