Car -1 -1 0 830.0385215054797 188.8880960431114 1120.5890441950614 364.12021024667035 1.4680346 1.5885681 3.8422332 3.8452797 1.6974902 8.364605 1.6244497 95.03893375482728 
Car -1 -1 0 259.26047199441484 188.99558765832373 429.1271515561996 289.1148600411292 1.477749 1.6689223 3.8852074 -4.6352882 1.8171299 13.223989 1.5755198 124.14710003333053 
Car -1 -1 0 383.4818908176987 184.90664853241736 484.65144337370094 251.38573342208312 1.4997437 1.6129663 3.9074192 -4.47834 1.8496026 18.969175 1.5985072 77.56976831938071 
Car -1 -1 0 751.8588007943255 181.10392298394385 886.129100088261 273.1408538253335 1.4922667 1.6222477 3.7331116 3.8676243 1.6732037 13.931507 1.6050547 67.5778182979894 
Car -1 -1 0 522.7533045026582 178.50682868502912 559.4102097732319 206.28367208897964 1.4539151 1.5238421 3.4085617 -3.7756536 1.782757 40.22631 1.6320441 26.312419503411785 
Car -1 -1 0 711.0001185023241 179.74876086412004 806.0943944205005 242.55306386175783 1.4421997 1.6311492 4.1346188 3.8078234 1.6445184 19.098526 1.5623002 68.5934319108268 
Car -1 -1 0 437.4605531022538 184.47839635302097 512.5541305582137 232.99477659094453 1.4217806 1.6635501 4.1219673 -4.410582 1.8455092 24.22136 1.59422 51.661645963206325 
Car -1 -1 0 691.2376382926888 177.44609515744008 740.9069775618777 216.9011867770119 1.5051137 1.5552008 3.5245838 4.3243046 1.7054341 29.70616 1.5800502 14.271125525276402 
Car -1 -1 0 1017.8851087288073 172.64778777474507 1157.692438752655 223.04425047039194 1.5015811 1.6686158 3.7474344 15.404124 1.4954368 23.489506 1.3944477 36.602597709285824 
Car -1 -1 0 696.5078782039856 179.3368939001058 763.0995931359863 228.7912060589849 1.5019636 1.5968413 3.681457 3.9557796 1.7363956 24.244938 1.5627992 9.236075980669593 
Car -1 -1 0 561.718700604388 176.86497375737991 600.8548006764338 190.18332431232906 1.4354284 1.6381061 4.156443 -3.0872505 1.881309 79.270836 0.05848019 5.879480993385252 

