Car -1 -1 0 664.6093753895152 177.13874085785127 822.8064392796123 288.138090148388 1.485537 1.559623 3.4026017 1.9764936 1.5648386 11.574074 1.4548476 102.51006442745519 
Car -1 -1 0 572.3866692317538 172.47957187487202 676.4086637259381 214.77586970908024 1.4808589 1.5860164 3.6930997 0.588567 1.4677495 26.99882 -0.63786614 114.02802346087297 
Car -1 -1 0 751.8907104767957 167.54073519772376 871.2853457083518 217.93252953037432 1.4778304 1.5946414 3.8084612 6.4494867 1.3220092 22.904837 -0.6100411 60.83913634755782 
Car -1 -1 0 840.8027709768144 164.386246584773 944.4151772286217 209.2722806112643 1.4882103 1.6218606 4.0340734 10.165529 1.2074592 25.803308 -0.66292155 61.388211525093624 
Car -1 -1 0 921.0522151270512 164.71180971551217 1005.1827486335828 203.11385272645583 1.4316206 1.5177305 3.4054523 13.982103 1.1280812 28.493168 -0.60682917 60.092589204596656 
Car -1 -1 0 973.6537895855683 155.60125007233256 1060.8421674444608 200.19895413220797 1.8036827 1.7053056 4.1902 17.611336 1.1059227 31.109692 -0.6341891 33.6140561945291 
Car -1 -1 0 705.2051880805376 171.98506919604608 797.4352302950731 206.927685832861 1.4131929 1.5500901 4.043118 6.1256857 1.3780503 30.996273 -0.6280455 19.3131323016366 
Car -1 -1 0 1074.697221073731 160.8182633333029 1116.6172582055854 191.68254886454858 1.518687 1.6124427 4.161806 25.401087 0.92646456 37.652954 2.212627 1.5261773164443424 
Car -1 -1 0 1129.4224791429572 156.22086278531773 1187.385816594446 185.15666540042525 1.5278442 1.6266279 3.829272 30.384188 0.6495949 39.91626 -0.6617957 3.9369853202710794 

