Car -1 -1 0 288.3506967954919 187.65019438128863 441.86570540067527 281.66022507910077 1.5244026 1.6676615 3.8715022 -4.627849 1.8568683 14.26318 1.5876656 114.42094671589719 
Car -1 -1 0 805.8092166123406 186.84905248171358 1051.264171046597 336.0152210497469 1.4708805 1.603144 3.8208866 3.8313498 1.6908915 9.410276 1.5996215 89.83930864305985 
Car -1 -1 0 526.2914592697095 178.93858483475742 562.0120044217535 206.35507984640208 1.4726796 1.4968688 3.3192592 -3.6980863 1.8348174 41.230904 1.6490672 26.576410293771808 
Car -1 -1 0 397.1564876850509 184.54827347510636 491.10635449509454 246.86479337139932 1.4966292 1.5825193 3.844403 -4.4660454 1.8526853 20.015347 1.6122673 67.28984949166146 
Car -1 -1 0 744.6000073582419 181.7924987202107 867.01699563856 265.1181861674142 1.463091 1.6183684 3.804359 3.918876 1.6728933 15.009184 1.6021103 77.16207094895039 
Car -1 -1 0 706.348846587091 181.23825556248212 798.0683115174835 240.70957306925246 1.4380782 1.6361957 4.1702785 3.8520365 1.69666 20.14727 1.5444756 70.88240949535715 
Car -1 -1 0 447.4802124065193 184.11867961543007 516.9106837785174 230.83888864553418 1.4344964 1.6188906 4.134145 -4.3571186 1.8611124 25.242464 1.5918076 36.528001127992475 
Car -1 -1 0 1008.3635567951188 173.44247791905389 1134.0547009831494 221.58471003218645 1.4945034 1.6051471 3.521254 15.421043 1.5158663 24.319141 1.3941503 39.50969581786169 
Car -1 -1 0 690.5283495019796 178.43322368602833 735.2862233382776 216.4552051054391 1.5030172 1.5230297 3.424029 4.353116 1.7543474 30.767733 1.6031945 7.633082090633795 
Car -1 -1 0 695.5164982051739 179.2465926633232 755.0508232897591 226.84859117657257 1.5150783 1.5880973 3.6069932 3.978825 1.7551626 25.276524 1.5947851 4.981612782326607 

