Car -1 -1 0 151.62649839236767 200.04380615035072 348.09579410485384 308.13307080748507 1.4420671 1.5588567 3.804853 -5.9731693 1.9854577 12.504912 1.5542257 120.23938126388623 
Car -1 -1 0 290.0536369936597 194.395896768618 411.03459133589354 267.4917840786646 1.453397 1.5631415 3.698618 -6.0515275 2.0248451 17.289137 1.573358 76.5710297442324 
Car -1 -1 0 436.40960391832374 187.13969123085548 500.01596786905753 225.4130495526987 1.4360735 1.6835186 4.178556 -5.9435945 2.0881042 30.799187 1.6271989 46.79713580895488 
Car -1 -1 0 857.1018862574174 150.68274540732983 1041.1978199086516 209.83141307691793 1.5087347 1.6632571 4.142761 8.97257 0.9432013 19.278225 -0.020347442 98.3756491633337 
Car -1 -1 0 372.5737860413617 189.37299569565087 458.60454660531246 241.94629559474384 1.4480414 1.6798723 4.1196294 -6.122962 2.0272126 23.234083 1.5661455 56.1834936786865 
Car -1 -1 0 668.2699002949738 174.89618641336895 733.0189231679219 221.399408777912 1.4835105 1.5837948 3.9961233 3.097025 1.5606722 25.229517 1.5238693 32.63508325995689 
Car -1 -1 0 850.4019300530373 150.58677412264896 999.431636153636 204.05915788650069 1.5502858 1.618531 3.812827 9.4715 0.90470827 21.835943 -0.057198428 23.969811539384633 
Car -1 -1 0 765.4884587583546 165.451504700119 889.5730980558833 206.5514868363383 1.488168 1.657215 4.1381264 8.112686 1.2201347 27.060076 -0.051633928 26.57270650049887 
Car -1 -1 0 659.6631012215263 173.05952299421708 706.9472170293976 215.2491394318571 1.6770768 1.6168029 4.0665383 3.074943 1.6864125 30.73863 1.5754181 24.790287689037285 
Car -1 -1 0 811.0484201139099 161.53511294940768 943.314181100811 206.8817156790634 1.4633152 1.5939828 3.8744721 8.9601555 1.0980595 24.298147 -0.115228415 20.911433211113614 
Car -1 -1 0 469.7813297381257 184.73041541987823 513.1401879851179 217.66233393593248 1.5383673 1.5455693 3.5945578 -5.974785 2.1744647 36.830124 1.5947106 5.902666145984423 

