Car -1 -1 0 748.0627255592217 189.95915293458032 1002.0753532127353 344.19590460912355 1.4093969 1.5918449 4.1511993 3.0085313 1.6762202 9.157 1.5411637 97.84651795313142 
Car -1 -1 0 651.8833405757716 173.15416800801663 710.2217781754829 219.69200182083785 1.7000642 1.6859326 4.210401 2.7437787 1.712826 28.531527 1.5197067 69.26434247201497 
Car -1 -1 0 346.1740536859734 176.45707047149583 476.7726742360715 227.3494246547633 1.5693445 1.6077285 3.7479932 -6.336278 1.6903315 23.304493 0.065024525 41.02691782815733 
Car -1 -1 0 425.117661440183 173.47276302164533 510.47966538812517 210.34779511837132 1.62773 1.5926716 3.6183667 -6.386203 1.6566019 32.773804 -0.0545756 12.531894845013525 
Car -1 -1 0 397.7572696645202 178.2322915992912 503.11024318485704 218.09876858950656 1.4884348 1.5828818 3.7091513 -6.185786 1.7064593 28.231632 0.12586597 7.781539679025453 
Car -1 -1 0 367.4399241355698 179.80218087490715 496.11151507714607 222.84071146922093 1.4588244 1.5952511 4.159261 -6.264814 1.7148523 25.670286 0.05812684 3.5172098087087176 
Car -1 -1 0 528.9227074622148 174.430503194805 555.9013730083427 194.71267451389082 1.5099201 1.5999866 3.8822994 -5.1747637 1.6365544 55.989895 1.6065531 2.646149077587375 
Car -1 -1 0 633.618432835536 175.8062586297541 660.3973822217729 197.77650463428515 1.5004714 1.5936377 3.747809 2.64855 1.7197466 51.690094 1.5349346 1.0383845588945035 
Car -1 -1 0 435.0823149368573 175.2969897371076 527.2455801620274 208.51134118959027 1.5694003 1.6343057 4.148566 -6.229263 1.6920617 35.23377 0.08702892 2.2101268462059016 
Car -1 -1 0 642.2751042194775 176.94358266580537 680.2344132414045 207.00103939891193 1.5472455 1.6089402 3.604591 2.7835197 1.7815635 39.493248 1.509423 1.0075851490999268 
Car -1 -1 0 281.9762822588065 179.77156368601004 454.2966742566629 243.53187553218729 1.4699728 1.553078 3.6826906 -5.7917604 1.6461344 17.58983 -0.0044578332 1.827837248340617 

