Car -1 -1 0 720.7643898108312 188.59062803574014 902.3110852115344 313.8181849914818 1.4474435 1.5972669 3.6673684 2.7528076 1.7200468 10.651653 1.5532155 104.14149332244693 
Car -1 -1 0 663.9281598810298 176.92037379875384 735.1326778885309 240.4986695365552 1.7038262 1.657427 4.1308413 2.60034 1.8376535 21.673923 1.5793482 73.30291405234995 
Car -1 -1 0 0.0 188.13549762180102 289.703872732354 320.8474778742594 1.4726672 1.6463851 4.155814 -6.4937816 1.6864746 9.158789 0.055127 119.6111169804951 
Car -1 -1 0 636.5758914537798 178.06376557620476 679.7788618458706 213.35248283780186 1.682878 1.6112707 3.5380363 2.4294245 1.9618948 36.798492 1.4644147 25.65752270534026 
Car -1 -1 0 290.4355674982986 186.50097372488477 450.6553115541988 245.88064314563402 1.4675252 1.5548507 3.7349544 -6.22309 1.8442705 19.070702 -0.03834104 26.75172394433985 
Car -1 -1 0 652.2872315846429 182.08987771877256 707.2718253807278 226.4739133122633 1.5236964 1.6154078 3.8890853 2.6085455 1.901593 27.555696 1.5421749 9.935593542912626 
Car -1 -1 0 136.15829820113802 167.8842186983257 395.17992998522396 269.2122732895966 1.8522902 1.7341124 4.2226753 -6.5477247 1.7614418 14.069487 -0.0059875427 90.73017496995251 
Car -1 -1 0 312.7497083951254 178.25958595021828 466.8000281847268 237.7141118977471 1.6884536 1.7191925 4.154837 -6.498527 1.8585458 21.689682 -0.075701535 15.679077468795416 
Car -1 -1 0 223.81384018031196 185.7084406983332 424.5909563115233 255.6512251076365 1.4999495 1.5747311 3.986157 -6.4396133 1.8092191 16.563107 -0.0046562813 4.867028558202628 
Car -1 -1 0 392.06756409430955 182.70430426353943 491.98536677663145 220.17276409504208 1.5271401 1.6197519 3.976313 -7.106031 1.9622164 30.895117 -0.08427729 5.720524684558077 
Car -1 -1 0 482.8309337890759 180.4559449652053 547.5177252336626 204.39540016434665 1.5337543 1.6427832 3.9690745 -6.26606 2.0520976 48.07104 0.16021684 2.2080997789202823 
Car -1 -1 0 624.3332374792732 178.91363638821332 654.6324167875725 201.8656574395771 1.5146592 1.5700539 3.8680665 2.0633059 1.9571607 50.682858 1.463355 0.2689535617828369 

