Car -1 -1 0 420.6926582369109 185.93100634950673 497.43906087757307 235.90093698600833 1.4031602 1.5613755 3.4925094 -4.4407206 1.4268042 21.998625 1.5922756 72.97628111162733 
Car -1 -1 0 214.48388461398707 195.7284250661995 420.63722512416865 312.8320140345872 1.3956742 1.5822622 3.8636293 -4.0951204 1.5827459 10.853705 1.5626689 108.36347723363397 
Car -1 -1 0 470.9583503248278 182.83583168922928 521.3870624676789 217.2598245299028 1.4416862 1.5370917 4.042767 -4.894367 1.3420167 32.145687 1.5955716 30.573467724212907 
Car -1 -1 0 232.88802886519312 185.6460359727252 355.23939067428165 242.01540173212842 1.3909066 1.5020556 3.6649418 -8.412474 1.4038055 19.656746 1.6567991 17.83724954128326 
Car -1 -1 0 578.2337001901386 179.48134136177978 608.6552414541799 207.9463337259374 1.4819311 1.5838686 3.598975 -0.73016083 1.1833917 39.23052 1.5627861 14.42685513270566 
Car -1 -1 0 370.6766911777766 181.0566110961325 435.21432084599536 220.25174885804125 1.5612547 1.6325904 3.8054829 -8.593234 1.3955864 30.543713 1.5793023 27.990393114318607 
Car -1 -1 0 0.0 186.63546196210757 214.01823657367416 307.23948861827625 1.5850714 1.6455619 4.019624 -8.236258 1.6117985 11.513884 1.5816145 86.33821560258208 
Car -1 -1 0 504.8644197946449 182.24268717702344 540.6292438614324 208.29086008997285 1.4362546 1.5431013 3.5980449 -4.825869 1.2723275 41.4569 1.5993681 10.422772982091391 
Car -1 -1 0 230.14644865085182 172.81942080014426 326.26881289819477 225.85633783267158 1.8615654 1.7749197 4.418448 -12.42176 1.4264631 27.469366 1.5370213 19.886739595973786 
Car -1 -1 0 353.9628881603862 180.84663001211464 403.67086837905407 208.83744437995466 1.4893043 1.5835369 3.808435 -12.691418 1.2568398 40.15628 1.5657557 5.191670899494691 
Car -1 -1 0 0.0 188.93843906141487 173.2353352222151 248.53455435061025 1.4886868 1.6014822 3.93674 -13.923976 1.5928918 19.102934 0.11370801 3.0077221287861087 

