Car -1 -1 0 723.1420824591005 178.83186431622028 834.0783921849296 261.1511690815406 1.5193738 1.6158009 3.6781936 3.4768343 1.6628175 15.450968 1.6013601 78.9430449018673 
Car -1 -1 0 126.6642228180655 180.09192107403732 419.1175629139475 278.82396911357665 1.5242815 1.6564087 4.246041 -5.596588 1.6574371 12.279698 0.07959877 85.4828672694049 
Car -1 -1 0 702.8085612267506 175.95658823062584 782.320261157231 238.39182721384492 1.5933826 1.6471756 3.8601446 3.6822226 1.6901729 20.558756 1.5967844 65.91366565508453 
Car -1 -1 0 284.49913378640593 179.80867248150673 467.516565814163 237.28112734562794 1.4344908 1.6621628 4.315794 -6.0722237 1.6271479 19.105408 -0.023947507 77.88345905406383 
Car -1 -1 0 674.5776978298126 180.15049726591727 722.2285814896819 213.52565046841593 1.4535589 1.5049258 3.3635778 4.126652 1.8145018 33.941647 1.4658276 25.367055665037675 
Car -1 -1 0 369.0850695797491 178.00217387398922 497.9924917508397 225.703295056008 1.5478029 1.6831884 4.0545745 -5.9176598 1.7305747 24.621664 -0.07675821 35.24374378766379 
Car -1 -1 0 405.4634354509395 180.87130859743215 526.5776215545643 222.97013079935215 1.487148 1.6308633 4.2135105 -5.2462807 1.7947316 26.760542 -0.050735362 14.707977433993506 
Car -1 -1 0 431.11516214229124 176.90916119640667 528.2624778170626 217.9534643171222 1.6034634 1.6249275 3.6248126 -5.201036 1.7722243 29.190628 0.013661443 12.313427778948405 
Car -1 -1 0 462.1966362298467 174.93510253678105 550.8152193961753 211.06088729369148 1.6498697 1.6122024 3.889907 -4.808899 1.7504783 33.96991 0.055154655 2.092281378552976 
Car -1 -1 0 516.7842125301506 174.81810955066598 550.3924567441381 205.70547800695087 1.6119993 1.6661582 4.040946 -4.260474 1.7268006 40.05022 1.4186255 2.162327332246324 
Car -1 -1 0 500.2435003222774 167.39839993654775 566.973203077344 193.83633390192676 1.7347745 1.6625915 4.223334 -5.0533323 1.3767948 48.311268 0.0647659 0.2640872597694397 

