Car -1 -1 0 710.5862314216155 187.39548533706133 831.878089375789 279.89546179552553 1.4396656 1.5529548 3.4386868 2.8808582 1.746789 13.506938 1.5878072 84.02886572193896 
Car -1 -1 0 774.0915696324253 175.76119768338816 959.772976190921 243.92075219015925 1.6654615 1.6968501 4.2181773 6.5375137 1.7445819 18.674797 0.054536868 88.47171235335233 
Car -1 -1 0 302.4169982636809 182.51811512654416 465.4891974862473 237.44483257842558 1.4790595 1.6226101 4.237008 -6.3853097 1.7708466 20.783619 -0.091590285 21.885478610378804 
Car -1 -1 0 0.0 193.51267386363614 312.67405299858166 323.06726498610357 1.4176993 1.590572 4.1086254 -6.0763364 1.6984439 8.981902 0.013800046 110.62049557214749 
Car -1 -1 0 221.83885546961483 182.27952357176764 441.4640599813062 257.18772541204936 1.541409 1.6288284 4.2447844 -6.0492525 1.7621778 15.988463 0.04627513 53.88007755839594 
Car -1 -1 0 349.3256273322527 181.1628461283487 479.9522754496924 230.5804586742538 1.5239182 1.6177617 3.7899358 -6.231134 1.8020523 23.338703 -0.0029096622 15.973845470937668 
Car -1 -1 0 711.6872977448896 180.86991397624078 823.5510309110738 221.03301192943997 1.537137 1.6365988 4.090127 6.29733 1.8699167 28.97939 -0.0780036 17.449876426377532 
Car -1 -1 0 257.2882954213738 181.49501015560386 426.72487833423025 246.05852358591233 1.5460429 1.6022755 3.7658124 -6.735372 1.7782611 18.458975 -0.07040443 16.078611509506317 
Car -1 -1 0 382.8744294717531 177.4466092741233 494.43909217410675 223.05255804302465 1.6852529 1.6570345 3.988376 -6.520671 1.8688476 27.853256 -0.08302854 22.758568973205655 
Car -1 -1 0 157.76380132340816 181.30706470924565 396.22415787219 270.99824889851305 1.5455235 1.5860219 3.8122442 -6.177696 1.7166282 13.612751 0.10721377 40.14627155302598 
Car -1 -1 0 77.07658965294553 182.09675195469697 389.8717188868533 292.51757744060234 1.5542632 1.5901834 4.015751 -5.646495 1.7078242 11.142741 0.025003096 85.27740286580061 
Car -1 -1 0 635.2525483886178 179.69645414502128 669.624706198861 204.46116600773487 1.5166435 1.6428516 4.0360165 2.7728271 1.9862521 47.431534 1.4726624 9.563034478433016 
Car -1 -1 0 696.2704625986157 182.94662253961636 789.9249069376234 217.17877731658768 1.4429692 1.5777292 3.793214 5.860584 1.9020603 31.891861 -0.07529852 10.735334415608184 
Car -1 -1 0 696.9985971576011 176.29051079366917 782.6270681033558 214.01569768399753 1.7249061 1.651103 3.7059705 6.1039505 1.8914173 34.058212 -0.042149648 6.443621215675402 
Car -1 -1 0 478.0757352749987 181.5022036363068 546.5782301992624 206.6360250484291 1.4907753 1.6168472 3.9406445 -5.9403 2.032997 44.330364 0.05126925 5.110448310034856 
Car -1 -1 0 529.9220908246116 175.77800852226727 558.8527579503093 198.7860178835228 1.7218451 1.7043447 3.8817966 -5.0644183 1.9588147 56.48896 1.6280668 1.9118744409225212 
Car -1 -1 0 397.15568745372894 171.05984100745786 506.3767310348299 212.4741652654983 1.6949062 1.598855 4.25268 -6.5755005 1.621479 30.352575 -0.011207767 0.6954787426292744 

