Car -1 -1 0 715.7400964708038 184.85633584237834 865.4877231784629 282.30139562283136 1.3763225 1.5862671 4.262815 3.0035784 1.625572 12.850332 1.5679415 99.01735501352356 
Car -1 -1 0 523.4323693904939 176.772200268201 570.5939133361662 217.98861547319407 1.4581006 1.5665972 3.647352 -2.3423066 1.6185863 27.714407 1.5506049 58.291856932093516 
Car -1 -1 0 652.690910548463 170.6310215769746 705.0970333365036 212.65375454354245 1.7094204 1.6507673 4.1066475 2.9496589 1.6189929 31.451252 1.5092516 71.55379750726424 
Car -1 -1 0 440.13942390346193 175.51985622643798 527.3861892066357 205.43180282489547 1.3923429 1.6141444 3.9671254 -5.988188 1.523795 34.66398 -0.05492635 69.09860208518828 
Car -1 -1 0 0.0 181.80505013386048 370.39648230552274 304.1151913254465 1.5248072 1.6430463 4.2511444 -5.7112164 1.6595063 9.990123 0.021903628 96.81424581153371 
Car -1 -1 0 286.6778324990465 173.37383896214706 456.72943407878 234.8586333813786 1.5249965 1.6655793 3.9901638 -6.1285257 1.5394208 18.967567 -0.113601655 45.49130728794073 
Car -1 -1 0 152.3669220181247 182.10997946538765 405.69731021680474 273.93645936410707 1.4851673 1.5582865 3.7644734 -5.7048616 1.6594663 12.716354 0.04927164 77.84691846275938 
Car -1 -1 0 218.15358439898986 179.79937248551198 420.1025546374592 249.49862778090176 1.4890667 1.609461 4.0098386 -6.585342 1.6580157 16.58019 0.084730126 2.9149413149501533 
Car -1 -1 0 500.4302398181195 175.55787728783713 530.6213323894704 202.7912849260138 1.4412415 1.6051261 3.9063547 -5.2658534 1.6010859 40.62191 1.454505 0.3613661229610443 
Car -1 -1 0 0.0 154.2220746366976 120.44151502032831 204.54905353002036 1.5533662 1.5097102 3.699911 -18.051777 0.9782828 23.29905 0.15327232 0.5648772864582395 
Car -1 -1 0 632.2289621350586 174.01226757523884 652.4115933697087 191.19322865886164 1.4980111 1.6008465 3.981832 2.9317276 1.605852 65.17991 1.5601405 0.6340014183203151 

