Car -1 -1 0 682.606864648098 182.32235215630985 758.1521649330413 241.97705472114777 1.416472 1.5662367 3.42487 2.8903904 1.6938081 19.4076 1.5896099 76.5269780708604 
Car -1 -1 0 736.1402014358239 173.21917731642546 864.7444266879024 223.9916154658446 1.6584247 1.6732687 3.9762683 6.406163 1.6713264 24.53703 0.06037499 62.731465225423904 
Car -1 -1 0 194.74854625726027 186.11436741773667 420.5933693835218 261.52205988520456 1.4361055 1.5842472 3.9986491 -6.1100464 1.7250705 14.880637 0.025502695 91.6404105562967 
Car -1 -1 0 268.17471319906707 182.14378975378833 460.2756679941139 249.5024616777777 1.4917784 1.5919402 3.9934278 -5.6956863 1.7220261 17.046902 0.020352867 85.33961361632538 
Car -1 -1 0 329.4788632302667 179.12820067960914 485.21478289093426 232.21460802212954 1.5212843 1.6413574 4.250117 -6.0757146 1.7206564 21.921402 0.08911487 36.18565797299412 
Car -1 -1 0 375.3629885438344 180.00121071153214 498.59183458131685 221.31777635645537 1.4672685 1.6086357 4.17446 -6.3396654 1.740946 26.774162 0.024220832 15.210259259752918 
Car -1 -1 0 344.06403633542925 178.67940305850638 469.11845281302357 227.66963902448967 1.5719903 1.6337517 3.8296762 -6.7697635 1.7766654 24.368717 -0.088262744 10.011568271470965 
Car -1 -1 0 0.0 160.9941638593463 266.0469548001504 311.4356457618017 1.7740934 1.6668448 3.710459 -6.7364254 1.6342353 9.419153 -0.04187732 43.245819429586916 
Car -1 -1 0 302.3276383076232 178.9259515796378 458.85470420048824 240.77584516627635 1.5835749 1.5702419 3.717093 -6.0998917 1.7544785 19.473314 0.027205199 16.400148549859722 
Car -1 -1 0 45.032257161352995 182.59601913535442 328.6242178079703 277.8648660245195 1.4781289 1.5823432 3.849201 -6.9681373 1.6532071 12.163197 -0.006614005 9.03598922920849 
Car -1 -1 0 680.3704966175206 179.03837426624563 753.9125527862411 208.79221872398378 1.5013251 1.5497632 3.5401704 5.5909176 1.8324367 37.71066 -0.08391221 3.779473294154805 
Car -1 -1 0 680.6355889990932 172.87774018251665 754.8714438340714 205.3785128579046 1.7562902 1.6462798 3.7897744 5.9594264 1.7576373 39.9702 -0.08333844 4.344375169624842 
Car -1 -1 0 425.27108242151314 166.91474923033098 515.6764985704415 204.2169821482347 1.8296947 1.6478593 4.224864 -6.9306264 1.5383711 36.224968 -0.0043692975 2.2990434150688266 
Car -1 -1 0 400.67339335039446 178.3953441579472 504.79405751194275 217.52501246567624 1.5230801 1.6239822 3.8281765 -6.3248987 1.7556252 29.318504 0.079366356 4.219584298374776 
Car -1 -1 0 426.61637925811766 176.8107366019303 514.3085572115921 212.82006115291804 1.6205835 1.6195794 3.829015 -6.420392 1.8098515 33.594482 -0.058238667 0.8783842644585521 

