Car -1 -1 0 0.0 192.06561423576656 199.67537061246372 301.6656915682112 1.4206128 1.5923088 3.8168826 -8.382021 1.5480824 11.466791 1.5731919 86.6948710232818 
Car -1 -1 0 380.20763690247225 183.7818886807968 495.7595387591534 259.0315135745528 1.4678526 1.6198119 3.6960633 -3.5920403 1.4398841 15.885692 1.59016 97.74423339723927 
Car -1 -1 0 208.87187301145414 173.98966085845612 349.2857742929847 250.50829944699126 1.6560383 1.632092 3.841077 -7.7945857 1.4130812 17.48615 1.5806209 117.56140079269652 
Car -1 -1 0 490.11324265801346 179.36579215419715 545.7424342864059 220.40652384239198 1.493817 1.6647922 4.2398043 -3.4303608 1.2808897 28.2856 1.5702077 65.63266115723678 
Car -1 -1 0 578.0117633128666 177.81850815198098 618.4466803810277 214.83081948980004 1.5301623 1.6732268 3.360044 -0.42119253 1.2243478 31.423586 1.5404243 23.00855093105622 
Car -1 -1 0 337.99614157140513 182.66993018708288 414.23261805383197 229.27425248561192 1.4587576 1.5941987 3.6913865 -7.7402534 1.3790728 24.390705 1.5112498 18.31620848096394 
Car -1 -1 0 68.84170590977304 187.64353403117838 220.6544988756721 245.5368904704872 1.3756586 1.5854702 3.9632416 -12.171698 1.447422 19.248749 1.5474057 40.22622564190472 
Car -1 -1 0 456.5297753962211 179.07128431682182 495.465355886885 205.5213512647683 1.5035236 1.5802481 3.743636 -7.751029 1.1542515 42.746048 1.5858579 12.277718143734893 
Car -1 -1 0 410.6282481805288 183.62351755942422 461.11910960245604 218.0687494608093 1.4467705 1.5091916 3.6334522 -7.5704293 1.3798957 32.03727 1.5331511 0.25332263112068176 

