Car -1 -1 0 733.2807066724303 181.43021596307997 827.932585970947 251.0232940373427 1.489269 1.6194553 3.810064 4.107298 1.7247076 17.863926 1.6221695 58.68436279673961 
Car -1 -1 0 865.160710962824 195.30520787341857 1242.0 375.0 1.4470747 1.5955441 3.8747895 3.9138722 1.723679 6.9388747 1.5877562 79.11367245182491 
Car -1 -1 0 768.8837444061116 179.4234426550108 931.9071813638095 284.998011995503 1.5607206 1.5759954 3.472893 4.0319886 1.692049 12.655411 1.5277898 97.78317939601898 
Car -1 -1 0 431.64836312642177 184.9476716529797 513.2688841292636 238.46379623614123 1.4784524 1.6512897 3.8851871 -4.2279987 1.8941238 22.81521 1.625396 71.74815198848025 
Car -1 -1 0 554.4129188817077 178.3400711940768 584.3543417468235 202.11755550985757 1.5543997 1.5981069 3.6931856 -2.7442312 1.9486358 49.94863 1.6469432 17.751183569115334 
Car -1 -1 0 480.4971468565332 182.26212212678104 537.2329627660966 223.23351401592484 1.4657505 1.5145917 3.814703 -3.925951 1.8647971 28.655918 1.6290492 20.273622898609478 
Car -1 -1 0 711.9619528949758 179.07954233190867 777.2507832819193 229.76773742057492 1.4803427 1.5760404 3.6307485 4.2910023 1.6979377 23.3726 1.6124041 25.392348527816235 
Car -1 -1 0 692.1235991017311 178.98669497859314 748.6468634806638 220.5401964809017 1.5027999 1.5859663 3.8882055 4.3217244 1.7627652 28.629185 1.554376 17.791047753306106 
Car -1 -1 0 504.1586231816742 182.2815567337504 551.4475493569284 215.76455329728526 1.4288089 1.5385358 3.612034 -3.7611828 1.8934062 33.697716 1.6484182 6.4068545601284015 
Car -1 -1 0 685.6682246789749 178.56994118483172 722.1197323718873 208.26420359119533 1.5157046 1.5756323 3.5096245 5.090442 1.8408434 39.27658 1.5859408 8.07221037428746 

