Car -1 -1 0 675.8248246625019 181.68313643114425 750.8222441524407 238.48808782704677 1.441046 1.604422 3.5825207 2.8785102 1.7158651 20.66098 1.5624499 79.39855888224614 
Car -1 -1 0 755.7674139967044 184.49888853117858 1017.6518783927247 359.9970631665686 1.571105 1.6465341 3.7957296 2.9660618 1.7408785 8.6157465 1.5636269 130.23141414333378 
Car -1 -1 0 275.6696517160932 176.51573112600374 452.8363908650876 237.08565801870336 1.5218214 1.6605375 4.144093 -6.4428525 1.62414 19.203146 0.062757626 92.84676887930807 
Car -1 -1 0 652.6783812349144 175.28521087709044 695.7571749796806 215.19631408681258 1.6272054 1.635903 3.7646854 2.7705932 1.7399249 31.551216 1.5953779 31.110263252456956 
Car -1 -1 0 60.072451744926994 171.80099792327084 363.5523275526543 283.1832657621927 1.6443448 1.6575109 3.9582248 -6.199932 1.6287992 11.540279 0.030213343 88.65891346636516 
Car -1 -1 0 0.0 176.7121991039642 292.03262287657117 317.2200433749793 1.5516925 1.6480274 4.0905156 -6.339697 1.6045425 8.951585 0.053459574 27.521471811125316 
Car -1 -1 0 347.8300037572705 168.9114006267724 485.28880374215515 223.90467339625437 1.7740506 1.7182035 4.1350355 -6.3884215 1.6468645 24.175083 0.01923116 29.059125470804446 
Car -1 -1 0 141.1273039277639 174.55738143768056 369.5692996764379 257.56496216465985 1.543676 1.570915 3.756891 -6.89215 1.5793383 14.279258 0.022229819 3.5707320111161875 
Car -1 -1 0 418.3652843027687 175.32050209349651 513.7441656216442 211.8615092624802 1.5541867 1.6532661 3.913418 -6.2505884 1.6658117 31.733717 -0.048497807 3.5207117834015635 
Car -1 -1 0 637.1517768467338 175.22638679204334 667.5761729567583 201.87290816276368 1.6537743 1.6267755 3.77875 2.7514405 1.8147457 47.040245 1.5344582 2.7589557860438347 
Car -1 -1 0 396.75501742382426 178.24919601918836 505.72504877250594 217.6259736268739 1.5262039 1.5948038 4.0174856 -6.3268614 1.750205 29.08165 0.03926103 1.2045808125468405 

