Car -1 -1 0 750.3421649996093 181.94856160695943 877.5766820010573 267.77138427581644 1.4637728 1.6278858 3.8956523 3.991047 1.6740513 14.704321 1.6105148 96.91598997920718 
Car -1 -1 0 394.82165496391906 184.66021276131343 490.48504776511294 248.545880262008 1.5042996 1.6673691 3.8498304 -4.4165688 1.8573582 19.6413 1.5841953 88.56439982244203 
Car -1 -1 0 804.9347009467564 180.30792582182593 1052.1317508244226 329.1512716688094 1.563804 1.5912997 3.5359044 3.9307535 1.6811978 9.56242 1.5267619 106.99206912422024 
Car -1 -1 0 720.1187755480076 179.25069216091018 801.5983437450506 237.62539225411308 1.4523392 1.6227884 3.7869675 4.1469684 1.6492865 20.294024 1.606671 42.45335632578811 
Car -1 -1 0 695.0852556321987 178.64905540161251 762.3757042325946 225.49613608541912 1.4840147 1.5759189 4.051999 4.104472 1.7046125 25.415342 1.5374762 34.966831907127904 
Car -1 -1 0 545.1869616351884 177.9476137549724 577.63380000043 202.51722728506024 1.5027535 1.5850598 3.781046 -3.0874696 1.8474436 46.882523 1.6459851 9.549276880716082 
Car -1 -1 0 486.6475117029399 181.75942815548495 541.6628739953717 218.71184861103248 1.4125988 1.5580806 4.0718102 -3.979346 1.8167905 30.667158 1.6344934 19.991779582738438 
Car -1 -1 0 459.2260262550112 182.30980894866823 524.9531142055654 229.71991947592892 1.4910245 1.5369174 3.892175 -4.0573006 1.8505294 25.456383 1.6120397 19.293665860082445 
Car -1 -1 0 683.0842234219557 178.03001645384055 724.3772148651552 209.35726481437567 1.4660504 1.5618048 3.5657647 4.6675425 1.738243 36.15126 1.5583409 5.631948158144379 
Car -1 -1 0 954.8828306443957 172.38114842046102 1055.8222251083823 205.7253160134167 1.5690575 1.6712936 3.947336 19.038082 1.5468066 34.81691 0.014369964 0.3035718500614166 

