Car -1 -1 0 678.0567719699617 186.0675631618405 776.505407529089 252.3956232112788 1.4361721 1.5478828 3.3721511 2.845043 1.7999845 18.097149 1.4462914 108.29036822799824 
Car -1 -1 0 646.6688556312105 183.62799806199817 701.7749030239069 225.8080378952372 1.443507 1.5858934 4.0645285 2.4164567 1.8896716 27.813974 1.5258963 51.17650217758802 
Car -1 -1 0 152.14229969740907 193.02709953660914 400.09543601259577 272.8813279787423 1.4144042 1.6041219 4.0755024 -6.339328 1.8289614 14.010323 0.00748024 106.24902922244911 
Car -1 -1 0 0.0 194.21083625238 253.28670761409384 323.1565531167364 1.4594951 1.5587206 3.6354408 -6.748413 1.7551033 9.20629 -0.0007899465 53.267506054577254 
Car -1 -1 0 222.3289599122307 190.4177024056717 414.18186722974116 260.49746061667844 1.4738129 1.5489604 3.7214882 -6.4984236 1.8908114 16.34859 0.004155589 32.57878545037673 
Car -1 -1 0 297.64703519974245 187.54323474104632 456.0531913958789 241.41734504814127 1.4606379 1.619185 4.0782886 -6.6978025 1.9071183 21.000538 0.06012595 36.12456965190331 
Car -1 -1 0 336.1015454787371 186.30631086196453 466.63724148140193 234.50618436140692 1.480886 1.5840762 3.7896535 -6.6891813 1.9330754 23.43872 -0.012277347 14.613020531295598 
Car -1 -1 0 413.6085951298989 185.5130438615166 517.3661951361663 221.2013153105156 1.4777975 1.6489046 4.1591597 -6.2585807 2.0492601 31.577694 0.08320506 15.463637888319267 
Car -1 -1 0 359.1804198410365 182.8453108059458 478.1666234875775 230.3452783800026 1.5954907 1.5406815 3.7908683 -6.7475967 1.9648714 25.667648 0.1289883 10.408271657552891 
Car -1 -1 0 262.3817350786761 189.33269494086986 431.18809184215064 249.15445906101962 1.4363217 1.5549726 3.8046253 -6.729825 1.8834335 18.694016 0.05628277 18.380341343703588 
Car -1 -1 0 639.7840134480697 181.38909407693401 676.957501463341 211.38369842885504 1.4790673 1.5691372 4.134552 2.576992 1.9636378 38.868584 1.5323012 5.5680314606831995 
Car -1 -1 0 438.64579490665926 176.08291527441722 515.5509633366114 210.4494579490608 1.6814876 1.6450452 3.686512 -6.6429367 1.8490903 36.470406 -0.08859152 0.6046427956421597 
Car -1 -1 0 519.1279526811632 181.1277629355244 546.4408845060849 204.8931780306815 1.4852196 1.5982746 3.8214347 -5.1124563 2.0624547 48.39349 1.5239966 0.32014593482017517 

