Car -1 -1 0 364.2785811928752 194.10739127173534 491.2730512573948 268.9785984703802 1.3993644 1.590786 3.8333359 -4.2967296 1.9499334 16.664087 0.9623745 128.44720291459308 
Car -1 -1 0 859.5216796183201 170.9319642580766 989.7605368485663 239.60235082456288 1.4065148 1.766185 4.3816423 7.2504277 1.3671473 17.0789 1.7246615 69.03750053687166 
Car -1 -1 0 770.0827951544238 169.97590335068114 847.7236919691242 231.38524483721477 1.4206231 1.5690174 3.450964 5.0188656 1.354042 18.522633 1.7356273 73.52713839028628 
Car -1 -1 0 255.08588758914487 186.4889420064167 313.5370691333889 228.25482377012042 1.4895806 1.608437 3.9361575 -13.20838 2.0807452 29.191477 1.0035119 34.994331612282025 
Car -1 -1 0 29.647154206788485 191.10821577337566 77.46679682575763 224.866919060505 1.556526 1.672747 3.7697763 -28.834194 2.5569146 37.506393 0.99433684 25.94836424736373 
Car -1 -1 0 233.4932789855026 184.42498804225764 284.10496595953975 220.3649447034949 1.5212166 1.5860176 4.157899 -16.62347 2.102871 34.103165 0.9781295 15.329573208205733 
Car -1 -1 0 436.09295375636407 176.59068933236375 524.2499860257182 212.3332749424243 1.5708315 1.6302677 3.652691 -5.861017 1.7463229 32.901527 0.09522186 44.2684036515349 
Car -1 -1 0 955.6900221923257 165.64626990324558 1140.5427996247886 228.2582878362704 1.4835044 1.62264 3.8847377 11.497497 1.3127272 19.174828 1.0177794 13.53003120935639 
Car -1 -1 0 501.55887488802676 156.65231144975084 787.6007011217781 331.93631695263275 1.9563608 1.7881179 4.551917 0.22865325 1.7755322 10.444364 0.9858396 46.30047154916078 
Car -1 -1 0 372.62164274600246 181.1319405522422 456.883304667811 213.37381210232982 1.6417463 1.6304626 4.002434 -10.211077 2.0872626 38.000465 -0.008645776 4.109343181143977 

