Car -1 -1 0 693.1604113460597 181.771529917995 801.2546093878591 259.5344754448855 1.4256303 1.5385032 3.5006952 2.8104153 1.6379998 15.409097 1.538594 43.36254025617197 
Car -1 -1 0 648.4236580729959 175.5340051489528 689.9280083398878 209.8913970450213 1.4601598 1.6019287 3.788183 2.6604452 1.5892684 32.86052 1.577546 27.224884441820283 
Car -1 -1 0 726.7055838105235 163.9151788041048 954.8397249798549 328.66773570344105 1.7605321 1.6892538 4.1806197 2.8184576 1.6650126 9.817763 1.5499383 101.83330725432141 
Car -1 -1 0 669.5457413727399 176.7274795582822 750.9874428698332 235.00060529473177 1.501894 1.6431667 3.9686708 2.8048062 1.6248343 20.882816 1.5274402 50.2638751974629 
Car -1 -1 0 0.0 189.17620406128734 301.5917295611912 315.34748196918287 1.4387447 1.5605941 3.8388035 -6.2478123 1.6716782 9.380919 0.07187409 48.815705314895425 
Car -1 -1 0 164.21946446447615 177.0210464385347 389.4230964768973 264.9855320029155 1.6162777 1.6090748 3.6924896 -6.4170804 1.7033632 14.209609 -0.035490803 47.66179287612901 
Car -1 -1 0 57.43740934807636 183.0251336188574 344.39295465307464 278.8865058589302 1.4742931 1.6050743 3.8952377 -6.6807413 1.6559093 12.076033 0.0026934312 32.822261649604926 
Car -1 -1 0 344.3742211617171 171.65650500418099 477.16563709281445 224.6076951966537 1.6614394 1.6757282 3.8525891 -6.415564 1.6238657 23.543686 0.034671236 29.362312591393014 
Car -1 -1 0 393.7089603437281 174.64629441028003 507.35801695599076 210.58178163744188 1.5034102 1.689431 4.5207286 -6.855851 1.5838389 31.334772 0.08983937 14.476250135965085 
Car -1 -1 0 226.8472695339812 169.37273227066078 439.50330629486115 248.3126382091993 1.7266263 1.6718245 4.2580523 -6.242809 1.6504816 16.62016 -0.0010770822 23.903347799981017 
Car -1 -1 0 302.87609714754296 177.3980409814825 460.6907934041646 231.12159132780232 1.4752947 1.5991926 4.061488 -6.536082 1.6130847 20.927238 0.07633238 1.2764628285235722 
Car -1 -1 0 441.3222138274183 171.31813941340585 520.2560464084501 204.6521075982103 1.6237514 1.6224556 3.6512456 -6.374356 1.548937 35.969383 -0.0059721232 0.6272068705383135 
Car -1 -1 0 637.6366411542381 173.95366977591698 665.369478153771 200.53712825318678 1.5330874 1.5721513 3.6431422 2.4995685 1.6023605 43.608624 1.6009245 0.5142255317472515 

