Car -1 -1 0 761.2136114176274 161.30859401234744 1055.5478334686873 264.4792954025568 1.4451623 1.6388803 3.8983617 4.4983315 1.2834401 11.14971 -0.117764816 120.59253273201924 
Car -1 -1 0 679.030512045145 153.390768579101 811.5334819724322 204.15669860403554 1.473401 1.5895853 3.6540706 4.0692706 0.9085113 21.924885 -0.10585973 78.33303394143577 
Car -1 -1 0 270.5506676828418 147.54031046143675 423.51530866698835 199.70173536272634 1.5708933 1.6802284 4.233101 -8.164499 0.8085462 22.73143 -0.077569276 60.63639773023168 
Car -1 -1 0 0.0 136.2018243377741 294.29131933381854 247.08502563040238 1.7240553 1.6679925 4.1476574 -7.7895203 1.1541729 12.259362 -0.10189215 129.56305565835572 
Car -1 -1 0 96.74652872565686 152.78075301284377 340.34329188431497 231.65285857983113 1.509278 1.6312847 4.0762815 -7.8460655 1.125161 14.78196 -0.07942665 45.69686632674303 
Car -1 -1 0 174.08778996494343 149.87819897989047 375.8218726970893 215.46688810660228 1.5253239 1.6091204 4.185134 -8.0618515 0.9910009 17.61715 0.015617643 32.70374310625107 
Car -1 -1 0 464.7375902528121 147.4768327312804 494.98302339481546 168.13335989814803 1.6446419 1.637765 3.7425904 -10.890167 -0.40868497 60.42386 1.1491017 7.2280863787587855 
Car -1 -1 0 661.3215721911424 152.53440292149284 783.2046557697505 199.12098410161485 1.5004656 1.6151173 3.7517323 3.742597 0.84600973 24.269924 -0.12240535 9.636293832950381 
Car -1 -1 0 247.80456921832908 140.55978037463169 279.1147733502347 163.49849021326978 1.4473006 1.6272774 3.934214 -23.644184 -0.667974 49.388916 1.2024615 0.5952280187798854 

