Car -1 -1 0 144.6633247574588 192.14950461202045 427.32702110236164 350.9531060226994 1.4292643 1.7585379 4.476038 -3.730945 1.7387766 9.309141 1.5390644 116.02099734257598 
Car -1 -1 0 643.6125163794707 177.37819558009056 689.6257872212401 214.5245485487659 1.4604433 1.5911493 3.810222 2.3718932 1.6653221 30.75525 1.5520227 59.11010245069809 
Car -1 -1 0 0.0 207.06185051624234 226.43087243427925 362.06361532353964 1.3758116 1.5901301 3.940647 -6.7295885 1.9093748 9.267794 1.5498744 105.88280610117394 
Car -1 -1 0 383.7979580515289 187.64941325416618 485.04823118592066 259.7436504577193 1.4382461 1.5436993 3.445262 -3.964003 1.8187766 16.830418 1.5648776 85.4398904556046 
Car -1 -1 0 773.6485711803615 162.98604804486777 927.3840168882759 215.66411121134846 1.6600475 1.7364902 4.496249 7.8855247 1.3490779 23.819317 -0.09679462 49.07181572384245 
Car -1 -1 0 444.9210378396335 179.4375402150673 494.8316636590417 217.34398630374437 1.703231 1.6417849 4.006241 -6.730309 2.0420065 35.12305 1.5741066 18.288546844069028 
Car -1 -1 0 758.9568109154178 159.86728295765545 871.806556711787 206.45271445851432 1.6783471 1.632332 3.7363925 7.5880356 1.2104707 26.829678 0.009902189 20.57781383236113 
Car -1 -1 0 727.632878750263 165.77835392999546 827.8912217970991 200.23790835753266 1.539448 1.6710148 4.2039957 7.6534705 1.22335 33.077614 -0.0038520508 14.536823947608475 
Car -1 -1 0 931.0388059344364 153.27583637641317 1005.1504477033374 179.93442361646783 1.5511408 1.6431257 3.6253405 21.310936 0.4119771 42.956028 -0.08532996 2.4749196600675036 
Car -1 -1 0 355.13570969519526 187.80749045715052 448.2619164048761 237.05154783068585 1.399504 1.5942858 4.152871 -6.7670774 1.9398879 23.938866 1.654506 3.306797031272936 
Car -1 -1 0 961.724372469696 151.61859542276284 1044.0073615159974 180.33468873739196 1.5372038 1.6476064 3.798731 21.661121 0.40044922 39.78613 -0.18634157 1.6690802041726251 

