Car -1 -1 0 0.0 185.76611916410005 243.5157445288319 303.8381936266056 1.5378238 1.6117513 3.925066 -7.537776 1.5480123 11.343624 1.5709063 122.68883881096501 
Car -1 -1 0 562.9059431149673 179.77839038078307 618.2068574453945 231.9431784076964 1.5745616 1.6694494 3.3164053 -0.5139347 1.4104398 23.362354 1.56364 36.3505659889115 
Car -1 -1 0 279.5585267521018 180.59882083044423 478.8665411920014 308.9007978020767 1.5696771 1.6636097 4.0858235 -3.1590178 1.5131931 10.84878 1.5845058 117.03439135616495 
Car -1 -1 0 273.1271571867878 184.4795196294662 341.87269332229505 221.04770361659416 1.4380078 1.5945629 3.4228077 -12.431518 1.4090583 30.019629 1.5176737 33.436298175443156 
Car -1 -1 0 476.60320182172194 183.35047782342698 539.8198205885699 230.16501433997385 1.4463866 1.6805922 4.02918 -3.249002 1.3887585 24.246347 1.5438479 32.881467299094865 
Car -1 -1 0 420.48141812761054 181.9126994453275 467.55949731682114 212.9069731511756 1.4784708 1.6054171 3.7895505 -8.155721 1.3209131 36.206436 1.5434905 31.679247281605015 
Car -1 -1 0 82.17518532357606 190.70937782653164 230.21420106084022 248.3931596802313 1.3855351 1.6048533 3.9707623 -12.119644 1.5509466 19.645782 1.5540357 17.08060039096243 
Car -1 -1 0 465.61820161914875 179.62546909099294 495.7871506246919 203.2075843957507 1.5622083 1.5604894 3.5333781 -8.657026 1.191881 49.412376 1.5378635 6.920394767916517 
Car -1 -1 0 314.49803548223485 182.0815876124372 406.7615193252326 236.72702570447473 1.6103603 1.589324 3.615005 -7.7830687 1.5180004 23.023262 1.6125698 5.386845218971186 
Car -1 -1 0 509.84364283960565 182.67903084054993 548.4156258769333 212.01023593266768 1.4475198 1.6045864 3.4704485 -3.9948714 1.3223331 37.215115 1.575479 4.845040036224737 
Car -1 -1 0 386.825295652145 179.21786336048166 421.5014407341043 203.6177219442785 1.470696 1.6083958 4.104082 -12.792633 1.1091778 45.47773 1.4214733 0.26179391145706177 

