Car -1 -1 0 686.770807938543 186.14656241004914 777.7463437275316 249.73990431854767 1.3723478 1.5285758 3.4108348 2.9002428 1.3969585 17.2844 1.5498333 81.8369967670566 
Car -1 -1 0 443.19439275424656 180.3620792820299 507.9778977266402 228.23353413785813 1.4957407 1.5634191 3.5319257 -4.356636 1.3440896 24.232803 1.5627553 77.68827759213205 
Car -1 -1 0 149.20329759453466 186.24052713690924 313.348308772524 257.75754066678246 1.370342 1.5800331 3.8125095 -8.01428 1.3955076 15.740481 1.577681 76.35625986887308 
Car -1 -1 0 292.3511379513444 184.13465754126238 464.18323379387596 289.2551779252359 1.4919966 1.6417096 4.0679274 -3.6543522 1.4766532 12.239481 1.5675555 94.93566947541476 
Car -1 -1 0 630.7757552306723 178.56885449113014 664.631574047831 203.67250520096206 1.4528005 1.6128712 3.894067 2.4120057 1.0681338 43.592834 1.5118792 18.3648631227368 
Car -1 -1 0 501.2152222687123 178.8329689284387 538.827927583552 208.27134294400938 1.4396243 1.569979 3.6081958 -4.4360514 1.1274898 36.974537 1.5495962 21.10367219185359 
Car -1 -1 0 584.8271105137858 177.3300941735662 614.1442812006821 203.21540193579173 1.4999125 1.6134343 3.8552778 -0.5060506 1.0429847 43.6222 1.5167377 14.448305539350716 
Car -1 -1 0 395.5297811790105 172.87774155912328 451.4539977056836 208.622884143383 1.6115186 1.663003 4.012848 -8.717127 1.0552795 34.417538 1.5677563 23.185325402531557 
Car -1 -1 0 299.1794461960972 182.84205695962538 393.3105306329606 231.4291591743372 1.4734365 1.5386444 3.976482 -8.517914 1.4014542 23.817709 1.6115264 2.569367862250381 
Car -1 -1 0 574.0516680942216 177.85300199364727 597.6627981358532 199.0589778689998 1.4683715 1.5575768 3.8307993 -1.5029917 0.9585542 51.696815 1.5778701 0.29573607444763184 

