Car -1 -1 0 677.0039505236191 171.28399537551198 787.5405642971368 260.6501826770408 1.8135583 1.6943159 4.3170967 2.699775 1.7816973 16.831488 1.5331333 129.8949162120663 
Car -1 -1 0 35.87462512695697 182.44785493493623 338.07779417411786 284.90750662921107 1.4940618 1.6037028 3.9044538 -6.5912886 1.6585478 11.525239 0.022451852 72.49607458561712 
Car -1 -1 0 145.65639367210662 185.45697029546983 404.9901752045916 269.327876496962 1.491982 1.6406798 4.2512093 -6.3103533 1.7500556 13.931959 0.010738995 50.42205001019134 
Car -1 -1 0 636.5155966743199 178.70492714134093 671.7115352660362 206.75853468181475 1.4463152 1.5337287 3.3041356 2.406363 1.7812059 39.60274 1.5092773 16.8013634259001 
Car -1 -1 0 224.72175390121834 184.57316332646133 423.93038374040026 252.702784959851 1.4213793 1.5703257 3.9052174 -6.374237 1.7022408 16.337172 0.08878713 42.074037061214824 
Car -1 -1 0 650.0762342582614 178.53634828135492 704.589382227857 221.41704512829625 1.5156319 1.6037605 3.773035 2.5535665 1.7507045 27.930397 1.5283294 26.072520816764026 
Car -1 -1 0 404.93218179557505 174.38840317394948 503.97804186815677 213.33773343360525 1.5864606 1.6435386 3.7643366 -6.5243564 1.653645 30.532827 0.13070385 15.2234392327479 
Car -1 -1 0 309.11779966077825 177.25387319671626 453.23885111117323 236.86706050848966 1.6535454 1.6302207 3.7226353 -6.5760026 1.7875816 21.06491 -0.054768592 28.480589986624988 
Car -1 -1 0 268.5894998155054 180.54736215059953 432.7588357868106 241.0693992811673 1.5023041 1.5854136 3.7346692 -6.7004004 1.7126529 18.921663 0.007314333 15.23008668240489 
Car -1 -1 0 463.3876139973885 173.4441272454304 529.7282153278538 201.64477189779493 1.6347417 1.6708575 3.766031 -6.6641684 1.6705699 42.836838 -0.0726869 3.166488011111808 
Car -1 -1 0 663.8779870000462 182.32859246594995 733.1406493957325 234.26435170575007 1.4389338 1.5817006 3.5088892 2.682508 1.756911 22.429152 1.5283601 4.354279163444759 
Car -1 -1 0 325.5714073386711 166.6000481018515 470.1332465559194 224.65789984314165 1.8152585 1.6594106 4.205476 -6.782556 1.61972 23.404675 -0.0071918927 6.585930889215442 
Car -1 -1 0 673.273997012752 170.4533150357074 718.5838593984415 185.0771418591336 1.420054 1.6319449 4.382783 8.476264 1.1869339 71.07191 0.088578016 3.531175187413924 
Car -1 -1 0 438.1405806871846 176.6785126774626 523.2775215318343 206.89126409260317 1.5469737 1.6710064 4.152548 -6.7739315 1.7544053 38.16253 0.066599645 1.2703535418846845 

