Car -1 -1 0 700.2657112331293 187.0636746526331 802.3791298266203 264.8579952485279 1.4113169 1.550911 3.4876735 2.9183044 1.7508304 15.485308 1.5847517 69.36080475586806 
Car -1 -1 0 763.8224081847122 178.840340692341 917.3656444900113 236.71815123440823 1.5578687 1.6443021 3.893556 6.4877596 1.7365954 20.581066 0.07249281 85.19800815136485 
Car -1 -1 0 31.47082498174676 192.4363639286361 361.73304372752887 297.5529231977623 1.4290539 1.5817838 4.0864515 -6.0594654 1.7465211 10.901642 0.0024295675 108.21014016448635 
Car -1 -1 0 264.44724081937653 181.28067647992378 459.1507817686247 247.68793326722863 1.5429497 1.6472718 4.2846394 -6.081691 1.7641944 17.97714 0.06787529 64.643617157081 
Car -1 -1 0 334.02968489415474 182.94137202686227 479.3745358565524 232.09338925931527 1.468858 1.6156404 4.132536 -6.3568716 1.801291 22.859165 0.05460068 22.489826468310355 
Car -1 -1 0 629.2725558538407 179.76176775403638 667.7175299856381 203.9199395890448 1.5414302 1.6485176 4.050254 2.618358 2.0351324 49.418377 1.3661573 8.365107530547792 
Car -1 -1 0 155.14368970200277 183.89766002558926 416.17796587127066 275.2374371330326 1.5253433 1.5843432 4.023243 -5.732032 1.7380977 13.074698 0.016681574 79.30918258905773 
Car -1 -1 0 291.4622420357679 180.9608397666121 443.3206479864611 239.7831419916047 1.571681 1.6088816 3.7787967 -6.759178 1.8111451 20.419218 -0.04787973 12.08985512097152 
Car -1 -1 0 222.96391427325847 180.98374941948126 425.474750315088 261.75062908876384 1.6152372 1.5733402 3.771123 -6.086878 1.8020067 15.601235 0.10228129 24.659241835028528 
Car -1 -1 0 690.2501874183037 183.34333570927188 776.0783262810742 215.91888709944348 1.4580274 1.5641919 3.6908062 5.761388 1.9637628 33.8453 -0.08904842 12.813625186477317 
Car -1 -1 0 397.114794164133 177.12190984939897 502.0087197696616 217.95020872925136 1.6319859 1.6359625 3.9997075 -6.5640297 1.8138571 29.884514 -0.02254853 8.627441801585219 
Car -1 -1 0 691.8268576841821 176.9229081778554 773.1689862946707 212.9285791503934 1.7366798 1.6562347 3.7124963 6.0892577 1.944893 35.969975 -0.06804896 4.470014964219877 
Car -1 -1 0 374.9107447382859 182.18246135914796 492.7251599183178 226.44624078797182 1.4814408 1.6016213 3.7323534 -6.1203504 1.8206668 25.37548 0.03356149 9.254410098622373 
Car -1 -1 0 707.1851169471495 183.17038752979383 802.5702937671778 219.73685768693846 1.4965293 1.5627404 3.7309606 6.188455 1.9518486 30.942429 -0.06618542 3.294804515639624 
Car -1 -1 0 486.2413882456968 181.33194938055706 551.2325848624638 206.99191875595218 1.5934918 1.6329552 3.9112349 -5.8017073 2.148895 46.344006 0.056201324 1.8422746270415797 
Car -1 -1 0 405.92779977991535 168.64169966871103 506.44202097088726 209.32685980418077 1.7740963 1.6071213 4.1480627 -6.8102913 1.5904167 32.293056 0.012805121 0.9616263227465469 
Car -1 -1 0 668.0734824668019 178.88115718121995 698.7751973114324 198.7435928298906 1.5349798 1.60514 3.8511522 6.002759 2.044777 59.00882 1.425879 0.7862242279826036 

