Car -1 -1 0 681.8450126890588 181.17830434782732 762.3433672134637 244.31059183541333 1.4672616 1.5955479 3.937706 2.8954265 1.7124738 19.27322 1.5868433 118.28380404737356 
Car -1 -1 0 140.35322117358746 197.82311093916536 337.36424947058623 303.70398843312984 1.4504243 1.5898876 3.6598806 -6.2173715 1.9497486 12.590229 1.5594338 108.75036945948037 
Car -1 -1 0 806.7100929072811 162.5851772321025 984.0650174172278 216.5222135671686 1.5305495 1.7101867 4.596825 8.39241 1.2391552 21.421902 -0.040351637 93.75957569678394 
Car -1 -1 0 342.7838113537841 191.23244881708834 437.87579250185814 250.42864590466257 1.4339846 1.6017194 4.171013 -6.2104664 2.0199957 20.897594 1.539971 63.10255709725117 
Car -1 -1 0 945.8209682951737 162.5102049292888 1242.0 259.0661303330397 1.4995077 1.6543062 4.210635 8.113906 1.3388691 12.061775 0.013900969 122.33775912547043 
Car -1 -1 0 456.88403482377134 184.53929315163188 505.47986923545886 218.2787855485918 1.4752377 1.5337436 3.8374605 -6.135591 2.0710192 34.84229 1.6077352 11.414550482956347 
Car -1 -1 0 1126.333343060388 144.2281849717995 1242.0 185.18344211920234 1.5235398 1.6118973 3.8096626 22.328547 0.45865637 27.767178 -0.06387861 15.93947064863323 
Car -1 -1 0 479.1376576318341 183.70101719551727 521.0246953819113 212.39657806044096 1.4683926 1.6088295 4.070896 -6.0930862 2.1088514 40.541718 1.6043283 7.683845532526872 
Car -1 -1 0 882.3105792485918 147.1987305574604 1123.3282344109778 238.2618955056748 1.8190687 1.70522 4.2000933 8.211582 1.3065815 15.313005 -0.02249947 29.254955603914127 

