Car -1 -1 0 691.9091700575732 173.80642758639038 810.6607923631882 270.63684686684104 1.667186 1.6767355 4.098319 2.68424 1.6890988 14.532275 1.5944911 115.96147634304468 
Car -1 -1 0 666.6982594164367 180.71080314124154 746.4816152905294 240.42506584708312 1.4917244 1.604066 4.094407 2.66437 1.7390752 20.642967 1.5375061 48.102886099507224 
Car -1 -1 0 648.4880743110946 175.86913954056664 698.9872489561407 218.2663912290951 1.6195607 1.6402524 3.745471 2.5796313 1.7517154 29.728779 1.5407445 50.637831221481726 
Car -1 -1 0 98.41120477599522 190.45678262077098 370.886820336077 286.1711234446247 1.4501956 1.5509734 3.7297788 -6.096023 1.7629057 12.021574 -0.011247459 79.48174154036987 
Car -1 -1 0 634.4112647177939 177.16886576880378 667.1444138116952 202.9355962892098 1.4659896 1.5549017 3.4491425 2.4423785 1.7362257 43.41722 1.5048226 20.350375124653585 
Car -1 -1 0 176.15984249511902 182.03558056317803 409.8367494987119 265.15770582112845 1.5559956 1.6595846 4.025596 -6.282033 1.7548053 14.6704235 -0.06210462 52.92635614972404 
Car -1 -1 0 234.18432910245147 183.19788185421604 422.5724950731596 248.3764186349854 1.4595194 1.5764834 3.8977757 -6.619316 1.7191695 17.268387 -0.028532304 4.980612988428978 
Car -1 -1 0 389.8398860696894 181.62216980240248 499.956128342542 222.78873151869408 1.5198913 1.588266 3.865893 -6.3324304 1.8710573 27.966864 0.0718258 4.348891641975511 
Car -1 -1 0 444.2118440836099 179.97149035546713 525.7331911054891 208.80132844811297 1.4945571 1.6193691 4.07347 -6.6333427 1.8843551 38.66942 0.01813472 2.3817149153029056 
Car -1 -1 0 0.0 186.5599913101121 305.37275846909586 310.05393722706094 1.4780699 1.5814399 4.0126996 -6.4073315 1.6770387 9.647047 -0.018379858 8.532560570662326 
Car -1 -1 0 404.5795544342489 169.87861317947542 499.4511284763114 209.6395749362966 1.7792257 1.6968489 3.9846683 -7.1809883 1.6460828 33.141922 0.0030576626 3.081922404919185 
Car -1 -1 0 153.81314273478435 165.48447696143268 233.91302662150343 204.80118793407456 1.6272895 1.5970496 3.9399521 -18.267744 1.3222703 31.90453 1.4695154 0.26492440700531006 

