Car -1 -1 0 337.0048947890781 186.69883663891216 403.6615294715362 226.9907528760263 1.3644617 1.5831108 3.3221915 -8.550628 1.4220572 26.19308 1.4852833 31.99195882677368 
Car -1 -1 0 462.9308611219091 182.30818895048526 520.048047532548 221.4283923328646 1.4537408 1.5495499 3.5476692 -4.5214186 1.3456953 28.520054 1.6155746 39.57408464289103 
Car -1 -1 0 378.68987431560845 188.68789143960763 480.7320322951935 254.92294356532403 1.4088004 1.5660504 3.825574 -4.1627493 1.502188 17.41278 1.5595574 80.71289047040405 
Car -1 -1 0 495.9076112914292 181.76510940416983 544.3017746047483 210.371140775398 1.457484 1.6149223 4.0568175 -4.6298704 1.2816757 38.744724 1.7061993 9.750171261864553 
Car -1 -1 0 579.0295627188073 177.92512385014726 608.6941357673207 205.6353623315895 1.4817439 1.5866281 3.3760772 -0.7464157 1.0918965 40.14274 1.5508873 18.71678393206496 
Car -1 -1 0 391.0797384331057 178.38234133338077 429.65377246884094 202.15343505741404 1.481561 1.6009132 3.853148 -12.751154 1.0556641 46.762207 1.5285335 3.114391646202451 
Car -1 -1 0 411.7893638427025 181.47819693603086 459.490002170362 214.93562871257092 1.6441894 1.6037327 3.6676722 -8.808032 1.4605184 37.16353 1.5668514 5.051366436308714 
Car -1 -1 0 515.5570236646663 180.52186679441286 544.920710903995 203.26607569213527 1.4518831 1.556527 3.5164907 -5.1457987 1.152251 47.77364 1.3519824 2.958707421545563 
Car -1 -1 0 225.12273717230875 185.92820692358373 346.3881797598033 252.19886873901137 1.54088 1.638782 3.950831 -8.229277 1.561511 18.786415 1.4999676 9.142996864927001 
Car -1 -1 0 310.34271631667616 171.77083051115 373.39130305635763 210.63101521732239 1.7183752 1.6912292 3.983839 -12.394926 1.1238508 33.823956 1.5142149 0.2518681287765503 

