Car -1 -1 0 729.5547338296617 173.67541816953445 935.0247111032949 318.15053086843403 1.6892743 1.6237836 3.9360273 2.953453 1.7034581 10.459229 1.5294192 137.8868838783022 
Car -1 -1 0 699.0925303862738 176.83985025115686 769.2122285298717 208.07461646738744 1.4424396 1.4441298 3.611172 6.1125293 1.650484 35.736717 1.0464795 45.89026381519849 
Car -1 -1 0 619.3324215410776 175.74586681285325 653.9318434616459 200.32274407941472 1.5577962 1.589592 3.3846776 1.7635231 1.7573106 47.9702 1.3853364 28.853112397712707 
Car -1 -1 0 261.8267146038211 185.5563493273738 458.80087915881813 249.2033617287435 1.4203675 1.5871186 4.16164 -5.858348 1.7387748 17.259449 0.016218342 30.400370863742175 
Car -1 -1 0 286.42847253487594 181.19093475040918 443.58084133724344 239.1726148375613 1.4961002 1.5998505 3.7554095 -6.6309233 1.7351925 19.785715 0.057794183 13.993708411823004 
Car -1 -1 0 189.0605304253293 174.19950182694345 389.359507375901 261.1006060765223 1.672004 1.5719595 3.389331 -6.433161 1.700988 14.7254715 0.018709933 24.929796563336428 
Car -1 -1 0 83.61601877779205 174.9527680282445 351.2551187359089 274.90343933348606 1.5677557 1.5855958 3.6554422 -6.467922 1.6055062 12.164995 0.011249361 16.069014588812184 
Car -1 -1 0 359.1181432062934 175.61384481352897 473.85268253304884 219.74162033516853 1.5871551 1.6207175 3.835989 -7.1300936 1.6931386 26.881826 0.008528848 12.011471891625083 
Car -1 -1 0 605.8994849837868 174.2760804053299 630.7786897507507 193.92491365794703 1.4996442 1.5645744 3.7982411 0.66624486 1.6164956 57.321312 1.4717823 0.9392713683900711 
Car -1 -1 0 378.39450297284856 178.7661143357392 486.15632963728956 218.0266731480258 1.5075948 1.5862355 3.9245315 -7.0121026 1.750351 28.792542 -0.0211258 1.2209803905138796 

