Car -1 -1 0 655.5668366162232 178.4415090037548 704.5729763863778 217.5779469469431 1.4151335 1.5216619 3.4074955 2.7082624 1.6476004 28.300196 1.5499673 63.44378517534445 
Car -1 -1 0 691.6184988054594 172.97546309739369 810.2962152045782 265.07171016709555 1.6370881 1.58283 3.4250944 2.7192621 1.6398363 14.578373 1.5238166 132.42858164744592 
Car -1 -1 0 345.93873781073967 177.5179465793913 482.7365405435364 224.13864390728614 1.4610541 1.600998 4.0429034 -6.359637 1.6205399 23.73658 0.06838529 35.78566632466354 
Car -1 -1 0 150.02478802335102 177.95473314645207 402.72388087693224 270.3178511240609 1.5649962 1.5896099 3.9414582 -6.012342 1.6654007 13.2660885 0.073253475 60.87635851811521 
Car -1 -1 0 214.3025093549883 177.1197822126816 428.71545063785175 250.7845871384634 1.5278996 1.6164548 4.0745997 -6.222636 1.6266592 15.882765 0.0067582894 40.37511802636452 
Car -1 -1 0 697.5021425930906 172.58384842684535 788.4312069553105 207.60524540160984 1.5813055 1.6125102 3.9403777 6.1282372 1.5691073 33.437103 0.026323847 11.167016713125347 
Car -1 -1 0 383.9774492931115 176.63959246264295 502.0601700526594 219.7075132721972 1.4767145 1.5649037 3.8270378 -5.8958077 1.6166408 25.783087 0.05530918 11.198378408863727 
Car -1 -1 0 627.6892166974837 173.45909254211352 649.0060055787847 191.95896744961325 1.5401168 1.6498055 3.7768786 2.4494364 1.5937743 62.088013 1.5616672 1.5393761250946798 
Car -1 -1 0 241.4387095344404 165.47175658033208 421.11293164507873 239.14158852442347 1.7600927 1.6625943 3.8990307 -6.8926163 1.5837188 18.17284 -0.05337763 1.2107049914938735 
Car -1 -1 0 457.78295213396234 164.64264930920575 526.4717684016777 193.8247916417159 1.793927 1.6493697 4.0425406 -7.3158345 1.2891467 45.19678 -0.008268092 0.5948839168576676 

