Car -1 -1 0 710.9458895276545 184.08256966396038 835.8254681870067 228.18851957732943 1.5585806 1.7631261 4.2376046 6.0405273 1.992111 26.917263 -0.02822786 70.75484373204422 
Car -1 -1 0 835.4244469831203 192.53349669086944 1046.9351057936121 268.4614021884141 1.4110094 1.5574713 3.6508172 6.716179 1.8402538 14.813093 -0.081590205 103.18805346887508 
Car -1 -1 0 0.0 183.44386803410373 310.8195854376848 304.5199678127517 1.430958 1.6100278 4.0713897 -6.3351316 1.5847362 9.581046 -0.045409635 125.85444579214573 
Car -1 -1 0 798.6496197869544 185.58888973236589 979.5904352685604 255.060178661387 1.5296259 1.6089516 3.6703002 6.5524592 1.8481934 17.135712 -0.06040904 49.98770071351194 
Car -1 -1 0 98.09173484424636 185.6153495002902 396.20332389291815 279.671909741525 1.4175651 1.5863045 4.141069 -5.8411837 1.6451524 11.990364 -0.04113302 77.58112440250804 
Car -1 -1 0 643.8335438102971 181.77751802950985 674.6649507137801 209.5935558432087 1.4641486 1.6002853 4.1571693 2.808118 2.00248 41.427822 1.5993623 14.310797708133093 
Car -1 -1 0 262.18489699963084 180.45266859217693 456.54311440808675 250.75959671139913 1.5243688 1.6007013 3.939695 -5.695629 1.709524 16.707333 0.03781216 82.84311758035882 
Car -1 -1 0 432.7250756075665 179.64406473485295 527.3718744002327 213.83463011942177 1.6009693 1.6541836 4.286869 -6.2176228 1.9375855 34.942398 -0.00029157713 26.418767156641835 
Car -1 -1 0 318.3807440188205 172.31785317465912 474.3074916441536 233.11580754396599 1.7466867 1.6885611 4.2071395 -6.300996 1.7312834 21.66535 -0.044018373 30.75218541247141 
Car -1 -1 0 297.55625112563087 182.89457841400605 468.15727444432395 242.6092829319786 1.4746745 1.5918314 3.9786859 -5.8799157 1.7509952 18.984516 0.038805958 22.770983244433722 
Car -1 -1 0 376.89467374376176 180.49749591687967 498.95111308144715 221.85283246636618 1.4635837 1.612737 4.1210666 -6.2807655 1.7550628 26.67985 0.0141659975 12.463278419053072 
Car -1 -1 0 569.9837485136167 181.63978657083348 591.7739525833422 198.8839334288851 1.469754 1.590917 3.8764112 -2.5752378 2.2915106 65.50344 1.6328691 1.4583243048723362 
Car -1 -1 0 357.3138979800336 180.9815207222676 487.3928358959625 229.68516761961777 1.5496609 1.6112444 3.9137943 -6.168434 1.8297861 24.049986 0.006704343 1.058961325899409 

