Car -1 -1 0 663.3898933226916 178.841669469097 722.0625905254744 226.65518493660747 1.4708259 1.5706347 3.394255 2.7346861 1.6867839 24.32279 1.5658191 70.78719667170606 
Car -1 -1 0 720.3159250502515 174.71897787620574 902.9932208978885 305.5237532852486 1.5948343 1.5673134 3.4180412 2.7572687 1.6267436 10.596267 1.5164591 129.60657945100863 
Car -1 -1 0 712.162147561809 173.8416918319841 818.0006185591653 215.8171860961069 1.663852 1.7160853 3.9909542 6.3037596 1.7055607 29.556646 0.027660329 43.3443510645054 
Car -1 -1 0 294.048509774026 180.10423601239745 461.34960966900707 236.27154550163627 1.4557165 1.6047468 4.056958 -6.249262 1.6622076 19.730865 0.008198556 52.09462951849236 
Car -1 -1 0 0.0 182.3851311629558 322.75667058745233 316.5923985275218 1.5281713 1.6278646 4.130197 -6.0738163 1.6631285 9.282637 0.058891334 103.23492964389183 
Car -1 -1 0 77.64901809657552 182.28907388040815 373.832241278254 279.02161503000366 1.4714446 1.6025219 4.054963 -6.1931453 1.6382985 11.947107 0.0057379804 64.56898180894999 
Car -1 -1 0 343.08872102154874 178.08043350532554 485.88091377941964 229.43066137501498 1.4863515 1.5633605 3.8964376 -5.8338714 1.6504984 21.855328 0.012549052 42.57297190090109 
Car -1 -1 0 437.6703273821573 165.13733523741553 518.4136066861728 197.73683863540217 1.8205774 1.6243992 4.320753 -7.4515038 1.3896263 41.14009 -0.015008405 5.5715007690923395 
Car -1 -1 0 357.395637264658 175.39939939381384 481.3756369242249 224.41449588770604 1.5787275 1.5519179 3.7395067 -6.378137 1.6682932 24.367556 0.13551733 6.182946988623356 
Car -1 -1 0 198.29990032478406 178.0313583985399 395.5910070258622 245.1601678983958 1.4759526 1.5939674 3.9421728 -7.2099447 1.6041027 16.933376 -0.066476054 2.763595873269097 
Car -1 -1 0 624.5412625742307 175.49589673628716 654.0293216006165 195.51252178891167 1.5448363 1.6251371 3.6921759 2.3618917 1.7649683 58.162376 1.3971094 1.4468394503717161 
Car -1 -1 0 385.8551019178156 174.79579177129452 489.41801371589463 214.60574418244914 1.5678126 1.6339405 3.8475122 -6.9357266 1.6491932 29.37024 -0.027474374 2.62550519587282 
Car -1 -1 0 469.65366815683086 175.52514325518163 506.92605795881394 209.73445583963976 1.4404125 1.5393708 3.651298 -5.4282517 1.5681424 32.59118 1.4376343 5.089923206393704 
Car -1 -1 0 388.48228492566943 177.26373051352263 506.86006727109697 218.86259351545755 1.4672709 1.5864415 3.9846632 -5.973353 1.6377687 26.791082 0.16325495 2.3870396260108513 
Car -1 -1 0 134.94763335162824 158.54202744760116 371.94353633961987 254.4948324106435 1.7771642 1.6707261 3.857769 -6.8948364 1.5120888 14.2722225 -0.038218737 4.856600770005572 
Car -1 -1 0 670.5295001401598 169.73327396283486 734.5498945820727 196.71602807867512 1.6533616 1.6581233 3.7241483 5.788601 1.4621396 45.162533 -0.06623508 0.5931953629846526 

