Car -1 -1 0 674.3133488641994 179.6044258674617 749.9399438640673 243.59711294586484 1.4960903 1.5538934 3.2571673 2.5941553 1.6878083 18.853477 1.5841787 89.84086795826151 
Car -1 -1 0 753.4466785358088 177.50770863823504 998.4202706707163 346.64164494277986 1.5820286 1.582638 3.4313183 2.8783383 1.648526 8.577272 1.5485148 135.83913695002124 
Car -1 -1 0 338.07444013420763 194.66282866544162 459.3750583718477 282.12925548035753 1.4808797 1.5408685 3.4081562 -4.1771398 1.9797865 14.789288 1.5538622 92.49928574554072 
Car -1 -1 0 493.10629998360747 182.54840368487098 533.9024424354261 214.3396546437532 1.5407207 1.5460805 3.6978543 -5.0049076 2.076204 37.98271 1.602365 39.78652617301791 
Car -1 -1 0 433.8273738235328 179.61425765266924 507.1237816282705 238.0638103443732 1.7371495 1.6272359 4.0301447 -4.511268 1.9803174 23.93291 1.5781066 95.75689237790839 
Car -1 -1 0 642.497220328054 176.58695850527857 683.1185720027186 211.36432888291546 1.5599718 1.5582606 3.536765 2.5005863 1.7479961 34.546894 1.5336976 36.17545740232476 
Car -1 -1 0 626.6191144236577 176.0746209448148 647.4886924713163 191.9521381849395 1.5816388 1.6400844 3.7073886 2.8686998 1.9236343 74.647804 1.7535821 4.9824118177303856 
Car -1 -1 0 523.1603938490749 181.8405245588146 545.7916297579008 203.94435499560214 1.5277019 1.5704654 4.0714555 -5.551058 2.2220578 53.65981 1.4926715 0.5414133102156603 
Car -1 -1 0 549.161567348088 182.76132199140812 570.8586201742525 198.60905479559355 1.487526 1.5214467 4.073552 -4.946198 2.511235 72.45434 1.6682279 0.25010091066360474 

