Car -1 -1 0 223.01047892361572 185.0307166841392 419.82442277859525 305.8155856878599 1.5060184 1.5772338 3.4904559 -4.020278 1.5037119 10.716678 1.5601193 125.60334911293157 
Car -1 -1 0 437.772501902956 185.38140754835405 507.98974724531223 233.1404325190599 1.3642155 1.5573622 3.4904623 -4.0807104 1.3697598 22.298733 1.5610145 58.98437585402996 
Car -1 -1 0 489.0579501063104 181.98236660030884 538.8572781382213 218.72694169424832 1.4311175 1.56558 3.8866115 -3.8161924 1.3051866 29.942085 1.5720431 26.311048365329388 
Car -1 -1 0 594.0278521581213 179.2255682234145 632.085813586745 213.6217210686386 1.4891944 1.645992 3.4522092 0.22282721 1.2298495 32.864746 1.5515748 31.234708064046778 
Car -1 -1 0 414.40061087732806 180.74360636856477 462.8268299749232 213.7553585604968 1.4517475 1.5722315 3.7675438 -7.800197 1.2550797 33.538177 1.5141304 13.471328304086757 
Car -1 -1 0 177.85348989776807 167.1996327498997 323.3474349077311 248.8079062951994 1.7269614 1.6287267 3.6996095 -8.277587 1.3457127 17.06477 1.567315 45.90107973824137 
Car -1 -1 0 530.5102215814217 179.28271842649002 554.5896097022741 201.62236658081076 1.5030752 1.5905199 3.7212734 -4.489066 1.1038874 50.27588 1.5045562 4.855310363128876 
Car -1 -1 0 579.3207889905965 179.65320408738393 616.4884291042838 206.12588533937938 1.458576 1.5815032 3.691022 -0.4926289 1.152097 41.54837 1.7174878 5.839421452872216 
Car -1 -1 0 440.1899099932158 169.75482436860236 481.8226684474238 203.22303790338802 1.975018 1.7692217 4.1393557 -8.989043 1.0626447 44.49845 1.5618651 8.13641482499926 
Car -1 -1 0 637.7277155532834 179.18853843370874 665.9944070896038 201.7429169138841 1.4489633 1.5673698 3.6047368 2.9479294 1.0617598 48.004887 1.5431477 4.394616433046979 
Car -1 -1 0 312.74940814894967 168.18393579092765 410.4427087003555 230.94692516338645 1.9551835 1.7626158 4.2963333 -8.249202 1.4246125 24.56708 1.6004857 4.432358014470676 

