Car -1 -1 0 414.2589781075199 182.68563130696606 505.2168906696511 244.40965666433476 1.4425347 1.589618 3.5975995 -3.703032 1.3834052 18.6054 1.5789495 85.92540243843494 
Car -1 -1 0 281.9289832024341 175.04828895266584 387.9108632912836 236.40839310678678 1.6534594 1.630732 3.9201493 -7.938183 1.3794801 21.338417 1.5800506 81.46216053381508 
Car -1 -1 0 573.367796357015 178.13309785237655 615.5528994361034 216.5821763602499 1.5488868 1.6640099 3.4688344 -0.49362922 1.2635705 30.711134 1.593252 33.112659611199234 
Car -1 -1 0 0.0 186.58931395712315 147.78573545746005 256.92635919802336 1.3856397 1.5603943 3.5782309 -12.1757345 1.419694 16.02662 1.5784671 26.483074678327736 
Car -1 -1 0 371.9771112744295 183.81290386347726 438.37371659837953 222.19362492480104 1.4031551 1.5489807 3.8124156 -7.834071 1.3518705 28.190529 1.5658984 26.03031723966266 
Car -1 -1 0 100.28333900060163 188.50126911831055 285.1171293765062 265.4398009251931 1.3869777 1.5422294 3.9052305 -8.460199 1.4650314 15.102536 1.6009519 20.75724161400353 
Car -1 -1 0 166.87552753944098 186.02178138950924 280.18531935351723 233.40852821060318 1.4087266 1.6375554 4.0163994 -12.365259 1.4373169 23.46795 1.5450907 15.745015116338148 
Car -1 -1 0 494.79361719736727 178.45005603988213 545.2824549797324 217.92092193119714 1.5861838 1.6548587 4.15889 -3.6820345 1.3142984 30.970894 1.5748819 38.98440416233822 
Car -1 -1 0 464.63342641403364 177.61583708245578 498.24808996968625 202.91178591814528 1.5524981 1.5697793 3.4957147 -7.9840345 1.0860689 45.875145 1.5596266 1.2192666165529178 

