Car -1 -1 0 1094.7887823188862 184.59677282969895 1183.3003113482423 213.39890126545657 1.4309208 1.6011838 3.929868 28.945103 2.1089385 39.595844 1.4154581 49.02678387237318 
Car -1 -1 0 858.2539125851872 194.8586649032779 1242.0 360.0923219387674 1.43621 1.5454192 3.7520084 4.679136 1.6863377 7.350089 -0.0424646 75.61414965907257 
Car -1 -1 0 465.72118820254343 177.46998950954404 505.60634149934543 205.28686126256738 1.6020646 1.5684612 3.673372 -7.630022 1.8977057 44.21549 1.1569166 28.745743207207937 
Car -1 -1 0 0.0 168.7824897311355 251.51254841669208 287.7868604974531 1.7143373 1.6624175 3.9232206 -8.092581 1.6556845 11.544073 -0.16929975 58.434582661226514 
Car -1 -1 0 55.71688186718227 173.47974157086267 311.7761140129899 260.0007172991798 1.5430932 1.611251 3.963765 -8.063475 1.5561988 13.99838 -0.16143909 17.837225789401305 
Car -1 -1 0 218.9106362227418 177.88265336045427 357.9697688609034 228.0169990804917 1.5156896 1.5945685 3.7864106 -10.182869 1.6843388 23.115011 -0.15711021 7.189764152654988 
Car -1 -1 0 192.40170160797237 165.480453137669 345.40084789623404 232.83850535916565 1.773057 1.6786306 3.619469 -9.423588 1.578964 20.239828 -0.24093077 24.679824563039624 
Car -1 -1 0 239.30454660582652 174.95065055917698 357.9421773514284 219.68916663711133 1.5411605 1.5809299 3.6911187 -11.152529 1.6202868 26.096216 -0.19569519 1.4583683260318931 
Car -1 -1 0 300.588010249812 165.85116675736484 354.39312888857353 184.51764567566232 1.5274886 1.6231105 4.1464376 -23.595198 0.95444244 60.495453 -0.3371065 0.5683820982063152 

