Car -1 -1 0 78.61631881300201 190.7516077097895 280.5141227651768 275.12371362680847 1.4218532 1.5904689 4.141825 -8.3105545 1.5491611 14.458802 1.5728552 94.63734091863444 
Car -1 -1 0 577.0817916515614 174.19957865998262 652.9511038109786 244.51375482240658 1.5609169 1.6843665 3.3130655 0.17175113 1.3163681 17.615557 1.569594 58.735718619045656 
Car -1 -1 0 276.41105684301635 179.09020572175345 441.3753905525493 286.85977093065765 1.609672 1.6364555 3.4884384 -4.1141367 1.5181801 12.488014 1.5791695 135.53758508168315 
Car -1 -1 0 435.72370043709583 184.37926496739556 501.90820613693444 228.0316911443405 1.3807994 1.5525241 3.4498043 -4.6318636 1.3543416 24.47245 1.5824478 63.579513552746604 
Car -1 -1 0 486.234466551449 177.8417480813393 531.5107761265906 212.58972904407113 1.4729109 1.5925994 4.1384525 -4.3876915 1.160341 32.561333 1.5435047 20.232321647191235 
Car -1 -1 0 240.21915387434765 185.17087102291453 326.41759397268567 225.8231922062206 1.5106866 1.656129 4.012348 -12.821036 1.5090208 28.724571 1.5648514 18.482460415383862 
Car -1 -1 0 357.0702310432012 182.74314661071654 428.0995624911738 222.60453635424895 1.4611882 1.6354613 3.6092029 -8.322824 1.3705525 28.173792 1.5937328 20.37906913883505 
Car -1 -1 0 122.29670083903049 187.02560255328396 256.0084573608712 241.56156788308132 1.4722285 1.6685815 4.187724 -12.39881 1.5320786 21.658669 1.5477469 5.214700870342705 
Car -1 -1 0 639.5425520662534 178.69873242435798 661.4960801838574 193.98402063133986 1.5514443 1.7576797 4.2852554 4.5640097 0.8899776 75.23287 1.7597648 1.1103206042799099 

