Car -1 -1 0 654.1847955317486 180.36652197833578 705.7654642485888 221.28643812100333 1.4296974 1.622824 4.3447757 2.6730475 1.7458686 28.188105 1.5783663 46.3860029918765 
Car -1 -1 0 397.23809503211027 179.699452359254 516.3310208578841 217.73115127006176 1.4804946 1.6834242 4.555954 -6.149413 1.7690127 29.426632 -0.06339181 41.40706087104892 
Car -1 -1 0 179.36497241474623 182.82209758894226 415.02433746681646 261.7555257647768 1.4709384 1.6332172 4.0856495 -6.2172213 1.6859145 14.622056 0.060649663 56.30664291077877 
Car -1 -1 0 71.50252289036305 181.24812377555577 364.52401991015086 279.7461514290408 1.5219429 1.6176642 4.072049 -6.4393578 1.6732668 12.151113 0.02343294 96.464357135668 
Car -1 -1 0 305.87752057734 180.63135228610736 473.7039631136134 238.44360450559103 1.5264957 1.6360307 4.195039 -6.0804467 1.7545952 20.23185 0.053938963 36.029208710549796 
Car -1 -1 0 0.0 182.5435217309132 252.38410172177157 308.6190825521923 1.5213726 1.5935673 3.5209825 -6.9361596 1.6622422 9.662065 0.017749637 80.56598712124354 
Car -1 -1 0 348.3663729724766 179.91551927765238 476.2888237457003 226.00406528399404 1.4980512 1.5748558 3.9299083 -6.7166214 1.7500917 24.755777 0.10949685 9.213362225705946 
Car -1 -1 0 689.9741593823005 178.1896754562045 770.0098166747712 208.11385948069838 1.5056615 1.6606083 3.8353586 6.2368517 1.7907649 37.59973 -0.065763585 4.162367388475665 
Car -1 -1 0 484.28756139253295 177.14485705949681 550.2188357087554 201.4106839878052 1.5233963 1.6151057 3.9608831 -5.9462037 1.807137 46.686863 0.113246925 6.547233582821713 
Car -1 -1 0 545.8374281546977 176.7465659325822 563.5833655604097 194.01579039203216 1.5153298 1.5766304 4.1499953 -5.020665 1.8849325 66.38994 1.5073665 1.4715956506175583 
Car -1 -1 0 362.42546767766794 175.771274500715 469.1013358750677 220.6690031393486 1.6223898 1.5692589 3.675936 -7.225153 1.7361448 27.167072 -0.1023476 0.3680155277252197 
Car -1 -1 0 462.33399842473256 177.20748269293424 541.4713438629279 203.41460906420266 1.478313 1.6593487 4.444274 -6.2148504 1.7377765 42.016014 -0.071826555 0.5044758011324 

