Car -1 -1 0 721.1278443703357 176.0723329964245 808.5681565466411 214.18726326504066 1.4407494 1.5192038 3.521474 6.2798185 1.5808206 29.49959 1.0437055 75.6481583602937 
Car -1 -1 0 624.7331851561169 175.77485663754365 661.7790923468458 201.7011866066142 1.4211466 1.5033551 3.4776533 1.9104648 1.5977378 41.79328 1.4241484 43.57372614351934 
Car -1 -1 0 54.53859163869631 184.18569306037324 383.9170728065948 291.9040815515954 1.5035273 1.6465588 4.2019124 -5.8399887 1.6918663 11.123204 0.021931674 84.1000767166416 
Car -1 -1 0 122.51864714422649 183.03215457173837 372.2491164850713 268.25494938595176 1.4870011 1.5920213 3.9060981 -6.684908 1.6900619 13.588728 0.005340096 25.85259568309887 
Car -1 -1 0 293.55521667074794 174.7396821445493 436.2674306516662 230.9092724893169 1.5385953 1.6236519 3.5517917 -6.9268217 1.5948795 20.679268 -0.025799528 31.36462573613625 
Car -1 -1 0 480.11201890379465 175.56783368192535 514.2919831977806 205.0109704437649 1.4758173 1.5339632 3.4827778 -5.920595 1.6266053 38.2942 1.4918593 8.161741236727737 
Car -1 -1 0 324.5374294587602 176.4293324117003 455.69628697020227 226.75246361590987 1.5098466 1.5932333 3.6423225 -6.801518 1.6261225 22.617268 -0.028614467 5.017995042201469 
Car -1 -1 0 609.6825178245252 174.4489557765665 636.0990994477369 195.93052178780465 1.4582678 1.5509704 3.9178963 0.91273123 1.5760677 51.285248 1.5044514 1.103510612378035 
Car -1 -1 0 446.59805550045024 175.63604899728648 518.2736184205496 201.5665750363222 1.5459113 1.6404811 4.0338035 -7.769788 1.7205794 44.269337 0.107407354 0.2638378441333771 

