Car -1 -1 0 690.4308797327312 182.7810002315664 778.9294458670603 250.26566331794652 1.4213505 1.5519636 3.4792783 2.9195812 1.685452 17.4529 1.5753545 89.5667115353352 
Car -1 -1 0 749.8395110708495 173.387044653174 892.4761345445414 229.94885439957812 1.6925895 1.7055652 4.0107927 6.5285416 1.7100066 22.593227 0.06589033 78.25592335850261 
Car -1 -1 0 132.29686699047076 188.22853604577264 398.70529028586566 275.8375357787151 1.4299189 1.5822625 4.0099297 -6.00541 1.7220707 12.888153 0.015814707 106.40758102266629 
Car -1 -1 0 365.60159820398724 178.891428152469 491.7695371487867 223.99749334737726 1.4861461 1.5906589 3.9438512 -6.1466055 1.700487 24.803358 -0.008829156 18.40124653364914 
Car -1 -1 0 221.856271778439 183.4325546494308 440.91700298892977 259.3127473336111 1.4765006 1.5839515 3.9679995 -5.6978683 1.7095704 15.08214 0.011629069 80.35798804017512 
Car -1 -1 0 302.9322994387434 177.8044871898618 471.71036017621753 237.47030440297843 1.5511333 1.6163023 4.148703 -6.061288 1.6945655 19.913876 0.090097696 52.773046557506675 
Car -1 -1 0 687.6067432742796 179.36091510618618 767.0933989387121 210.7363639282791 1.4934484 1.5384023 3.5932038 5.819655 1.825755 35.811787 -0.15479346 12.96887631910973 
Car -1 -1 0 388.4459196818423 178.77519083542754 498.7150515042838 221.001847787697 1.5342518 1.6194986 3.780883 -6.233699 1.7658734 27.343933 0.03788423 9.385719204000143 
Car -1 -1 0 264.352151130399 177.58351680230942 444.2057060627474 247.72088150646286 1.6096771 1.5834848 3.8182504 -6.139432 1.7309244 17.589771 0.061616134 24.83449174375622 
Car -1 -1 0 633.5201218169777 176.88443606762834 664.0070379030155 199.7497585931722 1.5378809 1.671624 4.015067 2.7473674 1.8360662 51.319187 1.4984815 8.054705154844143 
Car -1 -1 0 321.23357657842325 178.18277807311026 458.6797328074062 231.75010482057638 1.5755298 1.6246288 3.8157089 -6.7172394 1.7478135 22.370209 -0.0775609 12.800690103507714 
Car -1 -1 0 686.4216260143129 173.4293897212487 765.8459436898586 207.40311011740098 1.7471571 1.6832786 3.859231 6.119232 1.7783293 38.114727 -0.07044369 5.32914366423539 
Car -1 -1 0 403.99216534665425 174.62013497245576 507.8159098192579 212.93410552427008 1.6391039 1.6737545 4.2301373 -6.711949 1.719074 31.809277 -0.011826289 6.145280964374443 
Car -1 -1 0 0.0 186.94437804936845 282.7582679278562 301.5188669463377 1.4595915 1.574027 3.8590379 -6.904293 1.6745508 10.199144 0.011138776 21.650972258555736 
Car -1 -1 0 528.3328519159114 178.6400374477011 557.1277725614585 202.0344162238053 1.5106198 1.6322851 3.9104161 -4.547399 1.9234271 49.51931 1.5659435 0.286111056804657 

