Car -1 -1 0 726.2689396473293 187.38506739086316 912.0500678377355 306.055892667114 1.3768448 1.5863578 4.1613474 2.9194617 1.6397855 10.969397 1.5628811 108.4189915582377 
Car -1 -1 0 650.4118658749637 173.03557971450132 704.633154199861 216.96832542115894 1.673259 1.6429687 4.132287 2.7122827 1.6812379 29.602365 1.5218105 86.04787442429796 
Car -1 -1 0 509.8790893182435 179.1837004199527 566.3119002310367 222.5557838049595 1.4116573 1.591376 3.5826733 -2.487953 1.6540253 25.820087 1.5923071 65.19111107113284 
Car -1 -1 0 415.9953607918399 176.14548279259563 511.2314324241154 210.14477802689214 1.4854836 1.6891754 4.0726643 -6.5554857 1.6394963 32.74213 -0.08763921 51.248746411511114 
Car -1 -1 0 0.0 182.89401479512625 312.7182292436663 337.6335291552673 1.5370178 1.6634467 4.3356924 -5.845685 1.6614329 8.108167 0.00062267063 100.98611551239097 
Car -1 -1 0 65.98077366839759 186.77362105309516 368.25692597346614 295.0331427880516 1.460218 1.5422039 3.726495 -5.7452455 1.6857268 10.822331 0.05213486 88.68630106659343 
Car -1 -1 0 239.32947140448238 175.17573470618555 435.56871776254525 243.61698615976948 1.516918 1.6587982 4.0626216 -6.307042 1.5752627 17.09718 -0.103562675 49.686913406446806 
Car -1 -1 0 169.211713147029 181.0136424831426 393.7558672581821 262.43044098349674 1.5108621 1.5747987 3.8713632 -6.5432324 1.6870667 14.585335 0.110482 15.347527281741923 
Car -1 -1 0 23.185444284938857 202.12110862223201 190.3321356201826 284.67914669415785 1.5276098 1.5684667 3.6001303 -11.307774 2.2740011 16.536947 1.4792191 0.630800254226288 

