Car -1 -1 0 859.2263510032267 184.94961554651275 1227.5473169936345 302.74761083961783 1.4468544 1.6509681 4.1345835 5.803274 1.6292126 9.9641 -0.043248013 114.06409122300254 
Car -1 -1 0 651.1321885329228 181.98336602363278 712.5188448953666 227.0647697857999 1.3535312 1.5757264 3.9221761 2.3665051 1.6879983 24.450787 1.5408963 64.16465582459044 
Car -1 -1 0 551.2362290066361 177.68868784001103 578.9989492234902 200.74399150405077 1.4678779 1.5607576 3.8612766 -2.962792 1.8072369 48.700684 1.5908875 12.28026061875618 
Car -1 -1 0 255.25129758226186 183.4471046386368 446.37486469452773 246.1706515484018 1.4728343 1.6132611 4.2096395 -6.3828588 1.7507713 18.0807 0.02101262 100.97306805947494 
Car -1 -1 0 0.0 189.13820568761838 311.172088076087 305.1563979258978 1.4045457 1.5721364 4.0567083 -6.3948216 1.6433396 9.77151 -0.011443074 48.13419387594724 
Car -1 -1 0 644.5542620012019 177.8956720472123 685.7791074097046 211.97975811688698 1.4668691 1.5937376 4.1892147 2.54283 1.717488 33.77018 1.567632 10.24098608916104 
Car -1 -1 0 357.5029754054598 172.50182023227512 487.1256330802865 222.70800822951736 1.7088416 1.6618545 4.125758 -6.5322046 1.6968545 25.44106 0.025110602 18.024941927494112 
Car -1 -1 0 493.6503960915475 177.7926265408547 547.8369860794733 198.29081852196646 1.5315474 1.6811213 4.0710926 -6.7921042 1.9180019 55.4336 -0.09393516 11.724275884516103 
Car -1 -1 0 622.7235322688492 175.23670939070448 651.8366844871488 196.8736059549805 1.4951304 1.5625741 3.7266393 1.9708705 1.6739967 52.22544 1.4581101 7.974837258381758 
Car -1 -1 0 467.9560962952666 181.05904405593552 511.00984728118806 217.1741062083477 1.4489385 1.5623367 3.876324 -5.2410564 1.8338387 31.851326 1.4879379 2.2611853103329214 
Car -1 -1 0 45.082682472681405 185.8612494484489 337.52345458868757 278.6192127897352 1.4404497 1.5785711 4.039208 -6.932638 1.6757715 12.242998 -0.010658798 0.7736937890905585 

