Car -1 -1 0 660.0230541257522 184.54505610408413 733.2977367463832 234.14088054005074 1.4092643 1.5381248 3.5054712 2.7172995 1.814919 23.201542 1.4470042 83.59710266678195 
Car -1 -1 0 923.3737925056316 183.04704576738808 1236.6423425152254 304.8032624563377 1.4300586 1.5842505 3.6054962 6.7520695 1.6099604 10.769252 1.096383 126.95298039204532 
Car -1 -1 0 638.4008517026168 181.8287285058661 682.2454438829619 217.10142509030638 1.4508767 1.5510379 4.123743 2.2482924 1.8852668 32.833168 1.5320935 24.063436929246222 
Car -1 -1 0 136.78852466443308 192.1684631861078 370.3632370251336 274.99518066012246 1.4817866 1.6050727 3.7875602 -6.8494253 1.8838491 14.163873 -0.028476954 41.05276651471776 
Car -1 -1 0 273.44411950589233 191.4811658768585 448.06775018193537 250.2605096073512 1.4364023 1.6039795 4.0463467 -6.4477177 1.9481094 18.99025 -0.0144424895 71.4553964186163 
Car -1 -1 0 356.59449228227174 188.64726817062078 480.9415531650077 230.76547460856773 1.4262967 1.6004648 4.042444 -6.8319244 2.0168922 26.055653 0.06332727 26.482255293945464 
Car -1 -1 0 51.27668149665229 190.56992713918274 333.287692821466 293.5110841906175 1.5430057 1.6160367 3.7226973 -6.731585 1.8554573 11.910678 0.003707842 36.728757906741926 
Car -1 -1 0 398.5402165158481 186.88341853726584 494.4442702205726 223.39934972920082 1.4728003 1.5485433 3.699769 -6.9544067 2.093999 30.92021 0.14198531 7.942605202163437 
Car -1 -1 0 290.859481863534 189.5646936117615 436.233989695164 243.6850568736264 1.503151 1.5530033 3.762144 -7.1860886 2.014653 21.304245 0.0026551029 4.339892456340634 
Car -1 -1 0 338.12835235246007 189.00772270950696 464.7207408206505 236.14369492123987 1.4534515 1.5439487 3.691642 -6.764847 2.002081 23.665226 0.037365068 10.877106570317059 
Car -1 -1 0 486.57095083109635 185.6606303514891 530.0704119223636 216.35777316675626 1.4431423 1.6398019 4.028576 -5.2211213 2.1472313 37.64113 1.5877895 11.773531541034375 
Car -1 -1 0 514.6429775497389 181.77276449470497 549.2003074390295 206.4539878451564 1.5951002 1.5983145 3.9446533 -5.3515344 2.2403064 50.15351 1.6743927 0.5702921557485003 

