Car -1 -1 0 365.55910733536757 181.6703089355261 487.2779631591984 262.10770512614624 1.4901032 1.5971727 4.13765 -3.6950574 1.4244249 15.3922615 1.5624099 78.21242051494721 
Car -1 -1 0 696.8313577123992 185.52012290022623 795.7805899751253 255.08862879320887 1.377216 1.517663 3.3738399 2.9686835 1.3846824 15.938308 1.5632081 90.4696329682795 
Car -1 -1 0 106.7410478759606 179.6492862157145 406.1283071141647 367.4500874896543 1.5898001 1.5756233 3.3422782 -3.4425707 1.5426785 7.7648697 1.581531 108.07776428255903 
Car -1 -1 0 462.2569722960489 177.94189704180388 516.6281035626587 220.25311277922674 1.4866048 1.5581937 3.56556 -4.3644714 1.2310398 27.06132 1.5422254 74.03529725118466 
Car -1 -1 0 349.6253371643864 182.2722470088455 416.6866909849202 222.4298820708718 1.4388888 1.582722 3.7124476 -8.529034 1.333422 27.649958 1.5219958 16.576371539464862 
Car -1 -1 0 638.7810910174271 177.3841024978408 672.3118708387597 204.30058347380643 1.4344842 1.5466692 3.9757462 2.6654978 1.017108 40.3115 1.5536232 22.190520217145238 
Car -1 -1 0 587.6945013379467 176.55109303355476 614.4127018404828 200.11655185422362 1.427912 1.58744 3.7738307 -0.42285758 0.90289384 45.47213 1.5349107 17.709667723538843 
Car -1 -1 0 509.33745972894104 179.5932175125757 538.8974851252739 205.51381015442598 1.3556787 1.5390959 3.4198234 -4.515406 1.0616161 39.3727 1.4750459 11.707730868944472 
Car -1 -1 0 223.80343892915027 184.66100285649696 350.1045192188824 249.34217698146537 1.4760627 1.6407392 3.9634585 -8.030799 1.4634042 18.42566 1.5198432 4.249931683969192 
Car -1 -1 0 573.9816464379163 176.49728643844756 600.9653140866095 197.3294402692793 1.49045 1.5484374 3.7110763 -1.4303439 0.86668557 53.353657 1.6692166 2.0048901365452934 
Car -1 -1 0 295.25401479686104 184.9230089429925 367.5266225166768 220.58477371006998 1.4434756 1.5063055 3.8774266 -11.822498 1.4316285 31.064226 1.6106843 0.3419237434864044 
Car -1 -1 0 454.29797478786935 170.3079533326801 491.2511487430437 195.21735512855585 1.5506234 1.638339 3.7468688 -8.672697 0.6226084 46.636314 1.587871 0.5236832965237261 
Car -1 -1 0 496.989219449213 174.7160276761637 561.4852149653709 198.33996394216427 1.5717916 1.6781238 4.073777 -5.286235 0.87320805 48.963127 0.15044117 0.7753606238628883 

