Car -1 -1 0 412.06158607171244 185.70608662071314 486.9487733232717 232.6474704792889 1.3983275 1.6326574 4.2748475 -5.0684114 1.4159124 23.618277 1.5429776 74.13292364383469 
Car -1 -1 0 334.4547572655084 186.11251103273386 403.3838883184282 226.0148983197483 1.3933381 1.5158237 3.4467278 -8.840135 1.4290986 26.922142 1.5450116 50.59509602583357 
Car -1 -1 0 161.2129038691427 182.46662992295086 276.8922173144841 234.17392248335142 1.5759219 1.6481705 4.2348247 -12.809735 1.4921365 24.04216 1.551337 30.307407568834062 
Car -1 -1 0 0.0 196.41896393890627 213.2339159036051 316.4746606162294 1.3976724 1.5565468 3.7252927 -7.579313 1.5920491 10.595605 1.5525314 89.27605598408732 
Car -1 -1 0 102.78968672285067 193.30980474905996 425.02499700331424 375.0 1.4681733 1.6245337 4.176901 -3.356681 1.5819777 8.01229 1.5627192 88.42588239311972 
Car -1 -1 0 249.8642891156585 185.41025340716936 368.1513167893592 245.02912786754655 1.4402528 1.6437223 3.8264897 -7.849465 1.4459993 19.305485 1.5536877 25.2678475035572 
Car -1 -1 0 381.1252976028798 179.22137183858416 417.75068525239453 202.81340075077205 1.4628154 1.5355314 3.501907 -13.354355 1.0911393 46.365704 1.5116278 6.800917549952794 
Car -1 -1 0 571.5357579143162 179.74187680467423 604.6357064918107 208.01239357303515 1.4624746 1.6446403 3.5265424 -0.99536335 1.1793059 38.96371 1.5868602 14.340114678394412 
Car -1 -1 0 0.0 189.11148782977273 127.53953998501467 258.93897351442354 1.3924155 1.5138147 3.500423 -12.673433 1.4910736 16.371788 1.4423914 2.0607019443417864 

