Car -1 -1 0 670.4201631685174 182.71193446453609 734.9468246526521 233.767357152618 1.4166313 1.5575922 3.3693612 2.8103604 1.7451366 22.358091 1.5685803 85.48754798154863 
Car -1 -1 0 743.2403653675157 175.9519282889701 989.8651361665442 350.0628083878021 1.6405174 1.573137 3.4336488 2.7834682 1.6850569 8.617364 1.5174111 133.75688492577692 
Car -1 -1 0 719.5751147790235 173.76350817313354 832.0900016645236 220.52072524516842 1.7196568 1.6964381 3.9652545 6.2727137 1.7556134 27.550228 0.065030135 51.524414209917886 
Car -1 -1 0 262.51165530916603 184.85050450994558 446.7397062828132 247.34964067141067 1.4427264 1.5968368 3.9715805 -6.175603 1.7514441 17.765945 0.0018511824 61.22338823956632 
Car -1 -1 0 0.0 186.7203795302263 331.08146296595874 307.35490509314474 1.4909867 1.608821 4.0345325 -6.188013 1.700215 10.004053 0.03935332 74.77855605921505 
Car -1 -1 0 318.7660929330369 181.50804973882853 479.12650205901593 238.38776027786776 1.4824837 1.5803113 3.9580626 -5.7453747 1.7322853 19.950073 0.04445307 55.532202673899945 
Car -1 -1 0 362.99862521589506 180.27400172302524 496.13313430044974 225.37859973307542 1.4686818 1.6150827 4.1463327 -6.1445446 1.7346954 24.848766 0.1043102 16.238391457456142 
Car -1 -1 0 334.3327800711731 177.80161853069188 473.7067634280769 231.2520794775685 1.5721604 1.5661705 3.8737278 -6.3545504 1.7335124 22.474636 0.14582373 9.518269202962584 
Car -1 -1 0 156.8862266608185 182.89773988943756 375.2384110065914 258.5772070924097 1.4681598 1.5814939 3.802649 -7.0458455 1.6897159 15.06947 -0.029787377 9.688101051475883 
Car -1 -1 0 442.3523900464346 171.1333181274024 520.1419106470438 204.1565353086007 1.7490971 1.6078315 3.970682 -6.9058666 1.6579598 39.102142 -0.041405555 3.750004098590498 
Car -1 -1 0 369.08500519696577 179.0625445196788 481.3834790624068 222.55498962217223 1.5795319 1.6351098 3.8535151 -6.9119396 1.8220981 27.321377 -0.026821375 6.594709069850381 
Car -1 -1 0 399.9699608555374 179.43964062006359 506.7649772023288 216.61589626009427 1.4660361 1.5908555 4.0143733 -6.387653 1.7459693 29.728672 0.07390568 3.524764778045488 
Car -1 -1 0 632.2858148174065 177.46649897249486 653.2981926799055 197.50901557255395 1.4831598 1.5805635 3.873397 2.5791872 1.8554186 56.26617 1.6107002 3.545427996840097 
Car -1 -1 0 673.375080947521 173.26225415118307 743.4475742454401 203.21873286644748 1.7428919 1.6665374 3.868613 5.8574057 1.767776 42.993237 -0.08081541 1.9728561051168962 
Car -1 -1 0 417.559453108572 179.45194954731005 509.6073033686745 213.62854709821704 1.4766709 1.5894859 3.7678843 -6.5359287 1.7826498 32.503307 0.08837218 2.2309480109208546 
Car -1 -1 0 53.48309541535217 164.88972539890273 334.354871765894 275.7901163801555 1.7317 1.6472645 3.7900565 -6.8639374 1.6073384 12.2466545 -0.08410028 0.3284567594528198 

