Car -1 -1 0 680.1245669395113 183.01296964918672 767.0705445871347 247.95191236210363 1.4633856 1.6497554 3.662433 2.840847 1.752115 18.67059 1.564544 95.00763143758671 
Car -1 -1 0 791.0691136467825 190.12036545567304 1191.5234638890558 375.0 1.5469165 1.6348534 3.7307553 2.953281 1.7486424 6.555984 1.5602822 126.24299425154183 
Car -1 -1 0 233.83308039997664 176.6096566357647 434.60121802931826 245.70255415839216 1.5465331 1.673372 4.167735 -6.4872503 1.6414583 17.24755 0.07452349 116.3787847869529 
Car -1 -1 0 654.3427272463663 176.26371337544435 702.4527729925793 220.46498459251941 1.670956 1.6786747 4.1803217 2.7643082 1.8213305 29.711582 1.594635 45.86208847804133 
Car -1 -1 0 0.0 168.7626477341724 316.1250243266031 309.73190880465575 1.6839199 1.6851717 4.047013 -6.2455044 1.6350474 9.541776 0.03998073 74.2088641815132 
Car -1 -1 0 62.385320146863315 179.75515980973654 330.860732558181 277.83682100229805 1.5182941 1.6105483 3.654066 -6.8543825 1.6437052 12.204588 0.056715854 9.771386056047966 
Car -1 -1 0 411.14560240497775 178.4866833566808 511.1779659103328 216.98194296593263 1.5194881 1.628651 3.8432374 -6.041404 1.7585633 29.689754 -0.063923374 10.138905084275823 
Car -1 -1 0 638.171430773368 178.1745720713637 680.6547128611236 213.2278019877621 1.6049016 1.5768161 3.88781 2.4065285 1.882356 35.633408 1.5027652 3.4386231906082205 
Car -1 -1 0 381.77884570241315 180.38688781177916 499.0866389053048 221.3290162629201 1.4699233 1.5860243 4.0123158 -6.284392 1.7613587 27.066261 0.028018463 5.133936202538999 
Car -1 -1 0 327.7897919163982 169.57535627401427 480.0139932516239 232.59391078737366 1.8585844 1.7046425 4.185135 -6.2568336 1.7618884 22.230263 0.04724689 0.9502352456225015 

