Car -1 -1 0 729.4521463507871 180.15882225793825 916.1477708946119 313.5884009228236 1.5572824 1.6031344 3.4569964 2.838614 1.6797621 10.355026 1.5523676 138.20776828753566 
Car -1 -1 0 667.5367519012946 181.9301127030669 735.4627684548781 240.1226911195597 1.4915793 1.5615687 3.3133607 2.5566592 1.7726599 20.67971 1.5826215 99.85712097473466 
Car -1 -1 0 365.76027796600033 194.11014723578074 471.6872288709483 269.285802842471 1.4356775 1.5361102 3.5798333 -4.257956 1.9777231 16.598864 1.556355 87.146898043915 
Car -1 -1 0 495.72678993202527 183.5586707602005 534.262963626685 214.70862440863291 1.5716095 1.5504322 4.080415 -5.169892 2.1933765 39.860767 1.5820993 31.98989923914072 
Car -1 -1 0 444.8575071232893 180.4203592062146 513.154430199928 235.81461628679122 1.7736304 1.611328 4.0740848 -4.5579767 2.064877 25.718729 1.5936743 58.66346780830768 
Car -1 -1 0 640.4542244931273 178.5296094847596 677.8283855693381 211.20139959790242 1.5362887 1.5119005 3.5521472 2.4531434 1.8364586 36.35748 1.5335319 27.007410902334485 
Car -1 -1 0 525.0845673693796 183.539737241243 547.3071831521448 204.5628546477349 1.4935957 1.5611424 3.9623368 -5.5969124 2.3434124 55.35356 1.5037634 1.499974858450175 
Car -1 -1 0 548.847545261339 182.89850262251517 570.2107985982972 198.1918435734103 1.4689298 1.5333711 4.2084203 -5.123025 2.5336492 74.31656 1.6643398 0.9785236492877042 
Car -1 -1 0 622.507925186199 178.08223895942695 647.5059305876738 193.49464737005783 1.5579473 1.6737223 4.050891 2.730842 2.1287646 76.596405 1.8640988 1.786267230349574 

