Car -1 -1 0 700.6961308824618 179.17629139756855 845.1531896316026 278.06810390713787 1.4524875 1.6689686 4.35433 2.7387464 1.5860925 13.062462 1.5807335 130.64046027277988 
Car -1 -1 0 789.5221979422209 177.5096877269772 959.6507652776614 240.65152578198024 1.4703156 1.6233716 3.7024353 6.481904 1.5928998 17.975298 0.11732443 58.263720354737316 
Car -1 -1 0 677.2164362355317 172.26390109949133 746.5561636759704 199.90981177557381 1.5685619 1.6969777 3.7406986 5.898643 1.5350809 41.85652 -0.037612997 21.865458918259364 
Car -1 -1 0 190.93195216053567 176.37787216749885 432.65275508910213 254.85788268665794 1.4466939 1.6148155 4.144309 -5.758849 1.5214103 14.34268 -0.07283434 82.5848274731275 
Car -1 -1 0 0.0 174.57754852844107 290.17943906765197 299.00730493365324 1.5106221 1.6257447 4.0780478 -6.6719646 1.5358053 9.66334 0.032775216 84.7754950515751 
Car -1 -1 0 387.11585227686436 173.1252632297362 505.41855483680285 213.4764030739736 1.4482166 1.6158332 4.106522 -6.0026293 1.4586816 26.87285 -0.07709311 31.22036663767165 
Car -1 -1 0 428.5896272253963 170.78578696032332 525.081194448305 207.49899742061348 1.5658575 1.5852956 3.9255674 -5.7572265 1.4776459 31.581367 0.007330858 23.33486949368535 
Car -1 -1 0 351.2076620734205 172.68429983835375 483.1637441167424 217.3343705674367 1.4575765 1.5987943 4.089917 -6.441674 1.4520366 24.477528 -0.061380487 15.695068826687324 
Car -1 -1 0 709.8037203780249 171.7183332143152 801.5233368833766 209.02817952981692 1.6164486 1.6226343 3.7236698 6.465082 1.5672457 32.15573 -0.045476116 15.178335795688135 
Car -1 -1 0 720.4772452327805 174.03364146131017 818.9557494877902 210.5355524337952 1.4659336 1.5482519 3.7011125 6.6020074 1.5163608 29.940031 -0.071469426 10.884096007586223 
Car -1 -1 0 631.4235464954664 172.06478128310158 654.1639235288042 192.244146557681 1.5211153 1.6688106 4.0285764 2.5667129 1.4616239 56.419266 1.590001 7.390670097500792 
Car -1 -1 0 40.01228972787433 166.98106228410316 309.51388365836334 268.84324232137266 1.575076 1.5803368 3.5315466 -7.108005 1.4842638 12.082432 -0.07804197 16.550002671783623 
Car -1 -1 0 526.0200625122335 171.81618858870976 550.8091437109904 193.8567499181676 1.4997451 1.587627 4.109236 -5.011807 1.4291272 51.1943 1.5124273 8.167031829551954 
Car -1 -1 0 759.8740188528764 174.69469935955317 899.089767504685 226.0298410008784 1.5172036 1.59146 3.833987 6.702161 1.5762517 22.267206 0.043957707 2.2328448566113126 
Car -1 -1 0 492.57053422870854 169.42782069876378 525.5838423714332 200.95339656413594 1.5621142 1.5453389 3.8329172 -5.2095313 1.3923445 37.73382 1.4757707 0.8251591148152259 

