Car -1 -1 0 767.0942798716204 164.9375626804189 809.368546579538 186.6147815055878 1.5535641 1.6221027 4.20119 13.290167 0.98620814 53.90315 1.433282 16.387187209188127 
Car -1 -1 0 636.1000956604255 168.86399553302317 706.0550256210328 195.58836410543694 1.4608212 1.5958862 3.6798053 3.4145138 1.2427173 40.40423 -0.09175103 44.13140275813209 
Car -1 -1 0 109.40040893263806 171.78751435595942 226.43088088447047 210.80542542445176 1.6393793 1.7092416 4.308318 -19.725021 1.5945696 32.311172 -0.659235 29.07131078622743 
Car -1 -1 0 1047.089046538857 162.74985789789545 1104.7471662567702 182.72297021096676 1.4729134 1.6155488 3.6638198 35.587326 0.72778505 55.161476 1.380091 26.7697075420748 
Car -1 -1 0 801.4074653640067 165.32680868518798 839.986582680859 186.28911123755026 1.5413086 1.6453669 3.8686466 16.051176 0.98785174 55.025738 1.5211425 13.618454392393998 
Car -1 -1 0 296.2140212929266 166.55699663370868 327.95065656430137 185.5675813621583 1.5770974 1.5792813 3.1471543 -25.311676 1.0547045 61.480648 1.5041606 3.881554462180205 
Car -1 -1 0 842.503871694232 166.19076229226178 888.2012795254899 186.3165004313132 1.4531758 1.6817201 3.9004529 19.132666 0.97205746 54.133404 1.4540668 2.062541128628421 
Car -1 -1 0 975.0098741477198 165.56251867146102 1027.2394113924875 186.84717283428444 1.5164112 1.623081 3.4565642 28.834055 0.9969341 53.238094 1.4162339 1.401347951479976 
Car -1 -1 0 1001.4285870474598 164.6006350840692 1055.2219033838742 184.74280561880792 1.4787004 1.6167483 3.9413874 31.844757 0.8727945 54.991566 1.5025957 0.2943429946899414 

