Car -1 -1 0 552.1320920280835 176.5365499738085 580.8859434662281 202.43612462004785 1.5222664 1.5477068 3.4920914 -2.6298423 1.7591299 44.658337 1.5777532 21.18795744669805 
Car -1 -1 0 664.473622925181 182.6486155193296 739.5758369464711 237.112723192231 1.3552934 1.5566025 3.828579 2.5394292 1.6609805 20.584766 1.5443201 74.37828953328935 
Car -1 -1 0 653.0491883401844 178.12520281050453 701.6545919633296 216.50908278413115 1.4486042 1.5594654 4.05297 2.7350273 1.6814394 29.831135 1.5529847 31.733618316649917 
Car -1 -1 0 164.65575200406582 182.94529985284683 414.1091343486057 263.7118557293802 1.4843547 1.639843 4.24562 -6.2405934 1.6974822 14.359599 0.028094405 146.62040809223052 
Car -1 -1 0 320.05766158357244 169.74745784081375 476.45161601520743 229.48783693986397 1.7220075 1.6406856 4.2121882 -6.280136 1.6324618 21.712755 0.045137174 39.47920060983677 
Car -1 -1 0 632.155384177783 172.75752189351363 661.3614492730194 198.91852330181445 1.6864452 1.6363178 4.0030217 2.4624984 1.6802256 48.539474 1.5394104 19.321139823875132 
Car -1 -1 0 407.2342774708503 181.27046103868508 510.8627312429562 218.96647702363774 1.4671872 1.5726837 3.8793135 -6.181673 1.8279368 29.764599 0.20357269 1.9159797168494934 
Car -1 -1 0 430.7387818160375 174.75675411616132 523.5456946064535 206.10219787519247 1.5216411 1.6743436 4.368166 -6.5584254 1.6191621 36.059525 -0.03876115 2.742830486517625 
Car -1 -1 0 496.93450059594534 175.82572416214774 551.6975381660495 197.55218982186997 1.5184617 1.6412948 3.8356225 -6.0744715 1.7353766 51.682434 -0.08733383 1.2025734901589182 

