Car -1 -1 0 231.6986531166561 194.61548024721012 406.01078403914437 283.88157354032984 1.4449022 1.7285297 4.427991 -5.7837257 1.9651752 15.010822 1.6017566 127.56033462995384 
Car -1 -1 0 715.3204419219592 178.04239171072655 840.9435293958196 266.26801206613027 1.5165215 1.6098921 3.9503164 3.2422965 1.6358204 14.612928 1.56761 95.77779628782872 
Car -1 -1 0 768.0225074940653 182.68707885238783 1027.1340872736366 332.9804851905449 1.4383596 1.6420145 4.0164347 3.3109236 1.5911711 9.191499 1.5541514 92.04983799413985 
Car -1 -1 0 361.85549836877937 189.31685978533255 452.56257552533486 249.4526860120054 1.5051503 1.5538356 3.6576214 -5.749199 2.0241776 20.907608 1.58603 65.66722582452847 
Car -1 -1 0 680.4041284789718 183.01103908164998 746.7057420103757 230.5303645629945 1.4362379 1.5405767 3.6399953 3.4441295 1.8067571 24.461878 1.5164616 63.94118930950274 
Car -1 -1 0 436.2773931370547 185.77987206406132 506.54703686055467 225.73214863713523 1.4556329 1.6375315 4.1635795 -5.6220493 2.0294604 29.862165 1.6993651 32.748935481769685 
Car -1 -1 0 997.1990491754723 154.73951303487385 1242.0 264.24462924431975 1.5128338 1.6144875 3.8962932 8.213005 1.2625787 10.887332 -0.058177423 114.62427066181858 
Car -1 -1 0 650.8204117114085 178.98903077577177 690.0810881466464 209.6367509227874 1.5385273 1.5509518 3.665053 3.2313018 1.8849692 38.86041 1.4973738 11.642409125993106 
Car -1 -1 0 668.3817518860924 180.6283950780158 719.6959081734502 220.56407241496362 1.5240519 1.6017511 3.9959204 3.4815404 1.872645 30.33675 1.5475727 10.522870431229181 
Car -1 -1 0 503.67827106378166 180.7026448488007 530.7530726360962 206.24274347071906 1.4814457 1.547654 3.647845 -5.7110815 1.9904001 44.900967 1.4776343 0.8870249364556448 

