Car -1 -1 0 217.29027221902572 191.22668152190326 443.86155083820404 324.1280118302849 1.4340293 1.7654041 4.5324383 -3.7839081 1.7655221 10.719787 1.532058 129.24120254777398 
Car -1 -1 0 403.98535790323893 187.44680214877764 493.1531025486929 251.99321742478512 1.4233594 1.5004851 3.3850102 -3.995329 1.8292754 18.37426 1.5757041 87.69968131432614 
Car -1 -1 0 0.0 205.47922738097958 265.45909006941537 337.5537212687313 1.3575382 1.6308193 4.006213 -6.7481275 1.9193295 10.416496 1.5769053 87.63351548387293 
Car -1 -1 0 643.6068463966457 176.5763762023854 686.4834157521336 213.3121719702405 1.5089498 1.5821551 3.7253938 2.3967423 1.6830801 31.884714 1.5635463 64.62534578570266 
Car -1 -1 0 764.3649999936621 161.63282031401997 914.3196099179181 211.39587943651537 1.6514962 1.7537713 4.609555 7.846448 1.2790966 24.899307 -0.033459328 39.17357662523843 
Car -1 -1 0 751.0269643755713 163.44093685950392 869.4415047436421 204.25539857435922 1.5365413 1.6699164 4.127069 7.7403326 1.1821678 28.0591 -0.029461052 16.70041511772025 
Car -1 -1 0 485.3842478579484 181.39286012420763 522.0414723653811 206.37412316386306 1.5250118 1.5937569 4.0471215 -6.922241 2.1119587 47.529156 1.6314788 4.907074568784258 
Car -1 -1 0 717.9477792886347 166.69279806238592 813.3742108352689 200.03524069378003 1.5412633 1.6703634 4.1603236 7.3413405 1.25646 34.188717 0.00012537793 9.829775866895734 
Car -1 -1 0 449.8634247059616 179.82112599886466 500.1387717592218 215.739211175437 1.6628814 1.6313436 3.9821973 -6.6850457 2.0320797 36.212418 1.6119292 0.6630693206837215 

