Car -1 -1 0 698.9719216881654 173.37411890666993 835.5707477770336 267.8466338282457 1.4818474 1.6081555 4.223583 2.74162 1.4930718 13.456085 1.5666276 94.20408092234115 
Car -1 -1 0 358.5789287198029 179.41737429520182 502.4716369551133 274.31015569184393 1.4525459 1.5988514 4.1005507 -3.119649 1.593118 13.391809 1.5855471 81.16764932649684 
Car -1 -1 0 677.9707400293363 174.14006682978922 763.050669210895 236.3205285259971 1.4469585 1.5618746 3.9198284 2.7828197 1.4840604 18.843874 1.5551404 53.505644647628685 
Car -1 -1 0 503.474491955528 173.90182329754575 553.3707333621438 217.8090637714238 1.4683084 1.6008184 4.05087 -2.8856223 1.5095047 26.29797 1.5103071 52.56391909816979 
Car -1 -1 0 176.13401171247432 187.83868954425375 456.5847710213778 375.0 1.4810734 1.6523569 3.7099724 -2.8382897 1.6838374 7.8837423 1.5398182 80.98227596031536 
Car -1 -1 0 651.6809733324362 161.43232905364465 708.2267959437121 211.43198649263283 1.8376083 1.6209998 3.799644 2.7052479 1.4178342 28.468073 1.5038047 30.399362792898856 
Car -1 -1 0 631.6438059327476 165.36550099759006 660.4773953573001 191.8140567747373 1.6503325 1.5907296 3.7993321 2.3371367 1.1830661 46.941444 1.5456586 15.197116253653085 
Car -1 -1 0 657.6730140589003 171.40351762708315 726.4832920587235 219.80486741448823 1.4693371 1.5634131 3.8179553 2.6417863 1.4253042 23.867817 1.4931873 36.20107620709462 
Car -1 -1 0 536.4255475981864 171.55621474470504 571.0591965101489 201.1484642216753 1.4399667 1.5246525 4.380316 -2.8336036 1.3768159 37.312977 1.5538509 10.908770441736992 

