Car -1 -1 0 517.2078083369796 177.9582835001774 751.4074938598442 334.0275899715577 1.5314164 1.5767916 3.6791859 0.52361846 1.6106793 9.207597 2.0425148 134.9415382950445 
Car -1 -1 0 734.4792473580592 181.36094731488518 851.6197331503502 263.92009728829197 1.4687192 1.5824412 3.6756115 3.9781015 1.6719391 15.241882 2.0558758 134.02236387086637 
Car -1 -1 0 80.53384596305162 179.46339678970344 594.7307651886463 375.0 1.5211126 1.5593642 3.4334247 -1.5913023 1.5874217 5.3542566 2.0273602 105.36968851900136 
Car -1 -1 0 1018.4954619954596 187.91473277728517 1102.101078000221 255.49192483648523 1.6058294 1.6447806 3.1931021 12.228657 2.0553904 19.742039 2.0342257 54.924700363354155 
Car -1 -1 0 873.4301265449213 177.89234792585276 926.4319875802969 216.63847082193533 1.6143866 1.6476742 3.8672783 13.200068 1.8571788 32.687565 2.109118 25.96017444656761 
Car -1 -1 0 907.3594941937147 181.20719312987646 941.7395126733625 210.72961535925046 1.4910557 1.532592 3.6928158 17.303053 1.972172 39.56423 2.0358677 9.280279556764736 
Car -1 -1 0 727.2194849679198 170.96000040461135 837.4794679315331 216.87515705352368 1.7406954 1.6303575 4.0370235 6.9307284 1.6688915 29.006706 0.4780444 10.24185520786247 
Car -1 -1 0 1009.3116128546349 183.78356850121747 1043.9223672121386 206.22335433015772 1.4853765 1.5950991 3.9179728 29.948418 2.3003182 51.769653 2.2413998 1.5937817291203908 
Car -1 -1 0 1019.5365864347544 189.32710189479818 1080.7882766968874 242.46839606416714 1.516073 1.6076715 3.520859 14.431078 2.101122 23.701687 2.1069832 1.1793665584386344 

