Car -1 -1 0 669.0515914164558 176.3765829376214 736.4114595672105 227.17934841195236 1.45032 1.6187495 3.7388277 2.8484147 1.5704508 22.732525 1.5649294 91.95442020822271 
Car -1 -1 0 731.1139569548562 181.23152448313792 921.6837541565543 310.137952511043 1.5135452 1.6517943 3.87178 2.9477577 1.6597848 10.659405 1.5708071 98.44588092528683 
Car -1 -1 0 312.19610208104297 172.91455054753865 467.10966343843916 227.61459999844487 1.5266536 1.6551137 4.0321913 -6.403961 1.5285237 21.212746 0.12506513 69.33641863739852 
Car -1 -1 0 647.0283678741927 170.4632994535761 690.8194478425597 207.61170078114532 1.6285391 1.6422856 3.869429 2.704846 1.5237336 33.58274 1.5499167 33.105568343013694 
Car -1 -1 0 139.02277327126896 169.9726597051205 394.16187497293964 263.44715956139856 1.6356909 1.6691628 4.001174 -6.295186 1.5852709 13.528645 0.034253396 75.13581954136612 
Car -1 -1 0 640.8850153436105 171.90400928959207 665.4118640041116 195.47230227188376 1.5354655 1.5944959 3.6314394 2.920055 1.4735737 48.856125 1.6136568 6.007471089669949 
Car -1 -1 0 365.7970896835749 163.217320464503 495.5832066521009 216.83217763686315 1.8753271 1.7262219 4.261607 -6.4091077 1.5382576 26.149086 0.022731172 20.141348808474007 
Car -1 -1 0 22.407570506080805 178.5749910999366 349.3009357408049 287.0725476969857 1.4990609 1.6318891 4.090053 -6.3118844 1.5938647 11.01274 0.06347856 12.738100226601686 
Car -1 -1 0 423.59135933572014 172.56426687071615 520.178108197799 206.54335715829168 1.5372226 1.655848 4.2753034 -6.352938 1.5241148 33.647625 -0.08434938 3.931322299319102 
Car -1 -1 0 0.0 154.65934479874343 271.09391672356026 316.63013674807354 1.7852004 1.678338 3.9973767 -6.53772 1.5846635 8.833808 -0.021127054 10.87507043445673 

