Car -1 -1 0 335.7951751523514 186.91326172549242 458.5605165789267 263.3451156387479 1.4362258 1.5701503 3.5282936 -4.336181 1.4766681 15.356218 1.5778441 89.55661615015015 
Car -1 -1 0 436.78622237643924 183.62551214281243 501.35767956599665 226.8807855891119 1.4073527 1.5465227 3.9593632 -4.786221 1.3556144 25.374212 1.5631614 60.06688597551712 
Car -1 -1 0 25.97264676851444 195.89290093879123 249.8435919803478 286.58977584293865 1.3553278 1.6451305 3.8558073 -8.279906 1.5795302 13.147675 1.5468687 82.62739586525768 
Car -1 -1 0 485.76584411702703 181.53215935893718 524.4382451307323 212.82948829581366 1.4295757 1.5343689 3.5424185 -4.8713994 1.2613218 34.643692 1.5193291 28.274206543918073 
Car -1 -1 0 299.0347228916345 178.7442092746864 383.92278482142996 230.06351337105596 1.553252 1.6572521 3.6581097 -8.626747 1.3573831 23.639204 1.5015559 34.34002928206294 
Car -1 -1 0 577.0618822721033 177.30304742443792 608.8526887218953 207.54336180299535 1.5239325 1.6024176 3.2708704 -0.7479388 1.1251818 37.876213 1.5520923 16.21842274414159 
Car -1 -1 0 467.2624396634541 174.43356843891866 498.0986555343955 195.51651058607902 1.5289791 1.6525854 3.8170552 -9.319734 0.74703646 54.04252 1.5720677 3.990775320861796 
Car -1 -1 0 423.5884392665886 175.35829115486177 467.7353442249786 202.1199484331676 1.5220387 1.6363423 3.8623571 -9.568972 0.9614099 42.8441 1.6076136 1.4605151374765086 
Car -1 -1 0 482.07247579116904 167.34049754103765 523.6788519580357 183.04539073959256 1.4783525 1.6033082 3.7618532 -9.949477 -0.2100046 68.72806 -0.015290642 0.9494884827344418 
Car -1 -1 0 104.65855709096604 171.09504193540687 248.79108909998857 241.6656190858926 1.823015 1.648354 4.393974 -12.227961 1.458243 20.791985 1.5389295 2.5022277461315174 

