Car -1 -1 0 785.8010676706645 183.6063528172354 993.3594108114376 258.5589355536175 1.483249 1.5871072 3.8532226 5.9279523 1.728559 15.507029 -0.0851516 75.30998185889942 
Car -1 -1 0 742.7328111326462 184.06847833531899 927.5494984868294 244.36726158933251 1.4166117 1.6026635 4.225583 5.6975956 1.7198755 18.432373 -0.13559157 54.98107113841998 
Car -1 -1 0 884.2352386440156 186.56664898442148 1210.0691652165194 299.7508764619529 1.4794086 1.5848197 3.780219 6.176403 1.6940889 10.464378 -0.020912485 68.73604784401962 
Car -1 -1 0 631.9978451582803 178.26163348633676 679.5456865236699 211.91887232748715 1.4494843 1.6404111 4.2461724 2.1072726 1.7203295 33.956833 1.4906707 45.51319676025911 
Car -1 -1 0 0.0 183.98663512974986 291.31129554643275 312.11357344067903 1.5583932 1.6220198 3.8998704 -6.6208572 1.7225792 9.783234 0.024290755 56.628382125314836 
Car -1 -1 0 846.7702128542835 183.9719179736961 1106.829793275389 273.53849967980585 1.4617186 1.5822432 3.911808 6.479811 1.6759 12.955065 -0.080066614 25.920365587029266 
Car -1 -1 0 128.36040298252524 179.26621120499405 378.85419146135536 267.1277050780792 1.609655 1.6850469 4.126053 -6.895327 1.7453434 14.313335 -0.055214766 66.6282099103235 
Car -1 -1 0 405.66623238969123 178.7432458711592 506.6222752705737 214.79547933235892 1.4769568 1.5950912 3.9326508 -6.480735 1.7347974 30.717285 0.038583145 15.38239528291647 
Car -1 -1 0 374.31895061851276 178.04309281527972 488.6740555966466 219.72055549384547 1.5616312 1.6211734 4.042462 -6.8686333 1.769637 28.083794 0.014200633 37.381076151876286 
Car -1 -1 0 739.4239148316973 170.5407698618805 893.6125540663753 236.2974076070633 1.7962832 1.6720563 3.9131165 5.861599 1.7330923 20.691404 -0.07541074 22.938106862836875 
Car -1 -1 0 403.51087441084036 151.3245093566097 437.34345880783707 177.11381345919517 1.9481578 1.6903105 4.0472717 -14.775621 0.3217916 56.551876 1.5434701 4.474066682716947 
Car -1 -1 0 196.7161541129162 162.1144139364376 417.0026573645395 247.58008870135805 1.9007307 1.6961088 4.45856 -6.971086 1.6618855 16.94284 -0.021624833 6.874080438395987 

