Car -1 -1 0 718.4209367723794 186.3100074336605 852.4478354473433 286.252420555762 1.4236828 1.5594177 3.5601473 2.8954792 1.6916208 12.5654545 1.599772 80.40384127270298 
Car -1 -1 0 782.4407053816916 173.43063734402892 967.964798540431 243.43536820012588 1.6193537 1.6717705 3.9481483 6.3797765 1.6342332 17.662567 0.06177476 78.55955083951875 
Car -1 -1 0 289.19669223991013 181.48284251356807 460.7860857221038 238.09839183336877 1.4745562 1.6267806 4.1972528 -6.360878 1.7220056 19.867607 -0.005034861 29.103105732782577 
Car -1 -1 0 637.9601108131317 177.99879345932894 666.7295052064742 203.11449711276066 1.5197709 1.6729579 3.984919 2.716561 1.8655221 46.486126 1.5850924 18.169535793930606 
Car -1 -1 0 194.1296997182025 181.0412497825456 426.769391926966 260.5034075850261 1.5308731 1.6228753 4.1653852 -6.0928802 1.7110097 14.9802685 0.04049278 63.32769232673938 
Car -1 -1 0 375.4110935903913 177.44475800179538 488.5817229618316 222.804954676438 1.6287358 1.6496611 3.848041 -6.5679207 1.8059599 26.97081 -0.030886894 20.080255269166912 
Car -1 -1 0 26.494023411140862 181.9751281896627 371.54038655990956 304.74687119002033 1.5604873 1.5967753 4.0070324 -5.6350164 1.700708 10.198144 0.048301287 80.6554603174996 
Car -1 -1 0 123.21061217358948 180.59524824034122 385.2701420947236 276.7358230383477 1.5442502 1.5855482 3.8317013 -6.096985 1.6894346 12.633297 0.05607172 43.62806774960103 
Car -1 -1 0 696.6050122223668 180.9895977563483 797.4102554713851 216.56335957097514 1.4486233 1.5845983 3.9499683 5.8738246 1.8106854 31.000523 -0.16746064 15.312361793912707 
Car -1 -1 0 235.61332175413702 179.96034260140328 416.32188434640415 248.87054499331208 1.5692843 1.6055124 3.7621357 -6.767445 1.7503767 17.50071 -0.044908196 19.808663919891202 
Car -1 -1 0 714.0375656259326 182.2509714628778 824.0857155897334 221.2751584651324 1.435063 1.5742482 3.8797097 6.1759624 1.8149803 28.108578 -0.14714456 16.36538317922937 
Car -1 -1 0 336.2438168496927 180.88795259038534 473.3598103326911 232.30684910447704 1.5119166 1.6213436 3.7732885 -6.2726946 1.7705088 22.355936 0.030864019 14.488268662683327 
Car -1 -1 0 623.7082073255655 177.8333716192333 644.3051460386224 196.07311188104757 1.4765503 1.5688468 3.8783448 2.1103446 1.9147302 61.497616 1.653026 1.323286679899403 
Car -1 -1 0 389.984924216787 168.35228856992407 500.64139802991116 214.2656726966961 1.8196852 1.6356199 4.155212 -6.6379538 1.6412687 29.447206 -0.015784653 5.134687302307478 
Car -1 -1 0 697.8620431073382 174.99521416284807 787.8708857680663 212.83167791733 1.6665398 1.6197338 3.7259707 6.045143 1.7672583 32.918083 -0.11693732 1.6529537356070145 
Car -1 -1 0 475.4530688927682 179.12924331883443 546.0639154908966 205.24361976542602 1.5260825 1.644086 4.002959 -5.9117236 1.9115181 43.450294 0.022944408 0.2595905065536499 

