Car -1 -1 0 768.495605364181 183.25334959884574 977.0084064211935 257.130971624801 1.4851217 1.6640468 3.9192295 5.613374 1.7244135 15.683178 -0.045139696 122.12074907224766 
Car -1 -1 0 638.3982400691829 181.2183009095506 686.4517189596561 218.0965691134192 1.395502 1.5687675 3.8796628 2.1469524 1.7680749 30.168625 1.5288694 27.548610001278035 
Car -1 -1 0 335.4441016695144 179.95116978096277 479.53679115249855 228.2728295807716 1.5145953 1.6257848 4.271686 -6.550954 1.7555817 23.678612 0.0039980616 67.30909220225075 
Car -1 -1 0 194.6242289747281 185.74237771586127 406.8584558292114 258.64804766541056 1.4350388 1.5643231 3.845021 -6.444711 1.7243326 15.348772 -0.03393439 33.5748784392732 
Car -1 -1 0 0.0 174.43929892398137 325.1091005917715 306.1904797664047 1.7070129 1.6662161 4.062935 -6.4373283 1.7319877 10.369816 -0.0823199 84.3209548994795 
Car -1 -1 0 77.77693104708898 186.5508464494288 364.7553041329162 275.70745113067795 1.4321342 1.5993527 4.2081685 -6.716628 1.693759 12.832114 -0.07253168 20.749298835954995 
Car -1 -1 0 376.8591482651455 174.45617915523147 484.0674107901614 215.89065171111324 1.7286453 1.6815321 4.179248 -7.679934 1.7999794 31.151539 0.06449697 6.420467692689712 
Car -1 -1 0 232.4654385102814 180.75405798267434 411.1503642451881 242.293134763154 1.4535604 1.563155 3.8574498 -7.124024 1.6607488 18.08997 0.02693137 3.212709048254499 
Car -1 -1 0 620.8703692169444 176.14985408994914 641.4133152913577 195.52008204769527 1.4821811 1.5919279 4.1210604 1.7233036 1.7566032 57.99798 1.5952442 4.466842337537266 
Car -1 -1 0 549.6552903357049 177.61579524035935 575.6765093930156 198.16664483823874 1.455328 1.577121 3.8960493 -3.5481167 1.8258603 54.09584 1.4089638 0.6994469835037948 
Car -1 -1 0 485.11485908365324 179.5037059469024 523.2688997046798 210.69607179994247 1.4972603 1.6035645 4.072812 -5.4353857 1.8628895 37.596554 1.5168282 0.3939102590084076 

