Car -1 -1 0 663.3470928622024 188.7448389515026 720.4524211660149 235.81381368346626 1.4791927 1.610881 3.6675916 2.8660963 2.0867388 25.750406 1.5683348 71.22090175576673 
Car -1 -1 0 759.1876768538566 200.12411378717633 1031.7212979924782 375.0 1.4574876 1.5980103 3.6548743 2.938414 1.8401418 8.276415 1.5439818 96.43412350464679 
Car -1 -1 0 705.9762272190716 190.1198401966877 843.1360346278743 289.05644343792113 1.522566 1.6616378 3.8204246 2.9536552 1.896579 13.703216 1.5504041 80.87493416384905 
Car -1 -1 0 345.417416073719 187.00603247028857 484.9798191250565 235.48823539379484 1.5209835 1.6804093 4.2096806 -6.472393 2.0169392 24.26052 0.089839414 51.75680611997618 
Car -1 -1 0 230.75498095824443 185.14213470208753 432.2816800120063 261.0555864379117 1.6154011 1.6774604 3.976358 -6.273997 1.9129148 16.559092 0.03632983 57.77178368843877 
Car -1 -1 0 647.3892375963133 184.6462414856476 685.7593380025415 218.93088780433226 1.5888224 1.6307554 3.6703641 2.838994 2.2161438 36.543896 1.5644159 19.701230808907066 
Car -1 -1 0 384.378756570766 176.51329103991316 506.1121339018132 225.25744601584321 1.9023151 1.7559743 4.5185776 -6.5766087 2.0549536 29.195837 0.010378784 14.830997389281482 
Car -1 -1 0 150.9046103085226 191.67969557802792 400.34919927599253 276.94887427593494 1.4919665 1.6409333 4.094837 -6.3468366 1.8810557 13.975674 0.057644762 14.419413428801324 
Car -1 -1 0 0.0 175.71149359225805 341.0224560997923 321.21200553758825 1.7451084 1.6679765 4.2083583 -5.984563 1.7866641 9.591284 0.03247027 35.33904669901309 
Car -1 -1 0 449.52140861673973 186.6627455154668 530.5814382690106 217.69932402858763 1.5041432 1.6295338 3.9257479 -6.0318723 2.2250633 36.734898 -0.061985396 0.3100891709327698 
Car -1 -1 0 630.4467991172021 183.3409705814584 660.15018269524 207.8771341209378 1.6488258 1.5761344 3.6049116 2.539299 2.4315348 51.973408 1.4582831 0.28487712144851685 

