Car -1 -1 0 5.595153059140617 193.20329803990694 236.43392279519622 287.9122436360171 1.3830901 1.5504782 3.842318 -8.318712 1.5463669 12.759305 1.5524812 94.44791858912512 
Car -1 -1 0 576.462635384916 174.31284706803848 653.5688817234862 247.1258972298014 1.5771664 1.6713941 3.3169327 0.15246576 1.3410053 17.237993 1.5602118 62.358361707997354 
Car -1 -1 0 211.5598460638737 182.47898576240388 417.19697573486604 307.8093372489058 1.5555301 1.6067028 3.4342139 -4.0946503 1.5215635 10.650974 1.5857613 109.55672862221459 
Car -1 -1 0 479.197474851583 179.04036457425926 526.6298422917076 216.06166900254743 1.4825201 1.586876 4.2512164 -4.417436 1.2352285 30.942152 1.5309551 21.91958924776873 
Car -1 -1 0 424.1868809328972 184.6362491243914 495.34657857612297 231.63252734592993 1.3786191 1.5137209 3.4112043 -4.5927877 1.3616211 22.803616 1.585069 69.85023755372549 
Car -1 -1 0 339.9247973607554 181.60262697313138 418.99244336903996 224.58827344119766 1.4622513 1.6234864 3.9039097 -8.261921 1.3393447 26.416155 1.5842342 51.76115948733621 
Car -1 -1 0 83.41394047343569 187.01134828251148 231.91210366081202 244.03174935388017 1.4180348 1.6259481 4.1089845 -12.339745 1.4733417 20.07423 1.5552381 21.897237109599992 
Car -1 -1 0 216.58977599565875 184.31314784800267 301.4442520618844 226.97365177831801 1.486548 1.5365804 3.7375145 -12.943705 1.4550977 26.956429 1.5172905 8.063738626848776 
Car -1 -1 0 151.28636612540544 186.73414591542064 229.26625458757027 221.71391299290266 1.4626665 1.627779 3.7202077 -18.546345 1.5346771 32.15869 1.470532 0.497912298142085 

