Car -1 -1 0 409.7860311048939 185.4098513463265 493.8361116231989 239.09109621837138 1.412087 1.5736526 3.5194197 -4.373413 1.4181595 20.703026 1.5982072 70.56894963634153 
Car -1 -1 0 465.92466786515246 181.87412481923184 518.7851794061388 218.4759834846321 1.4637088 1.5756748 4.0232787 -4.8415666 1.3300792 30.767803 1.5825269 41.21842306198225 
Car -1 -1 0 136.96081605770073 196.630810634376 397.2645225678462 336.3477032383816 1.3883526 1.6009194 3.9801707 -4.119111 1.5705935 9.47347 1.5543544 87.3629603731874 
Car -1 -1 0 359.1304467812251 179.30764110887614 424.8706899103459 221.47347521344165 1.6001966 1.6385734 3.9785829 -8.679426 1.3759854 29.302752 1.5285593 33.27989974391496 
Car -1 -1 0 501.5277697463394 180.52742700032198 537.12563073446 208.39889311464037 1.4857262 1.5664072 3.722847 -4.8659244 1.2358116 40.187878 1.5619432 19.399792141765545 
Car -1 -1 0 580.3237668148234 178.1839436542601 609.7667876448652 206.97638706268305 1.4948783 1.5288761 2.7811089 -0.6497996 1.1297958 38.72332 1.5570258 15.296258160783974 
Car -1 -1 0 214.25220767000525 188.7341759455965 334.17678023000076 248.6237377838571 1.3768141 1.5295435 3.5166605 -8.426375 1.476115 18.511368 1.5461075 16.65250987489293 
Car -1 -1 0 0.0 189.52892731627003 144.6225990201604 252.27349532149756 1.4485441 1.5950141 4.0561438 -13.875906 1.5605273 17.696115 0.08527609 13.816956435203046 
Car -1 -1 0 212.56627713141108 170.4725435541719 316.7550326779928 228.2897301367049 1.9271545 1.8166815 4.407907 -12.319461 1.4357377 26.19389 1.5373698 16.85027846284719 
Car -1 -1 0 347.1505301203965 180.99391210408294 434.15413031236756 209.92067245900114 1.4838474 1.6039641 4.076255 -11.304928 1.2672837 37.688164 0.005520614 1.1751186242814942 

