Car -1 -1 0 685.685292723535 186.6203377677168 772.4588064546226 249.91990583254952 1.4409645 1.5526022 3.3826735 3.0326152 1.834701 18.907288 1.5183531 85.87131987302129 
Car -1 -1 0 752.7660183548734 187.2225245247589 865.8949799767897 229.18800002011957 1.4343132 1.5928588 3.689783 7.170102 1.9725568 26.146835 0.046824418 65.12145799688375 
Car -1 -1 0 0.0 188.11282625514534 276.79548303866386 320.07365571382684 1.4953647 1.595324 3.7491908 -6.52623 1.7108836 9.288181 -0.056898654 82.0180139163333 
Car -1 -1 0 51.26781102196769 191.57569934460366 370.8692730528598 296.5353101370452 1.4685465 1.607757 4.119483 -6.076729 1.7885605 11.383794 -0.07181862 56.73792953359702 
Car -1 -1 0 344.76672613630797 179.2975119789998 479.4891627034664 231.7883980431178 1.6318152 1.6525811 3.976719 -6.363287 1.8504126 23.566525 -0.043409884 32.63371860797501 
Car -1 -1 0 298.2368549162284 177.4239371155218 461.7458760908113 247.4944164391945 1.7193716 1.5983412 3.713926 -5.865016 1.8432868 18.691751 0.04010074 50.10971933738524 
Car -1 -1 0 459.1066487643533 178.24518278988398 535.9298347749918 207.62470635087826 1.679062 1.7099793 4.243128 -6.544098 2.0026188 42.430374 0.008695608 17.42083738993111 
Car -1 -1 0 166.13484334958596 184.25159657834936 398.74717501201434 269.8271693435264 1.5293689 1.6123835 3.7593489 -6.1854777 1.7622378 13.927063 0.004675492 47.482743920681834 
Car -1 -1 0 237.26463571544483 187.27491185494648 443.6408793698754 257.7419169374167 1.4774134 1.6122344 4.0888257 -6.012762 1.8230448 16.394522 0.045786433 25.933489080439813 
Car -1 -1 0 720.6378067589399 182.50363369066838 828.6659643935925 223.78390363194652 1.5835036 1.6715362 3.9602604 6.557353 1.982047 28.940363 0.012353566 4.63731757376138 
Car -1 -1 0 481.5592953468659 177.37774022205016 552.1161743984437 204.24519863336448 1.7235966 1.7249484 4.4901466 -6.067077 2.027968 47.580456 -0.0469518 3.9466769376645416 
Car -1 -1 0 694.1053217047767 183.25179161012588 778.4352214384301 214.58253754138968 1.5169213 1.6018474 4.0293803 6.3461714 2.0550437 36.438187 0.051692113 1.2168004338267784 

