Car -1 -1 0 88.30102541947359 195.37386831968527 322.59113488943257 321.35450876970515 1.4668434 1.5368923 3.5410044 -5.7657027 1.8595437 10.808667 1.5669131 124.88724034212011 
Car -1 -1 0 723.5592083482284 181.004148530729 857.6764138238298 265.3496732220177 1.4241445 1.591811 3.7066185 3.454912 1.6085978 14.439037 1.5208539 126.56196970502405 
Car -1 -1 0 339.3380181623797 184.26367735042714 458.85474001097634 245.27345600907705 1.4334769 1.6813023 4.2381086 -5.65907 1.7840718 19.97329 1.6799521 82.01518176312325 
Car -1 -1 0 664.5090993788446 175.55035161737504 715.1368255340577 215.42852057681327 1.4782051 1.5491136 3.7037852 3.1463604 1.5930405 28.86401 1.5525337 55.2141863040146 
Car -1 -1 0 689.2505107746769 177.32446051693185 777.6638078281024 236.35204992421285 1.4554148 1.6263698 3.9741116 3.33481 1.5925682 20.116665 1.527932 48.036089043539135 
Car -1 -1 0 467.47911061198056 175.92859861907007 510.860607274082 210.446765089676 1.5649519 1.6036167 3.6073806 -5.762603 1.7213178 34.866844 1.5384429 22.86253392399759 
Car -1 -1 0 490.91444116323095 177.7905033358002 530.7849218047651 206.32048112388864 1.4935925 1.5711933 3.57578 -5.455288 1.7813085 40.22936 1.6199381 1.1709218494009785 
Car -1 -1 0 66.510276650483 187.27900493118813 217.17238142904404 235.15641919818503 1.491029 1.5711621 3.9283283 -15.361988 1.9845854 23.835787 -0.033989217 3.587479192524119 
Car -1 -1 0 503.05018930998546 172.39038443877845 552.5053773685883 192.48035479203938 1.6231143 1.628609 3.7239974 -6.7560873 1.5856575 59.660824 0.3249491 1.3576059425269935 

