Car -1 -1 0 701.6796727333898 173.6256986256648 849.9516707770397 287.8755843865372 1.6567569 1.6745703 4.0826135 2.6789982 1.6723616 12.540661 1.5811052 113.04791852391239 
Car -1 -1 0 673.740403904052 179.95279753663752 766.5057898590264 246.5260325129383 1.4783969 1.6517417 4.183044 2.7147298 1.6820148 18.584854 1.5460188 52.32204708386832 
Car -1 -1 0 652.150548766404 175.39643084129565 705.6861502688045 221.1050174952352 1.6236914 1.6034222 3.5573647 2.591363 1.7274165 27.634277 1.5396649 62.66689638907217 
Car -1 -1 0 0.0 191.38729054079465 330.5895779675523 310.497048198893 1.4773751 1.5742786 3.8413572 -6.1221123 1.7584105 10.079508 0.039173383 83.30255707596048 
Car -1 -1 0 104.80282832087721 184.56639132742296 379.71309768998793 280.798456205543 1.5395293 1.6538723 3.9772313 -6.2802725 1.7601683 12.67898 -0.04389996 78.75103466787054 
Car -1 -1 0 635.826968027275 178.33463355377455 669.8230020230923 205.56120412058067 1.4651613 1.5240752 3.5222545 2.4398875 1.793049 41.36138 1.5075107 20.15081773059708 
Car -1 -1 0 368.5652755864019 183.1349005162765 487.3431171582324 229.10656787035035 1.5775058 1.6035541 3.8596077 -6.4951744 1.9611588 26.040485 0.043631382 8.129123449539852 
Car -1 -1 0 173.35822675647378 187.18078170100492 399.8943982246922 260.46689541602575 1.4366376 1.5672579 4.0892444 -6.7064056 1.7558193 15.267496 -0.011657819 8.062963029430477 
Car -1 -1 0 488.51259821575627 180.84712742772027 522.2153991093456 210.5923825908925 1.425459 1.6033685 3.9046407 -5.3959727 1.8654869 37.69417 1.463313 2.6468878886603164 
Car -1 -1 0 453.23236597539994 179.56337215330103 532.3453180347443 208.2952681838822 1.4953504 1.6039941 3.975753 -6.234422 1.8637732 38.782425 0.018403562 1.589526521874831 
Car -1 -1 0 399.3571887492907 170.0166033389663 495.6433933224861 211.20204240073713 1.7300249 1.6953397 3.8054156 -6.948674 1.6108378 31.203487 -0.024889562 2.4101117049363947 
Car -1 -1 0 620.6655144334694 174.04341620491874 640.06048225953 188.59069437629077 1.4656699 1.6721148 4.021206 2.138681 1.5928392 75.08899 1.5120087 0.4983288145389627 

