Car -1 -1 0 437.3204486238269 169.89422184689047 519.4744610977618 202.03136698071856 1.4908786 1.6345041 3.8041978 -6.3279123 1.3535709 34.70671 -0.23263912 41.437942464814746 
Car -1 -1 0 699.1098477860845 168.88981625017078 741.1394829125899 190.4206982886883 1.439298 1.6136129 4.019848 7.6647625 1.1742997 50.363438 1.3710961 19.912249012265868 
Car -1 -1 0 978.9516082913177 162.5599706781493 1033.1344774808615 182.98616248865008 1.4741604 1.510899 3.4774928 29.595793 0.73123896 53.95788 1.2703829 42.80221313654664 
Car -1 -1 0 908.7985875618648 162.85663894913498 963.2358361337962 187.29159199051028 1.6782215 1.6339732 3.8249142 23.27657 0.9915906 51.589405 1.3785053 7.83573275616657 
Car -1 -1 0 775.4971667147414 166.71878635068822 825.3576327500141 187.5061832005236 1.4196886 1.7657781 4.2759914 13.568051 1.00068 51.54381 1.38151 4.034122255538736 
Car -1 -1 0 59.14502070283994 174.39797125665143 114.7520021696271 196.71292882007978 1.4610307 1.6523606 3.6774962 -35.75392 1.5710666 49.467346 1.3939724 3.2221246023075176 
Car -1 -1 0 731.1686771031555 166.92276830445294 774.7607873837078 188.22890538367653 1.464414 1.6545277 3.5822399 10.19656 1.0567482 51.53502 1.314663 7.193518825743716 
Car -1 -1 0 98.10173581743221 172.6556498662139 152.07893894903225 195.62048573924906 1.492322 1.5858948 3.9220705 -32.793728 1.4794323 48.956154 1.397185 1.34062667001998 
Car -1 -1 0 605.1517214613783 164.64969824403732 659.9531921600538 188.35083172686214 1.5730157 1.5635142 3.5985708 1.5597236 1.0285058 49.663696 0.722342 4.6341093278240395 
Car -1 -1 0 145.08608959717552 160.0478533344984 196.4633805022433 193.73386966019083 2.2981935 1.8339782 4.4498377 -31.294853 1.4245071 51.600273 1.3440559 0.5419032367833962 
Car -1 -1 0 1067.051261441011 163.89530668714698 1135.6346009331455 184.53006006455328 1.5400872 1.6388538 4.0006757 37.452446 0.8714495 55.03193 0.1883791 0.2559920847415924 

