Car -1 -1 0 418.3842441715143 191.9962444503607 548.4003641015338 269.8392982905526 1.4003229 1.5774214 3.8323498 -2.9157186 1.8801337 16.03665 1.0310149 106.02658125299347 
Car -1 -1 0 944.8649940794148 164.61266344780952 1100.8800899927876 241.3506424365612 1.3983102 1.7187564 4.1786942 8.5656805 1.2481375 15.373543 1.78882 88.76211907622414 
Car -1 -1 0 847.3208651567493 164.30257984277327 931.9457033250172 230.75452216005155 1.4048772 1.5039735 3.3380089 6.516206 1.2240894 17.060143 1.8297988 56.850278998085074 
Car -1 -1 0 314.12853057463946 184.19662748168912 374.345692032012 225.69398759834294 1.4895997 1.6325963 4.010341 -10.799485 1.982628 29.218029 1.048133 34.89078458675289 
Car -1 -1 0 110.21422612562587 189.46552602978554 155.86968559516606 221.72209720787987 1.547095 1.686354 3.7998662 -25.56939 2.4884818 38.816254 1.0849769 23.64945305241363 
Car -1 -1 0 1050.4901115133064 152.3225927310105 1242.0 229.96639090619954 1.6114322 1.6715199 4.068764 13.038392 1.1853199 17.164524 1.0867871 33.254594285313495 
Car -1 -1 0 300.0460572334771 182.50683071729713 348.75792198131643 218.78636486855473 1.5555229 1.6544135 4.2507586 -13.645878 2.046031 34.402702 1.0722845 19.559637828104368 
Car -1 -1 0 499.85158274542243 172.07362400167085 587.2482420535448 209.03899966774645 1.5967845 1.6319258 3.5917058 -2.9235756 1.5630746 32.283012 0.17423008 47.798202913231606 
Car -1 -1 0 559.8432171060127 149.55752469074832 885.9803824593214 351.4757870930976 1.9468368 1.782291 4.5436134 1.1197985 1.722219 9.37731 1.0692372 2.322455569837352 
Car -1 -1 0 439.88115832755557 180.62815029760927 526.6397728322321 210.78641459003194 1.5096905 1.62747 4.1758924 -6.5626154 1.926966 37.691235 0.10954692 0.2859560251235962 

