Car -1 -1 0 727.3335540643003 185.44236406166237 924.6720172285649 265.7102373919107 1.4926845 1.58322 3.5122607 4.3289676 1.766259 14.702692 -0.1090341 128.84905227093168 
Car -1 -1 0 0.0 183.8261542261251 248.4952776637095 294.61498549315087 1.4609609 1.6030842 4.0984607 -7.7038097 1.6332455 10.503976 0.011768673 62.393452138068746 
Car -1 -1 0 133.33433511661502 180.50655348666336 355.97751917537653 254.65537480756444 1.4946063 1.6320508 4.0045705 -7.79369 1.6713629 15.704164 -0.07394988 125.22159336771497 
Car -1 -1 0 693.8293597772305 185.49157457210686 866.0796912192633 253.21033564373755 1.4761037 1.5452712 3.6467872 3.9314046 1.7891564 16.96944 -0.0733586 20.198560063378377 
Car -1 -1 0 224.3571318006368 173.50998087853307 377.40818843849456 236.86414280590967 1.7048042 1.6402137 3.789714 -8.706596 1.7246808 20.652079 -0.21832868 34.51783463859555 
Car -1 -1 0 176.44124902001417 176.04741976602207 357.88408226774504 246.44224041184083 1.6416624 1.6292939 3.8082266 -8.429236 1.7266264 18.063463 -0.17502686 8.35715396025885 
Car -1 -1 0 458.1382574566542 178.5934332490364 490.6746039672283 202.49567900780372 1.668905 1.6722031 3.4931693 -10.0019455 2.1077943 53.241653 1.1768885 14.832885681873373 
Car -1 -1 0 263.89464222462857 173.15335080011104 392.198486735955 227.8550716273276 1.6593544 1.5572078 3.6107268 -8.886484 1.6693823 23.035463 -0.20852768 7.697209367087085 
Car -1 -1 0 1018.4427743244163 188.2977550582549 1090.4726489596192 223.4543416811538 1.4954491 1.6178517 3.9717855 21.105406 2.2668376 34.181812 -0.6610387 3.7810510920467184 
Car -1 -1 0 962.7510784557992 187.66222471126773 1018.0481436852315 210.19936042342806 1.4396365 1.6542099 3.7056997 26.612324 2.5165539 50.54743 1.4712232 1.4121652340916293 

