Car -1 -1 0 707.5770744535773 189.03611051940973 857.0085337637796 286.5848254365013 1.409065 1.5394046 3.3895786 2.8910112 1.7350652 12.7718 1.469228 113.90451347427285 
Car -1 -1 0 652.6200344382036 182.76049001424013 727.2844991316091 236.17051259707893 1.4481921 1.6425555 4.34721 2.4077353 1.7888414 22.598148 1.5192988 79.04490987447534 
Car -1 -1 0 0.0 196.41960148330813 283.85601541052415 330.2924794311535 1.4159358 1.6040727 4.2073708 -6.4050937 1.7275078 8.728467 0.0044212895 96.08396248153252 
Car -1 -1 0 645.4487290187286 180.7546867666987 689.252126229192 216.02803817165284 1.4865038 1.5612645 4.0673532 2.6135607 1.8746846 33.390648 1.5349548 18.058705239262423 
Car -1 -1 0 367.766971592074 186.09472536147425 498.63871855221646 228.18962229660576 1.4420183 1.6425352 4.3309994 -6.3393455 1.9396948 26.206282 0.043199148 39.10726047684981 
Car -1 -1 0 25.529989494137276 193.89038411512954 330.06773016816385 299.7671150040736 1.4635109 1.5403185 3.7573354 -6.4659414 1.8092134 11.071666 0.008320926 55.1118003417651 
Car -1 -1 0 246.1011121207882 186.55582408732096 426.4083632100162 249.7153490776602 1.487378 1.6106697 3.938451 -6.801611 1.8492491 18.208 0.021831004 28.534158532976154 
Car -1 -1 0 201.6628510808325 190.0744158582723 407.9833106072646 262.1610962842947 1.4326558 1.5714095 3.8322477 -6.527836 1.828526 15.680103 0.06414533 51.960116676046994 
Car -1 -1 0 292.7011605398847 183.61898954859134 439.3429905924549 240.1515360376954 1.5034721 1.5432992 3.65637 -6.8915462 1.8254428 20.576101 0.1313357 16.007695250505044 
Car -1 -1 0 122.62790738333895 192.97969577282845 367.75449744800727 277.7609045727677 1.4298242 1.5424079 3.791207 -6.649783 1.8270988 13.404749 0.035592787 30.66949920103574 
Car -1 -1 0 630.4220627652979 177.44221359781955 656.6241387773708 201.18890391945786 1.6443218 1.5996013 3.5554833 2.4381485 1.9894724 52.469624 1.5305986 6.040969165446728 
Car -1 -1 0 385.3964256556915 184.50500459761727 491.80256375460465 224.2301668489076 1.5146238 1.5982323 3.8616223 -6.776266 1.9937553 28.83649 0.019059008 6.657510189999992 
Car -1 -1 0 399.4761340309725 174.66084354270046 496.51777281714857 216.51298099805666 1.7547449 1.6742357 3.814819 -6.9226255 1.8348982 31.166477 0.0024091688 3.5627647049837448 

