Car -1 -1 0 680.9484935743483 181.38472856896826 768.5462063518032 252.42313680132895 1.4829829 1.5507239 3.2219427 2.626229 1.7037799 17.062614 1.5686462 103.0904058862401 
Car -1 -1 0 782.9230128749383 179.53646328702627 1133.6503952078199 375.0 1.5535607 1.5849376 3.4616137 2.878881 1.6328894 6.818318 1.5496402 146.08080287316167 
Car -1 -1 0 296.42114542201574 197.23333735280661 443.021165661407 298.5888212179598 1.4643384 1.5455148 3.5904853 -4.173607 1.9685799 13.110251 1.5465865 81.9647665491633 
Car -1 -1 0 647.0545709607519 177.29016107474607 689.5120011974708 214.36342331922913 1.5720587 1.6114182 3.8218238 2.6271567 1.7865314 32.969116 1.5660392 46.98724470711814 
Car -1 -1 0 420.1643073478185 180.60495986963585 500.0930687917114 245.71483083426673 1.7775638 1.6256089 4.0284905 -4.4845743 2.0376072 22.19291 1.5703961 95.16745096844184 
Car -1 -1 0 488.9212905063788 183.9338812196802 529.3822763327079 217.70065248525756 1.5453362 1.5699087 3.8711348 -4.9901834 2.132 36.25307 1.5501988 33.06753827110245 
Car -1 -1 0 523.082769247274 182.94757805548005 550.4516682209668 205.89437614370198 1.5387285 1.5695696 3.80228 -5.2064447 2.292308 51.96455 1.5757217 9.864008761458626 
Car -1 -1 0 548.6790787888746 182.74055667024814 571.6166181946317 198.6494593815392 1.4556111 1.5410808 4.2121115 -4.823181 2.4568765 70.89831 1.676822 0.4323740601539612 
Car -1 -1 0 627.4956568506523 176.1179552447462 655.2026734744221 192.84373874033543 1.619489 1.7261916 4.2913756 3.2535043 1.9604704 73.07113 1.8834424 0.2992810606956482 

