Car -1 -1 0 728.0361580379026 189.02238456707616 921.6224185756887 310.83211685242264 1.4127313 1.5791945 4.2730684 3.0298772 1.7099862 11.103788 1.537482 108.97488671202282 
Car -1 -1 0 652.336110519684 172.3110619822341 707.6306478723063 218.8147769669261 1.823911 1.7225207 4.3513494 2.8963442 1.8026164 30.512417 1.5245551 50.22126497821619 
Car -1 -1 0 362.5061394618758 177.26299892135484 485.4658869694134 224.33354312137206 1.5798411 1.6110996 3.870458 -6.430271 1.7394232 25.247787 0.03250389 18.518738915523688 
Car -1 -1 0 385.0082804010501 179.36523667612767 506.7845704328838 220.0106540816602 1.4799657 1.6111467 4.25546 -6.219429 1.738616 27.632244 0.107842594 9.673993522555989 
Car -1 -1 0 517.077409622841 172.33945214318928 543.698542875315 197.6973473302102 1.5182638 1.5879114 3.7230003 -4.969455 1.4874558 45.143402 1.4520068 1.0475629539061322 
Car -1 -1 0 436.96525339477347 174.47617989283674 518.0207957466355 209.1774814288886 1.6224726 1.5977373 3.642992 -6.299885 1.7024068 34.68569 -0.038675696 6.075156245677506 
Car -1 -1 0 638.7221451410927 178.15232820161407 676.7676934199044 205.70562250208647 1.4869261 1.5569382 3.4449112 2.7247417 1.8044627 41.437614 1.4472971 0.8048716237762016 
Car -1 -1 0 352.3911306407377 174.18758157858065 493.31364659081845 226.58274461602826 1.5672445 1.5831733 3.966287 -5.7339134 1.6102495 22.44625 0.015270484 1.6433085251958397 
Car -1 -1 0 0.0 153.6149113198206 268.4801123748159 317.2566978337141 1.8506488 1.7098169 3.9758844 -6.691397 1.6330711 9.091892 -0.039076157 0.26580387353897095 

