Car -1 -1 0 420.58739109781186 186.8693421318127 481.70028887687243 228.5974491663236 1.490273 1.5348599 3.6029103 -6.253421 2.0856714 28.824516 1.6066245 61.13538248742535 
Car -1 -1 0 649.531389890034 175.6172823907752 697.0491782453009 212.5197636147612 1.5384526 1.6179619 3.9659653 2.797639 1.6702545 32.399155 1.5270185 46.26794975186509 
Car -1 -1 0 102.81787773852653 201.32617109996073 183.81383532875353 234.45256507570457 1.431555 1.6175845 3.850222 -23.430883 2.945176 36.428215 1.5650146 21.029375682486776 
Car -1 -1 0 145.79902900614678 197.06527686690117 224.58452090112976 231.65349366512592 1.4805441 1.648074 3.9149911 -20.843464 2.7421012 35.622665 1.5503758 44.04809192969296 
Car -1 -1 0 451.74292771760526 185.90138431674725 501.60882065475005 220.21633682912093 1.4669168 1.5768546 4.000575 -6.264737 2.1251793 34.38934 1.587879 17.804237466390312 
Car -1 -1 0 202.45936227587052 195.45508769157334 279.20514499589933 229.62781639670985 1.470774 1.6952155 3.8555624 -18.097729 2.6476808 35.610996 1.6127731 7.146872050649928 
Car -1 -1 0 51.904649840484154 203.28761541851253 138.16792444158403 237.54231073194933 1.4707407 1.6814786 3.870798 -25.857338 3.0898304 36.425247 1.5390993 20.7463064415068 
Car -1 -1 0 482.80195959989805 181.09431434558923 526.4403186571634 209.94388130326655 1.5726044 1.5913469 4.0113697 -6.138115 2.0828936 42.60102 1.6807785 1.0656825131029313 
Car -1 -1 0 825.7954139811983 161.94437804686234 855.5632575157107 181.16935605733113 1.4754261 1.5724605 3.6648178 18.310032 0.6381639 57.285477 1.6864079 0.26322653889656067 

