Car -1 -1 0 755.1133139923762 206.47362141244224 921.4126396767468 322.9460761695407 1.4297001 1.599176 4.2315636 3.630756 2.0994105 12.232846 1.6028887 89.69594085488905 
Car -1 -1 0 514.8641030697122 189.87845191953383 565.8600330373968 230.8727902663724 1.4827949 1.7109566 4.2334604 -2.799786 2.2399716 29.973955 1.5711663 64.1453511623548 
Car -1 -1 0 724.0370051841932 200.65761770933634 820.8986243728256 277.16517365487755 1.5364126 1.5731514 3.3481843 3.8123593 2.2707868 17.382658 1.5693245 57.422812197016896 
Car -1 -1 0 694.9323563946283 195.53973320304374 758.4376126699374 248.70338732672818 1.5444824 1.5179155 3.3521576 3.8380742 2.3551693 24.094364 1.5518165 58.04137509088262 
Car -1 -1 0 389.4623845225018 192.07094929535992 515.6963211404626 295.0292303551879 1.5865301 1.5664196 3.6566067 -2.8074713 1.9985713 13.636988 1.5780065 44.50185707867955 
Car -1 -1 0 674.524098482065 194.97732082336032 726.1801522497512 239.2105865205596 1.5330471 1.5754788 3.7301586 3.550231 2.471642 28.74371 1.5671244 29.659966408912595 
Car -1 -1 0 664.9839240532309 191.39799950007406 708.6580262291145 228.86301113004626 1.5732576 1.6079028 4.3164673 3.6401336 2.5181777 34.60344 1.5648971 4.823377334151659 
Car -1 -1 0 209.43175543921782 162.00204328010165 480.86991488907023 375.0 1.9633822 1.657166 4.276931 -2.595428 1.8727319 8.195581 1.5329063 34.091458405290396 
Car -1 -1 0 639.6599516461715 191.88208140839063 662.4166003352472 210.36102993675632 1.5873866 1.6097102 3.799218 3.879571 3.4320405 67.98607 1.4835293 1.6691858631499497 

