Car -1 -1 0 919.0066459203215 190.2517259078566 1242.0 318.14327409239627 1.493604 1.5671239 3.8365047 6.2974644 1.7398831 9.427298 0.0016179816 44.41639697638891 
Car -1 -1 0 630.5351809881166 182.3691480205384 677.5223007031248 215.65573183710487 1.4947947 1.6197934 4.318125 2.1465166 1.9978905 35.914886 1.4604948 36.77179553617033 
Car -1 -1 0 768.0468365354862 188.91581576588376 948.6874231192509 254.15609427309786 1.4484897 1.5600517 3.803931 5.908291 1.855311 17.370462 -0.06666581 53.05308165816543 
Car -1 -1 0 842.6627653044485 189.5394934894586 1102.4272825783387 285.5702858694643 1.4959886 1.5806061 3.666068 6.088669 1.801379 12.368702 -0.025853012 61.48680140736313 
Car -1 -1 0 732.2479592165945 188.75766903996214 895.4204880288507 243.703901273148 1.4263625 1.6063346 4.1156406 5.680149 1.8958542 20.30397 -0.095904104 46.540974606840244 
Car -1 -1 0 0.0 193.81576145929742 289.96457816658443 324.31132749764885 1.4701033 1.6223603 4.110083 -6.496636 1.7618568 9.218029 0.006539209 77.96267678820286 
Car -1 -1 0 44.95878708940833 189.37814802573575 342.98872345514815 292.7703000877955 1.5067666 1.6307507 3.960806 -6.622344 1.797154 11.746727 0.060295783 55.0415459388819 
Car -1 -1 0 194.81481235490844 182.29324742155956 407.7503790684096 259.84950657435155 1.6268702 1.6718141 4.08488 -6.813961 1.8514426 16.261082 -0.03421209 52.875155572849515 
Car -1 -1 0 817.5707443278387 186.5655961230001 1034.2945338469433 265.0725969526067 1.4880202 1.5900682 3.8068283 6.450583 1.7895681 14.935075 -0.07374692 22.69181477223418 
Car -1 -1 0 420.71725243026816 183.67907833370273 515.2058326125011 217.32044469060776 1.4593942 1.5949095 3.9514427 -6.3608685 1.9619743 32.667614 0.017295765 17.08533541375129 
Car -1 -1 0 730.6996811090007 175.9487331224062 871.2395150007329 235.7086152842769 1.7869002 1.6774834 3.9342477 5.948477 1.888407 22.672142 -0.08051042 20.089499092456318 
Car -1 -1 0 399.3357302990697 181.86055784560736 501.93623778341515 222.07116723888439 1.6047163 1.6312022 3.8969061 -6.5587444 1.9901917 30.029093 0.018917134 19.298804469478128 
Car -1 -1 0 245.78769825135052 170.87386964691936 435.67021816039164 246.4470927961677 1.8781826 1.6770188 4.328186 -6.8933353 1.8289714 18.812645 -0.019541934 18.44301064243227 

