Car -1 -1 0 722.6828361773904 181.13846112838343 864.2287455250469 232.86112367890868 1.576686 1.7277251 4.095506 5.840915 1.8540206 23.223835 -0.03288173 93.36025211672144 
Car -1 -1 0 898.4593554603373 192.2398330621319 1193.0984058757247 294.85676566668167 1.4039546 1.5573679 3.6456919 6.5801563 1.7264245 11.106272 -0.065320626 118.03011646691564 
Car -1 -1 0 844.8204117365979 183.9856662191936 1084.084585097243 272.6350545906933 1.5196178 1.5843217 3.68443 6.485203 1.7399652 13.432322 -0.031764243 54.92408912807407 
Car -1 -1 0 637.4955449117579 180.3322586270066 673.895361260722 209.57659883406888 1.403687 1.5509934 4.0935836 2.3627934 1.8163613 37.75263 1.5476948 20.002733518808295 
Car -1 -1 0 151.31431781371214 182.14134794980987 412.4805944934164 274.1127276238564 1.515392 1.5965325 3.9567752 -5.730094 1.6925993 12.914122 0.027924355 92.36875165083411 
Car -1 -1 0 0.0 189.5041976960341 301.61766786252696 328.65715091859533 1.4127202 1.571083 4.1091375 -5.9338784 1.6225535 8.303664 -0.0019177218 67.36642748298028 
Car -1 -1 0 408.81574892083023 178.75646294894625 513.5181437064692 214.4768778603598 1.4849045 1.6265366 4.1621037 -6.3675003 1.7477099 31.211517 0.04925776 28.012933579170912 
Car -1 -1 0 252.27730285184592 172.30237280685952 441.0001925625633 246.18212940676713 1.7346208 1.6841083 4.0858116 -6.3963923 1.7216691 17.896772 -0.056366727 51.177415934226374 
Car -1 -1 0 336.1461084988095 179.24919605991647 472.53245558701235 227.8617247288585 1.46035 1.5787189 3.8864927 -6.3984327 1.6701567 22.789467 -0.048150808 19.410569096920074 
Car -1 -1 0 203.50207718451585 183.2368165205615 429.8079866738626 257.8121459547229 1.4560039 1.5978875 4.148781 -6.086343 1.688694 15.256144 0.05624827 25.6849993598507 
Car -1 -1 0 5.735574262961219 188.4964363542056 331.9864047982013 295.3882840150317 1.4308009 1.5580915 3.902804 -6.3696246 1.6804532 10.705486 0.016022962 22.511735432302693 
Car -1 -1 0 621.8351789809575 175.06591884421977 640.8070109787171 192.78104693675428 1.542916 1.5800655 4.0341487 1.9989498 1.7498002 65.422554 1.6357335 2.066931150330001 
Car -1 -1 0 428.12373112661135 171.7423335950301 508.96286992050136 203.6244309444122 1.6645356 1.607902 3.9577756 -7.519621 1.6064963 38.653084 0.091945186 2.5596836220345733 
Car -1 -1 0 292.7737862682962 179.21938860234667 456.17208610793125 234.61567425301615 1.484437 1.5919839 4.106551 -6.5448947 1.6717985 20.384514 -0.028184451 1.7712134318979855 

