Car -1 -1 0 324.6902345293078 192.34880616524416 463.1090726306385 284.3259397753139 1.440713 1.564107 3.5430822 -3.9661946 1.8626091 13.835733 1.5809634 104.7516827164026 
Car -1 -1 0 649.4879350227591 179.68830580579007 698.4147431885145 219.4680597348151 1.4293146 1.5416212 3.4983435 2.4663556 1.7140292 28.295208 1.5513954 61.747513643210986 
Car -1 -1 0 437.14253792747377 182.97405776366202 490.5473306076056 223.70758865249644 1.6802819 1.6360301 4.1022024 -6.556836 2.1698213 32.844833 1.5619532 29.50156926982661 
Car -1 -1 0 737.9071549367628 166.96892023542057 846.9756109661716 205.94674421381586 1.610286 1.6587982 4.2025905 7.7387896 1.3671563 30.746696 -0.052195705 33.75027234529526 
Car -1 -1 0 796.1725362057389 168.3253867715597 960.4647838396357 222.77733649375347 1.5509107 1.7024281 4.280687 7.9522257 1.4219258 21.559853 -0.074846715 55.724755881261885 
Car -1 -1 0 989.4700282991387 153.72680583736715 1081.019905825094 185.03732319638667 1.5766543 1.6596088 3.7644205 21.911938 0.6134962 37.22342 -0.0322603 13.829069921684448 
Car -1 -1 0 775.0305420583438 161.9504045166052 911.4819508849578 212.98692637538815 1.6760108 1.6749723 4.1073337 7.917085 1.3179427 24.652515 -0.05924747 26.537735491014107 
Car -1 -1 0 339.30016446098443 193.0495046455223 430.8903946726127 247.82429534567535 1.3944607 1.5402706 3.7640567 -6.6174607 2.0534642 21.653915 1.5822543 5.683227060862833 
Car -1 -1 0 475.56957210006 183.35915662974827 521.1179998720282 210.48003090895844 1.5100161 1.5911107 4.265254 -6.736941 2.184696 44.11739 1.7101108 1.4402474801543481 
Car -1 -1 0 0.0 193.69141566392028 185.09189455478696 262.99719300077095 1.6044387 1.5509156 3.6260307 -12.847337 2.147143 17.98936 0.015172594 0.6607859278703755 
Car -1 -1 0 1029.4236343177013 151.92070109444612 1137.2993508375769 185.15238143114 1.520096 1.6731675 4.0646825 22.262915 0.562557 33.9822 -0.07034026 1.6008218525413211 
Car -1 -1 0 956.5119544858521 156.72387486843135 1041.2777998563333 184.08116423130724 1.5052705 1.6472036 3.8713467 21.821148 0.6177481 40.530434 0.0030585288 0.2756730616092682 
Car -1 -1 0 670.5601272624209 163.423467620946 692.6835060453018 182.5522707807704 1.8092619 1.5897303 4.240518 6.998317 0.91729236 70.39269 1.534924 0.26664310693740845 

