Car -1 -1 0 642.6464802994751 185.18950604356542 723.9091095487616 247.18124175715815 1.5434865 1.5215526 3.2464564 1.9969401 1.9210751 20.3676 1.4209607 106.04047354492006 
Car -1 -1 0 561.2343289300796 187.8781252220649 600.2631128990326 219.8087263486232 1.5735528 1.6057498 3.4422963 -1.6041801 2.4268532 39.136322 1.3767376 58.228026660529686 
Car -1 -1 0 385.5526945300355 192.47878699614776 444.392034272122 248.5246984220982 1.5213485 1.6644647 3.5804038 -6.0947075 2.1959524 22.870926 1.3427323 39.59803066779425 
Car -1 -1 0 719.958783581278 186.26072113397933 901.1460312603525 307.51568525384965 1.490394 1.5744923 3.9728627 2.9138188 1.738621 11.337577 1.5229915 96.51355892084007 
Car -1 -1 0 601.7791900655691 182.44148781138307 666.5404619078897 231.86558029442054 1.6830734 1.5857556 3.6307182 0.85799396 2.0712616 27.269907 1.3512046 60.71226344336107 
Car -1 -1 0 777.5203726761948 141.3081625062294 1242.0 375.0 1.7944856 1.7349842 4.3966494 2.8875432 1.6222651 6.167906 1.533983 94.24392506354009 
Car -1 -1 0 538.3495596523836 187.851332908851 568.2304458255066 212.01345705429395 1.5043728 1.5796559 3.890787 -3.9003892 2.5771837 49.550167 1.3697733 12.683682659221946 
Car -1 -1 0 435.43957090731425 192.27050619142003 465.34542566726816 219.0567648370252 1.4654949 1.4844849 3.395568 -9.632985 2.6929975 43.8356 1.4407729 4.851339305309007 
Car -1 -1 0 524.2135194473948 187.1811942485179 544.4160016133108 205.64628652356322 1.5220592 1.5721695 3.9479284 -6.7801304 2.8494134 64.77194 1.4074843 0.8707342697373436 

