Car -1 -1 0 0.0 203.04857037036163 256.1168039181012 375.0 1.4716325 1.60295 4.1293764 -6.066203 1.9208933 8.667291 1.5754182 121.90001172788371 
Car -1 -1 0 273.38829655704006 179.2040623090861 411.36239100524085 262.4121453886035 1.6587999 1.736412 4.2935796 -6.0448446 1.8264828 16.884304 1.5443596 96.44966754952372 
Car -1 -1 0 789.0708622084068 178.48236865133788 1230.5403320722405 375.0 1.5327498 1.6787128 3.9153683 3.004044 1.5987817 6.476532 1.5322931 117.37262681652602 
Car -1 -1 0 531.0740682498504 179.4397743561921 569.8675611269982 205.2632233166725 1.4462309 1.7216535 4.3886123 -3.5296283 1.8665209 43.80101 1.6363833 25.99194130181807 
Car -1 -1 0 371.42314124737493 183.9963475162282 459.8599250746335 237.0999936212953 1.5029013 1.6056796 4.1025095 -6.159905 1.8961234 23.379366 1.6143558 18.554141102970537 
Car -1 -1 0 994.2800976441613 153.29365939683197 1153.181421379717 201.63274520932836 1.476738 1.6273342 4.274546 15.094767 0.879178 23.757853 0.484302 34.25294091091722 
Car -1 -1 0 504.2070852777814 180.98984431455165 531.0948782146962 203.61070779037837 1.4320209 1.5722929 3.8439705 -6.2125607 2.0073972 49.060295 1.5077354 5.947389573428447 
Car -1 -1 0 634.6468256903672 175.3337491438135 655.6870250611297 195.17260429226357 1.4658036 1.5684366 3.8786728 2.766893 1.6643369 55.78703 1.6275603 7.258500155323236 
Car -1 -1 0 449.95252295615177 183.9751797514435 497.43052908092994 217.3905694444729 1.4415108 1.5129962 3.52705 -6.361582 1.9943459 34.089085 1.5912801 11.98039168805112 
Car -1 -1 0 699.194325560781 169.6924393346766 763.1946523140498 193.53883558535668 1.5819083 1.6739659 4.0114164 8.18791 1.3721783 48.772026 -0.035213288 0.5714119742562328 

