Car -1 -1 0 735.2870613998605 182.69780142340488 964.4583985085238 322.7815936124624 1.4238616 1.6407876 4.3093896 2.923253 1.5870728 9.80054 1.5609934 98.01541662418717 
Car -1 -1 0 341.14946072613094 179.85060272278278 493.61433439140876 232.6315654175974 1.4852726 1.6549307 4.089155 -5.685923 1.7045904 21.59631 0.0968318 51.80594448044404 
Car -1 -1 0 681.00731534468 172.81104030993393 738.8388798806167 220.6907930933007 1.5314941 1.6044441 3.645391 3.3932605 1.5301199 24.927359 1.6036549 47.79727540062182 
Car -1 -1 0 107.04161250712173 182.5272466175923 370.03795103128647 281.3876416101345 1.5378854 1.5947847 3.7007234 -6.212516 1.7153562 12.320763 0.0656023 97.61339525516041 
Car -1 -1 0 393.22312043409596 176.42855552352555 507.584756915377 214.2912520386321 1.4373918 1.6089029 4.1787653 -6.202553 1.5826045 28.434666 -0.035023145 33.8778479548003 
Car -1 -1 0 0.0 193.6215915675511 311.711809311491 314.7208776097372 1.4185245 1.5585599 3.9767504 -6.305636 1.7246826 9.704379 0.078397036 42.162459040497374 
Car -1 -1 0 487.7566079607614 176.1018236288896 525.3568816292459 208.37830356695244 1.466838 1.552624 3.2790785 -4.926429 1.6311562 34.81781 1.504708 9.059469218903807 
Car -1 -1 0 471.79290082392674 174.30655531698372 545.609218423047 204.0545628093303 1.5528936 1.6376423 3.713045 -5.350109 1.6322057 38.571697 0.0036773782 2.188153729576604 
Car -1 -1 0 671.820660742727 170.13919597658168 720.7068236923369 210.18881399101207 1.5586941 1.580642 3.561422 3.5286496 1.4530363 29.865768 1.566376 5.033173847495011 
Car -1 -1 0 661.9409494841967 175.70813852701284 692.6098773645217 201.4332833883724 1.466424 1.5213141 3.439906 4.102977 1.6452154 43.367905 1.7577057 0.9937022681151191 
Car -1 -1 0 538.0176146892695 174.30047307464275 568.2169241600113 197.44742474559257 1.5501837 1.6505346 3.8855186 -3.9984121 1.6558665 50.649166 1.370103 0.37454771995544434 
Car -1 -1 0 546.3614801632025 176.33504206558936 579.2448945127127 198.0923873595702 1.4810469 1.6402576 3.7257466 -3.3909636 1.740538 51.77325 1.304032 0.5195611081317746 

