Car -1 -1 0 388.81540932850965 184.41779043087575 505.27924835725605 262.19301350829943 1.4472461 1.6300039 4.2498293 -3.2830808 1.4323986 15.514345 1.5546086 86.14563078288889 
Car -1 -1 0 174.29292130702524 197.49276511495756 448.41243704718215 353.1572580970451 1.349637 1.6288146 4.320818 -3.1867254 1.5362504 8.75124 1.5518074 98.34270112546311 
Car -1 -1 0 556.3391280188904 177.19339047694842 623.0668736354702 239.8798694603264 1.5730594 1.6766572 3.2874346 -0.4934128 1.371747 19.709946 1.5372422 51.09983660704738 
Car -1 -1 0 251.7749378450585 180.32701727267545 369.50173359287504 241.10175706079727 1.470809 1.6048695 3.7721307 -7.800791 1.352498 19.283842 1.5698631 93.26575466172785 
Car -1 -1 0 338.16831815698885 179.79423224288465 392.5378260471363 207.96239606156013 1.4090414 1.5958021 3.8120234 -12.667592 1.1378462 37.868393 1.5664871 36.899234005846324 
Car -1 -1 0 511.5166251045172 178.2219685954742 557.1534280422524 213.55482387488462 1.5076187 1.6022713 4.150478 -3.2547374 1.209203 32.75937 1.5850928 20.423941182538286 
Car -1 -1 0 447.89604382686673 172.49603043075052 485.5397251686202 198.93399103738975 1.5671794 1.6489077 3.8998215 -8.659896 0.8131878 44.579063 1.5495476 7.382951636965888 
Car -1 -1 0 386.416350012261 177.37079746834397 450.4075027238704 214.95774367480476 1.5311816 1.6437829 3.7914958 -8.114101 1.2116034 31.212727 1.6128807 7.2265164327154565 
Car -1 -1 0 457.53976285382754 174.8229655349454 532.9115872900015 230.68867745794174 1.6036752 1.6703994 4.2191625 -3.4346623 1.3053426 22.757153 1.585642 16.644456411469882 
Car -1 -1 0 241.45646353327038 181.77026490709144 311.54501885333883 222.68213231422138 1.4662762 1.5387752 3.122781 -12.526772 1.3427923 27.404482 1.4533768 2.7016116752113533 

