Car -1 -1 0 695.4089781719225 185.05617103032284 790.0081419084951 257.9009393507443 1.4309791 1.5461208 3.4323297 2.9267814 1.7386414 16.471643 1.577121 84.97507216731296 
Car -1 -1 0 758.5387608093728 176.12525161492275 902.2069081551216 234.057215651413 1.6477379 1.6496404 3.8332613 6.5095696 1.7498839 21.58003 0.06645523 76.76616646048335 
Car -1 -1 0 87.52559390204101 189.3932954696638 382.37467096128125 285.7487075509835 1.4377992 1.5865066 4.0378785 -6.0100646 1.7289329 11.875467 0.015990162 111.4654393845105 
Car -1 -1 0 687.931645635048 181.7825781608553 778.4779726258982 212.56265724043982 1.4171175 1.5692838 4.028406 5.94343 1.8615394 34.87018 -0.13285178 17.873651392554137 
Car -1 -1 0 636.7365760422083 179.00032080738737 664.7171213169589 202.0081058734314 1.506217 1.6420615 4.1239333 2.8372562 1.9534388 50.42339 1.551349 9.425293395674629 
Car -1 -1 0 193.65376805944268 182.48384562298833 431.01626131941555 266.3758816752982 1.5139232 1.5828369 3.9887545 -5.6865153 1.7135557 14.089151 0.03909709 77.40008961087925 
Car -1 -1 0 287.2917275125139 179.34996400612658 466.2460554653974 241.68927104883517 1.5349525 1.6222885 4.170973 -6.0367413 1.7144505 18.954369 0.08403925 36.49056008616766 
Car -1 -1 0 246.80124028768583 177.8146910228833 435.7352700773376 253.56590834757657 1.6272175 1.5717106 3.7714305 -6.099888 1.7481599 16.609589 0.10636918 25.46564935332956 
Car -1 -1 0 304.44820984778977 180.13755585434455 453.7903231707703 235.31170114981774 1.5519571 1.6357974 3.9283278 -6.74909 1.7771723 21.420681 -0.03702001 12.470000805496449 
Car -1 -1 0 0.0 185.96781902619318 250.62474682869382 314.930323634364 1.4741613 1.5766037 3.834517 -6.885228 1.6556892 9.19817 -0.00073742773 25.087672015245555 
Car -1 -1 0 344.04150871314164 181.69439317611108 485.0143437131396 228.23502659035458 1.4584849 1.6202642 4.2005796 -6.3535714 1.7603016 23.784027 0.018930947 9.037477459814472 
Car -1 -1 0 372.3623634893433 177.14612053108078 494.03837044997505 221.89247814155846 1.5644027 1.6865655 4.0070386 -6.4346776 1.7286912 26.526808 0.12758379 2.4449136592013723 
Car -1 -1 0 415.63654575425164 166.85512480665244 513.7659157281497 206.8518267558413 1.7977207 1.6245234 4.230129 -6.6274166 1.5280907 33.30841 -0.031108625 1.0865245224034306 
Car -1 -1 0 410.1171674091787 177.67021841984135 507.67471725734464 215.1301189301825 1.540889 1.6145508 3.7909079 -6.390384 1.7527804 30.829765 0.057350904 1.0998199467087801 
Car -1 -1 0 691.467386401885 176.2672611689602 773.0065157282135 210.17768792471455 1.67447 1.6438569 3.8027887 6.2305098 1.8536031 36.85056 -0.10511518 1.3890407864154213 

