Car -1 -1 0 696.6953979541512 185.75950660300214 801.1396488037335 257.55428639549825 1.3747408 1.5305065 3.4035532 2.9341774 1.3877671 15.505025 1.5541804 83.18484072278787 
Car -1 -1 0 330.18711943815117 177.6779255950784 473.1842482725642 280.17124236489036 1.601027 1.5937684 3.2954078 -3.5202813 1.483281 12.884378 1.5803945 108.16854508919306 
Car -1 -1 0 74.69450821974725 185.3241410331356 272.617582426737 275.78668794806833 1.4543183 1.5748158 3.5598102 -7.8068643 1.4566033 13.354009 1.5537825 101.77504371885078 
Car -1 -1 0 432.3363315878621 179.5526777446977 512.5717400831777 235.66812540765025 1.46379 1.5936512 4.061039 -3.7829232 1.3160683 20.789303 1.5616722 62.43957929297666 
Car -1 -1 0 309.5053393062875 180.9868756004774 396.05263730261754 228.9879117188646 1.4430404 1.5778437 3.6280544 -8.18416 1.3159106 23.434938 1.5577158 23.769863186851435 
Car -1 -1 0 641.7944857602379 176.7078396236219 683.0342956985324 207.54740787349482 1.4713302 1.609138 4.01499 2.7347968 1.0654273 36.336533 1.5273998 37.459592524358 
Car -1 -1 0 483.7053281088268 177.0314898548746 530.2369153507406 212.4597918391771 1.4846427 1.5600327 3.610525 -4.3932405 1.1416789 31.930113 1.5718081 40.446584604276275 
Car -1 -1 0 586.7156297569546 175.89640910397645 611.9251196001724 198.49473767231504 1.4897628 1.6628454 4.0613728 -0.57522535 0.87540185 49.44256 1.5430198 9.905746509132314 
Car -1 -1 0 515.5055864005764 177.7167791630771 545.3463557843216 202.91253489121587 1.4777074 1.5599808 3.6944098 -4.7460704 1.0379028 44.116436 1.3926115 3.8073731496033827 
Car -1 -1 0 571.2935984174688 175.92039891384064 599.4617895691422 195.7851885650351 1.5060622 1.58974 3.7776945 -1.6796359 0.8013329 56.482605 1.7122822 0.3224797546863556 
Car -1 -1 0 537.3790884246546 173.58551086134085 560.1986054010839 194.24922237317222 1.4842392 1.6076516 3.9912262 -4.393278 0.64886266 53.70254 1.4666959 0.2633107006549835 

