Car -1 -1 0 420.14428605464695 183.49777627030707 509.3128657436757 240.78347207646834 1.5066092 1.674922 3.95709 -4.2481728 1.8574395 21.756071 1.6327465 74.81023840791671 
Car -1 -1 0 780.9444763616121 179.509799535381 964.1667945112911 296.1166561720756 1.5624926 1.598705 3.4770417 4.0222206 1.6860459 11.631817 1.5400444 97.69719640402016 
Car -1 -1 0 737.4023432414864 180.08527599005518 842.5560351695955 255.03820894930527 1.505177 1.6467767 3.8948336 4.070258 1.6939852 16.855846 1.6171418 59.24162974008698 
Car -1 -1 0 715.9512931953087 177.7931886944486 784.204087666602 231.5682911375028 1.4966052 1.5774474 3.7101393 4.257988 1.6623962 22.324303 1.625147 37.49941416027711 
Car -1 -1 0 473.3537970561622 182.05986422574978 534.7854308350699 224.88179294196212 1.4603431 1.5838538 4.028639 -3.9416215 1.8377962 27.535593 1.6165867 32.32902645769197 
Car -1 -1 0 550.295204162136 177.47957302967936 582.1859820810125 201.91114387869968 1.5655184 1.6201923 3.7405958 -2.8963401 1.8914194 48.902046 1.6598246 13.447336639065023 
Car -1 -1 0 502.1690168183209 181.56803208841504 548.729227671531 216.65809018648193 1.4494518 1.5497584 3.8343089 -3.7518375 1.8679118 32.708687 1.6022563 16.48449471890475 
Car -1 -1 0 692.9601549582358 178.19153433526125 752.0697555477881 221.09894651298146 1.4991318 1.5740836 3.7673948 4.242646 1.7173033 27.588173 1.5432355 24.300432488865706 
Car -1 -1 0 684.4780625860897 177.64889484387317 723.0299313086291 207.7128271806678 1.5003929 1.561415 3.3933825 4.9497013 1.765986 38.260235 1.5582561 2.215281781765136 

