Car -1 -1 0 411.27985139263296 186.0689094523722 523.5325373788946 269.9155464103544 1.4750814 1.6279526 3.7581053 -2.8419414 1.78733 15.167774 1.5682857 94.4404196131522 
Car -1 -1 0 669.3906913359157 180.90021296866266 745.5659713104791 239.72797330443564 1.4710386 1.5703177 4.2121954 2.7034593 1.7258701 20.736565 1.558935 71.88309989856702 
Car -1 -1 0 525.5104566120318 182.2558504674677 571.0716879278741 217.47075947242192 1.4830338 1.5939155 4.1195574 -2.7891164 1.9481101 33.59829 1.6159425 38.51986729559346 
Car -1 -1 0 641.5470332133851 172.9271945893289 683.0430921867736 211.86370675826475 1.8283485 1.589202 3.8203623 2.565688 1.8321816 35.838108 1.5180634 14.8717658805084 
Car -1 -1 0 647.1172910942132 180.62638511361516 693.9869497737525 217.76861616926087 1.4673927 1.5101621 3.7305722 2.5790234 1.8240931 31.208595 1.5139554 20.39716909259322 
Car -1 -1 0 457.99333373289517 184.18730600802374 535.540578970252 242.8053171931892 1.4759673 1.6061769 3.8705356 -3.1573982 1.8341367 20.860905 1.5793276 18.297467521192505 
Car -1 -1 0 548.396881460941 181.03109829434834 577.542262194275 207.14196790532338 1.4800951 1.6058664 4.239156 -2.8221042 2.0071883 44.37416 1.5498174 7.63880008948185 
Car -1 -1 0 630.5030947946159 177.26667794523718 651.9798056974014 199.3530950463872 1.5779307 1.5353646 3.5627537 2.3472598 1.9195864 54.066883 1.5942655 2.4297369546952634 
Car -1 -1 0 660.0363111080502 181.50408835135138 716.5037771746772 226.8362581797427 1.4684052 1.550328 3.833366 2.7662504 1.8037363 26.040197 1.5517572 0.8522166160391776 

