Car -1 -1 0 711.7054579955119 180.59671407559009 887.1518609157631 291.8244240297499 1.4239947 1.6383902 4.2519093 2.8170893 1.5723218 11.679197 1.5490022 107.18264448441069 
Car -1 -1 0 670.3381129707291 172.5432370155829 723.4894832106052 216.6837122426377 1.5272131 1.6177162 3.62399 3.1765912 1.5164609 26.795261 1.5947261 29.167107001345645 
Car -1 -1 0 0.0 194.9692868733909 319.9550960069483 328.82014500718026 1.4319011 1.5784724 4.0323524 -5.911524 1.7334881 8.92959 0.06067897 87.57372162441197 
Car -1 -1 0 395.5455669270079 175.38932539256388 507.55475031745027 210.94641418883546 1.443666 1.6244833 4.3671694 -6.566005 1.5531733 30.2925 -0.027810425 21.081775693023094 
Car -1 -1 0 41.80186709556746 192.34487520786178 344.7674866669714 292.63691899676934 1.4245232 1.5463779 3.9580238 -6.465537 1.7573433 11.453241 0.048132967 29.161547433249318 
Car -1 -1 0 166.03935332097421 182.9255552661747 393.0560108159904 266.8497091176834 1.5123048 1.5936466 3.7643652 -6.3914685 1.7237642 14.190651 0.087661676 81.4487341993985 
Car -1 -1 0 361.22442432168543 178.81560256117507 496.197684560093 227.31176763790816 1.4839594 1.6137074 3.95899 -5.8593516 1.6880417 23.532978 0.19061625 27.801044311897208 
Car -1 -1 0 663.9226671393271 172.52608066745663 707.1925265331745 210.89192084961124 1.598556 1.5853822 3.6175804 3.303754 1.5848927 31.884676 1.5864706 18.459503768806538 
Car -1 -1 0 500.0013180282868 176.16074160949177 538.3654834274444 206.70245824344465 1.5066435 1.6397239 3.890018 -4.705845 1.6897569 37.987904 1.5419524 2.8118588125536 
Car -1 -1 0 441.10525909912496 173.90163781998083 522.5743170997534 207.06061313022545 1.6032574 1.6466877 3.7261224 -6.2968373 1.6565369 35.818718 0.028732266 4.673870543379852 

