Car -1 -1 0 640.6230810245304 173.47196833404948 817.3451755828061 237.15207889443468 1.4650652 1.6621027 3.9792173 2.902209 1.4813851 17.839449 -0.2033303 133.68130809516072 
Car -1 -1 0 596.3246944229528 171.51404767781955 697.2910454806954 211.64733740323072 1.5228372 1.6260583 3.7058625 1.4409125 1.4719932 28.523972 -0.18835092 52.81601882880046 
Car -1 -1 0 0.0 192.55015777603697 234.8930030729851 297.77130679822875 1.5132184 1.6119211 3.7570395 -8.473566 1.8684576 11.903035 -0.16909038 48.56448536658237 
Car -1 -1 0 108.10856763303008 180.65986622149848 314.64072594605466 253.12528425214754 1.6318035 1.6820087 4.1148086 -9.597573 1.8362466 17.701658 -0.1801925 85.55320082999889 
Car -1 -1 0 272.58668349737343 178.31672876186894 387.3376309367058 219.04961837845192 1.5058928 1.6111667 3.9225488 -10.798298 1.7270933 28.096405 -0.16712832 35.79132085857572 
Car -1 -1 0 161.53868137225192 184.10754452580363 338.77783685890745 242.75701889463906 1.5096092 1.6359562 4.1348944 -9.900607 1.84192 20.159437 -0.16537735 18.349072214776754 
Car -1 -1 0 582.2647723057254 172.49844020167606 670.7967357859742 208.812341909055 1.4931791 1.601671 3.5424776 0.69097936 1.4785588 30.731865 -0.15409024 7.839149346010407 
Car -1 -1 0 210.20781974669717 183.12782086614322 357.14038590571886 231.12403841534405 1.4574281 1.5676621 3.9926054 -10.340825 1.7973943 23.066294 0.0130326925 6.38551079412931 
Car -1 -1 0 400.8891658541936 173.56804312624266 431.40898988282436 192.25368191452233 1.6313925 1.63731 3.4169817 -17.44735 1.6975853 65.01338 0.978911 2.2644433037881213 

