Car -1 -1 0 730.9904794500872 182.6385560949366 976.9280290714136 339.50470377314804 1.4822527 1.6682132 4.4049425 2.7741508 1.638223 9.297283 1.5685186 126.7853983506133 
Car -1 -1 0 738.151907755474 178.6503780752901 851.0862189613644 219.85538216094977 1.4251444 1.5650887 3.652831 6.6415787 1.6419818 26.099428 -0.061141048 27.562012188054933 
Car -1 -1 0 30.779087665080116 176.92074304177518 381.01019071235294 288.49500957356224 1.4826732 1.6321884 4.198739 -5.702359 1.547766 10.603131 -0.06263578 107.34038162989654 
Car -1 -1 0 825.4252271835178 179.36260569994957 1047.6779113593218 258.70663044977806 1.4365847 1.5866923 3.6826413 6.293542 1.5739263 14.226718 0.114688486 57.950489528170216 
Car -1 -1 0 300.6029986836883 174.384705626245 462.99815712834504 228.0999062284088 1.4711553 1.6356952 4.190391 -6.4493237 1.5172514 20.772331 -0.06701085 32.02757943324861 
Car -1 -1 0 723.6920799134355 176.21587928346338 821.9991764587154 216.8839184553163 1.5386419 1.5659401 3.4753873 6.3488817 1.6742787 28.274002 -0.031234033 19.513597460373582 
Car -1 -1 0 682.9807257536396 175.7413559927499 762.464482238444 204.91481784975863 1.4965323 1.7201467 3.8883255 5.939277 1.652934 38.141945 -0.042656474 20.69971694956877 
Car -1 -1 0 350.0733011719372 174.86473215440841 493.0629884377022 221.18525736305062 1.4317117 1.6092467 4.201628 -5.969163 1.4988708 23.238161 -0.027221061 26.23492141432263 
Car -1 -1 0 405.77189676557293 172.27837606499972 517.4790137300283 214.3255312988689 1.5740179 1.6143861 3.9655268 -5.653558 1.5524695 27.862522 0.02273349 37.081271476116534 
Car -1 -1 0 480.67714331160033 173.16015968695964 549.5587648819132 198.09805192632132 1.567004 1.6672298 4.13089 -6.036414 1.5870986 46.360794 0.0807822 8.947594186533124 
Car -1 -1 0 770.2896999734068 180.22658495767348 942.5152634137935 241.45750820078283 1.4895809 1.6021979 3.9056313 6.266923 1.6885874 18.618023 0.029471803 15.88769751319295 
Car -1 -1 0 632.4738518243128 175.31045500884142 658.1155850603284 196.40825190966 1.4679987 1.601304 3.944615 2.5730824 1.6540283 52.655334 1.5514138 6.611673194308722 
Car -1 -1 0 419.3766664186236 175.6028208066806 519.7556414268606 211.6809978562369 1.4717035 1.5751629 3.8871198 -5.8786154 1.5915872 30.522701 0.08278249 1.5457303094043582 
Car -1 -1 0 423.4698697275162 169.893918596316 514.2110758430827 206.9149609097882 1.6266958 1.6384023 3.9146788 -6.318519 1.4966303 32.728565 -0.10744026 1.0675427481963662 

