Car -1 -1 0 743.9936338997835 190.5714659046659 942.9634498247364 331.3972201220768 1.4503771 1.5611217 3.4492633 2.8734055 1.7286655 9.60022 1.5816225 85.83199176007801 
Car -1 -1 0 704.0048676818021 184.34577719040664 817.4711284024719 223.0020682641042 1.4128461 1.5770688 4.0143847 5.8183184 1.8745213 27.979118 -0.112158045 31.196612196162068 
Car -1 -1 0 637.2936581300921 179.30398716503504 669.0868087157353 206.36195424004384 1.5190144 1.6255612 4.168274 2.5905595 1.9274447 43.597008 1.5601056 21.090215095980952 
Car -1 -1 0 88.16105588149037 183.5966058553475 384.4494098775126 284.8265941129222 1.5386189 1.6211493 4.1422644 -6.0918436 1.731621 12.060768 0.044748984 97.51345048001362 
Car -1 -1 0 286.8613560083485 181.09390719814763 450.180927107699 241.74565279164295 1.5405588 1.6367848 3.8600333 -6.44558 1.7743503 19.527967 0.066205084 23.120802958855993 
Car -1 -1 0 232.73879931351559 184.40617858504308 432.66006012385975 251.98335939778605 1.485487 1.6141711 4.0865703 -6.4096603 1.7708328 16.984844 0.014968824 31.801472794546687 
Car -1 -1 0 725.5115879664922 186.33912409425733 852.6619675935607 229.81580917702303 1.4212533 1.5843855 4.0013742 6.1987834 1.9088497 25.13446 -0.082815476 24.945556488118235 
Car -1 -1 0 340.9997678295334 177.82932829081537 474.2663821992317 229.7440935219823 1.6353581 1.665831 4.0241804 -6.605616 1.8074247 23.938622 -0.09240869 39.7632836879982 
Car -1 -1 0 812.708841894726 174.8155773777308 1045.067203406527 261.1195719373563 1.6438217 1.6356195 4.0225353 6.368769 1.6864657 14.736118 0.06662508 49.28084866886009 
Car -1 -1 0 0.0 181.98961487671443 318.75336944322277 316.08498977460664 1.5946518 1.5821545 3.776788 -6.086544 1.7283838 9.634564 0.07354237 59.821574411694755 
Car -1 -1 0 161.47878122805747 183.86059539437662 381.9622718762405 263.94916349736513 1.5140154 1.5973046 3.731907 -6.7421465 1.7498677 14.660745 -0.0010237852 25.672499756022454 
Car -1 -1 0 705.9807155927155 175.5061539980312 807.2113547986463 218.83120015925687 1.7438328 1.6650587 3.833094 6.0948215 1.8582307 30.142372 -0.078601405 9.499174300011964 
Car -1 -1 0 758.5016857833632 181.51493613514353 912.3424929344959 238.99320930428 1.5115151 1.5992618 3.7695484 6.1984997 1.7623525 20.06165 -0.019097144 3.352736558159939 
Car -1 -1 0 454.09851223463494 177.84733275182572 532.6594259937025 209.61714796341835 1.6163261 1.6446539 3.8326182 -6.052418 1.8842795 37.850735 0.024287542 4.421655899597998 
Car -1 -1 0 365.4182089675493 175.359860410058 488.00497919680726 221.79334233107076 1.6424314 1.6051546 4.117981 -6.6394114 1.7374897 26.493923 -0.03652162 1.9823882809827913 
Car -1 -1 0 465.89991345226673 181.58557478780406 539.9104696890089 209.79290850930101 1.524334 1.6218294 3.872156 -5.935052 2.0239532 40.41036 0.03382563 1.015093521639968 
Car -1 -1 0 787.6064292423465 179.66851589563404 972.6132507777997 248.1938545344944 1.5442395 1.5842943 3.8226573 6.354772 1.7144698 17.222034 0.0053576156 1.171316561721524 

