Car -1 -1 0 698.2572910082345 178.65652830427314 821.3594148291896 264.4260709262667 1.5411351 1.6773379 4.002244 3.0089204 1.6801177 15.260376 1.5451521 117.13625629342368 
Car -1 -1 0 115.48276392021597 198.87943481910816 327.25030133333655 312.3325169951086 1.4506035 1.5327818 3.4510262 -6.0820484 1.9380543 11.770009 1.5959468 96.41690519306815 
Car -1 -1 0 283.48281475106864 193.0536259585047 416.5935493848422 267.193476314816 1.4554863 1.625635 4.0320325 -6.047099 1.9976231 17.321882 1.606084 96.01637250160114 
Car -1 -1 0 400.6948180873722 178.7078814035267 477.73428450003007 232.5638589085471 1.7185555 1.722403 4.301114 -5.93902 1.9440422 25.642498 1.5708082 61.76000520161729 
Car -1 -1 0 522.1889676996929 180.42615029600637 550.2840202925129 199.51695618152988 1.4361174 1.661325 3.8523421 -5.8379498 2.063446 57.808475 1.6254439 6.175812099971848 
Car -1 -1 0 558.5167532521233 180.7043136894374 585.8213555820032 199.87412076365368 1.453083 1.6649628 3.8905296 -2.9888039 2.1098986 58.35569 1.6628337 4.247286792858196 
Car -1 -1 0 444.6679580701723 182.75616688752325 500.0022391773323 220.0439326604256 1.5052892 1.6032815 4.174961 -6.0731153 1.9781349 32.350266 1.5925552 5.965491360391612 
Car -1 -1 0 635.4191578971752 176.74272535928768 655.1471389825937 194.0559230454096 1.4751226 1.6658409 3.9073238 3.1584399 1.8325161 64.33835 1.5968273 1.7052169300886522 
Car -1 -1 0 681.8481298712762 174.23912065757838 705.3514969867038 193.35564939371443 1.5030262 1.6895535 3.8549244 6.83866 1.620056 58.98993 1.629158 0.5506844443288996 
Car -1 -1 0 1076.0238418379886 150.95811325392927 1153.9418060780376 172.62788886736507 1.4488807 1.5878111 4.1366944 34.38724 -0.015687197 49.16012 0.0508701 0.61796245193105 
Car -1 -1 0 727.5701285619137 174.29075925563643 750.4652025584077 193.16021392031658 1.4659011 1.6025455 3.766853 10.432241 1.5859392 58.317993 1.6894562 0.26873302459716797 

