Car -1 -1 0 798.4124788538677 179.27032738996235 1093.0362400973333 375.0 1.5015061 1.5769553 3.3419495 2.972848 1.5803589 7.1384497 1.6510651 96.52936291117696 
Car -1 -1 0 97.53852787732805 200.78471376046164 326.94156265934674 326.6388030935072 1.537533 1.6078788 3.7777505 -6.0583506 2.057874 11.548653 1.5651517 91.55548749760717 
Car -1 -1 0 451.36355011024347 186.04985903742255 500.856215580687 220.75212214116627 1.4932123 1.5647503 3.6159391 -6.278661 2.1536527 34.27747 1.6066113 36.28020799487124 
Car -1 -1 0 645.7914820056714 175.00397909726598 683.4547654856236 207.91713143901694 1.6265275 1.6395155 3.8554318 2.8382344 1.745073 37.84736 1.5595472 28.709905966090727 
Car -1 -1 0 210.96992394548687 196.35910806668645 273.62477363905606 226.1022417934094 1.4875385 1.6187687 3.8667455 -20.8297 2.8891902 41.088215 1.564563 11.524634101127699 
Car -1 -1 0 473.955389689225 185.43852248903443 515.9527852321089 215.3218684239534 1.4996957 1.607771 3.8293722 -6.26305 2.2272444 39.777798 1.5988203 12.465538114065172 
Car -1 -1 0 260.04173629652183 193.5788409589356 324.00954629463433 222.98438229352598 1.4716785 1.7128296 4.275671 -18.081835 2.71985 41.301327 1.5900385 6.515249289793924 
Car -1 -1 0 168.14753205381317 198.207894056174 230.82645756286476 227.59587354425997 1.4752293 1.7004509 4.0392113 -23.745316 3.02275 41.941204 1.4633157 6.851460419507784 
Car -1 -1 0 530.3906981746695 181.89695014619087 554.1447142089044 199.83120912986493 1.4988084 1.5780841 3.9669118 -6.048092 2.3341808 64.542465 1.3379531 1.6583065489121207 
Car -1 -1 0 499.5173136658485 180.57432659818744 534.5728970909419 206.74636153824184 1.6298778 1.5935004 4.1441174 -6.14323 2.1692538 48.295643 1.627947 1.1045418511749978 
Car -1 -1 0 806.1605847146366 163.33191602137524 834.0329565685074 181.47051082979186 1.5303626 1.61183 3.727798 18.287186 0.72697914 62.79974 1.6521559 1.6840977534526311 

