Car -1 -1 0 739.0145701678853 182.4053286412772 866.2391463959851 268.1938856457022 1.4064041 1.6149712 4.1472692 3.669516 1.6250824 14.409186 1.6194739 93.48646362426673 
Car -1 -1 0 710.6409439542581 177.88559075028445 790.1332638825999 238.36391789080795 1.479573 1.6346872 4.2697883 3.8215446 1.6356075 20.195232 1.631233 71.42672686730086 
Car -1 -1 0 479.81073673065146 179.23828765477552 536.9736289491424 221.78569326369544 1.6297826 1.6443932 3.7823455 -4.155763 1.9137789 30.158438 1.6324018 72.95128372513442 
Car -1 -1 0 508.87032750414915 179.03755511198992 551.1839736092361 212.88069018844897 1.5251727 1.5935428 4.201663 -3.8394432 1.8465023 35.390343 1.575458 18.316654213350624 
Car -1 -1 0 249.04613923058645 180.90618129499904 353.39367616772785 214.04382737343002 1.5398531 1.6612381 4.3290253 -14.83482 1.9390106 34.867 -0.03254837 11.07032623427138 
Car -1 -1 0 1062.2448769547384 170.34664722478328 1242.0 244.88974500472276 1.4456197 1.5426551 3.7498617 12.135868 1.3969944 15.721775 0.63102126 17.386471880240357 
Car -1 -1 0 973.2016423768673 168.56581514213622 1156.3766020087924 231.21738631108528 1.505295 1.6464927 3.9740584 11.9912815 1.4022651 19.155573 0.6156462 40.11370671873428 
Car -1 -1 0 598.8054622957309 177.23342190283083 620.4472215573869 192.6735280505634 1.4582436 1.5938513 4.125022 0.0356386 1.9053985 71.51924 1.7086298 0.6649196491725642 
Car -1 -1 0 217.87873216394377 185.0111278062605 262.37064806155115 205.70211061883893 1.4659102 1.5752411 3.5703135 -28.11013 2.4228868 55.009197 1.5667303 0.5853735508987022 

