Car -1 -1 0 1056.797317475025 152.01296983306537 1242.0 265.3325732154031 1.601563 1.626318 4.0566254 9.184219 1.3070135 12.376846 1.8779855 137.61099294286953 
Car -1 -1 0 1016.4782467547641 159.28142013790568 1127.4643250246293 231.8341692712744 1.5907491 1.6346345 4.061505 11.373075 1.2931646 18.008997 1.9615583 69.03829728876472 
Car -1 -1 0 60.78142838709264 215.8496986663212 375.2241186955646 375.0 1.4760323 1.5818893 3.5332894 -4.7565928 2.0852032 8.743177 0.44925308 130.83809313509784 
Car -1 -1 0 778.1486331433534 171.67120720628185 869.8131331515892 255.42002979365427 1.5566685 1.6701633 4.2330017 4.7665057 1.5346835 15.685656 1.9154265 72.28519538074833 
Car -1 -1 0 984.5235163402394 152.6005470542759 1048.0934031280594 208.30522743638005 1.9822365 1.5722876 3.840434 15.551985 1.2615225 27.749962 1.9337714 55.54438533638116 
Car -1 -1 0 968.114028464936 158.4331400187015 1010.9273819201129 197.68374473703702 1.9345827 1.5957398 3.7794104 19.746695 1.2238076 37.614056 1.9527956 10.640437015517616 
Car -1 -1 0 796.3407820708549 165.22794039793104 871.2677246814543 234.39747763831508 1.697511 1.6385505 3.9331849 6.243892 1.5103574 19.83783 1.9572947 3.574713294858678 
Car -1 -1 0 846.8489165145918 172.75578723181832 891.2121363432778 214.36974259373252 1.5292943 1.5488552 3.189423 10.13566 1.5256848 28.275915 1.9013257 1.1809367652539884 
Car -1 -1 0 854.6871912393377 171.43180998955714 897.2249563522314 208.81145598551782 1.5533751 1.5879447 3.7598224 11.760729 1.4942734 32.01622 1.875351 0.5970915479441168 
Car -1 -1 0 647.170333957644 170.962147529999 710.8230660663683 194.88098154396994 1.5863194 1.6085476 4.04502 4.749046 1.4608498 49.3492 0.37940118 0.8313732742393894 
Car -1 -1 0 943.318294047786 166.029181173338 972.1642048777159 185.0198807017828 1.5246849 1.5661026 4.1250796 28.972553 0.97674805 60.131054 1.870369 0.25883153080940247 

