Car -1 -1 0 401.00456005702927 178.93482075769575 485.9366732510828 240.29394892462 1.5186192 1.561076 3.4025226 -4.3404026 1.3631694 19.500797 1.5603313 91.32663330691265 
Car -1 -1 0 666.1789239149982 181.4342054709808 732.0661949917051 229.3392339713352 1.3723011 1.526402 3.494701 2.7798557 1.2639754 22.357101 1.5476487 64.50531138809774 
Car -1 -1 0 249.43626591831526 183.7144701961969 362.274373056418 238.10511922807822 1.4017718 1.5998158 3.869122 -8.426086 1.3630817 20.463512 1.5678065 70.10647300126419 
Car -1 -1 0 481.89649873447956 179.67845279130503 528.5080750791155 213.86549566519938 1.448669 1.5968914 3.6502028 -4.5221305 1.2140293 32.291325 1.5646839 33.63964138155767 
Car -1 -1 0 355.0196190260441 169.29241139244536 422.67091072178386 216.3562494191407 1.7685932 1.6230075 4.037156 -8.7297325 1.1702183 29.057083 1.5388347 36.384442154090266 
Car -1 -1 0 585.2465019887042 176.7404304115773 615.0993698116893 204.07461534738508 1.4746974 1.5982007 3.8537536 -0.43721926 1.017451 40.73578 1.5366681 15.757308996236592 
Car -1 -1 0 621.9418498359504 175.8162999083936 648.602924148091 197.65558537826132 1.4986312 1.5796443 3.8442183 1.9683346 0.85363615 51.284966 1.5247538 9.995803548654415 
Car -1 -1 0 516.8798971873098 175.82831630919824 545.7340971256523 201.79361333375508 1.4943066 1.5855153 3.8114924 -4.53435 0.9540614 43.324886 1.5036846 7.501776145767051 
Car -1 -1 0 570.3371870028885 177.08636371750137 597.8434842190064 199.74142142224164 1.4636548 1.5460923 3.606793 -1.5855615 0.9384502 48.32408 1.4532654 1.5916858968337517 
Car -1 -1 0 431.5674422851921 176.0024798201306 501.82797410453213 200.46893930346016 1.5160775 1.6721495 4.186916 -8.84811 0.9451754 45.514843 -0.0651225 0.2633427083492279 

