Car -1 -1 0 710.3033245110902 187.00076256874468 849.782835779721 283.02554611513017 1.4466884 1.5834413 3.4413216 2.9433894 1.738853 13.14481 1.5227805 98.27947280757147 
Car -1 -1 0 697.1108186454815 174.9589267570843 812.6233809957318 218.65360925918517 1.8079312 1.7342888 4.5714192 6.156998 1.9007871 30.887571 -0.03301707 45.94267198282748 
Car -1 -1 0 787.3041200839297 189.33415508623048 936.5479313716208 243.3327823569045 1.4226451 1.5885456 3.6962388 7.05964 1.9100947 20.448265 0.05427797 61.68665330802095 
Car -1 -1 0 245.1416264426116 176.0898733898973 431.2845144556339 246.25277736232056 1.6196625 1.6818045 3.9873803 -6.550928 1.7039206 17.769072 -0.09115129 59.227916597492175 
Car -1 -1 0 5.464973817805648 185.33555808976928 353.5316508374295 299.7122571724427 1.5062879 1.6227012 4.1077843 -6.070983 1.7023463 10.508162 0.006969506 61.33639492045028 
Car -1 -1 0 143.8167712677466 169.2823741255834 399.7121599333043 274.0561763227543 1.7555285 1.6164259 3.8206794 -5.8994846 1.6956843 12.9049015 0.0036803626 81.05599005954038 
Car -1 -1 0 741.8189726308018 180.26587273380457 873.8449621045089 233.39227973333172 1.617799 1.6383141 3.8158844 6.2741 1.8647854 23.134846 0.047604993 17.304217209733647 
Car -1 -1 0 457.01951056999127 171.88784338470094 535.8043879540055 203.84086662872465 1.7937591 1.7454289 4.4006004 -6.4835596 1.7395214 41.635773 -0.12033274 15.614084480097164 
Car -1 -1 0 438.6629720494037 175.2393864495429 516.1626465480587 207.28981279352791 1.5766628 1.6525817 3.6499238 -6.6387453 1.7002652 36.506744 -0.030122515 12.97863067194507 

