Car -1 -1 0 290.6060979710532 184.52154458658163 465.6159982515656 292.23711144970645 1.4632564 1.6146702 3.747708 -3.4838817 1.4538267 11.645625 1.5789368 100.0566410046111 
Car -1 -1 0 241.39952398646878 184.59882038401412 368.29158657111805 248.0982370222515 1.4629878 1.6184324 3.661068 -7.586974 1.4487753 18.41723 1.6024494 42.808486910902275 
Car -1 -1 0 0.0 175.9760185073492 246.71445484057705 297.92874915153095 1.6431384 1.6307741 4.008808 -7.677112 1.518647 11.693674 1.5662149 123.99042600036498 
Car -1 -1 0 582.5795476269572 177.13697375947987 620.4203119013749 212.5235748950385 1.5320191 1.6382947 3.491234 -0.24790217 1.1822608 32.86828 1.5699666 24.670975312160728 
Car -1 -1 0 115.11446688515635 186.07687594197182 264.54613885621893 242.41075809958485 1.4106269 1.7023379 4.2132893 -11.501221 1.4373459 20.184284 1.5855894 15.359422420001676 
Car -1 -1 0 438.98424389439873 179.82627686334564 484.519401894927 210.26402555709083 1.5172594 1.6031091 3.5795484 -7.5586047 1.2486078 37.63706 1.5883394 23.673916531543433 
Car -1 -1 0 378.50355868881337 182.3029323623315 443.71435190549073 222.3365806830408 1.434186 1.5328856 3.5957265 -7.4342403 1.3298376 27.55392 1.5663497 13.919049586142258 
Car -1 -1 0 472.71373285607183 180.83837650614328 541.3774532107858 229.45462933031084 1.4844005 1.6558374 4.266714 -3.255066 1.3507477 24.092525 1.583482 53.26942423363933 
Car -1 -1 0 491.37465925222824 177.43730209426755 517.27091728841 196.218693953459 1.4356368 1.6036097 4.064434 -8.120787 0.8410615 57.007156 1.5368032 0.3140261173248291 

