Car -1 -1 0 711.5103703712753 187.5060731723968 871.042842403239 299.33827124998635 1.4434037 1.5923253 3.7502637 2.73904 1.7191746 11.693708 1.5561839 102.96286496568393 
Car -1 -1 0 660.3227094323432 176.71683139722953 728.2842927687083 237.0415028117122 1.6996442 1.6805427 4.090178 2.5628185 1.8318471 22.643072 1.5780215 77.61949487243483 
Car -1 -1 0 0.0 187.0212600251402 319.748948071435 305.96962656140084 1.4797164 1.6646426 4.2621956 -6.5487285 1.6988561 10.184613 0.06846435 142.05618542669725 
Car -1 -1 0 637.1725963039464 177.84940497220958 676.4936094818846 211.9171413033818 1.6728454 1.5856705 3.4517164 2.4268577 1.9464002 37.732224 1.496208 33.51145025490321 
Car -1 -1 0 651.673696265302 181.04040747473496 703.062614641927 223.37356064119626 1.5178773 1.5783961 3.9981737 2.623612 1.8660147 28.667694 1.5479031 15.479843745032984 
Car -1 -1 0 301.59900886363357 185.7951061918977 459.3554997134896 241.9131767833756 1.4624636 1.5693178 3.9023488 -6.273992 1.8375591 20.056328 -0.037527114 20.47925147162619 
Car -1 -1 0 330.5161113710742 179.45433460125435 477.0011538023182 233.25414047897937 1.6113799 1.6872938 4.1631184 -6.3985963 1.8280604 22.762556 -0.039220344 28.16316286576674 
Car -1 -1 0 174.81427539262933 168.93899256582856 410.52533349422583 262.9390914306159 1.8496683 1.7362118 4.1675415 -6.4880443 1.7726314 15.087653 0.010404005 70.4361464615749 
Car -1 -1 0 243.52910764448228 184.08319139812554 432.40430948110895 250.96137752517518 1.5197806 1.5916868 4.0021305 -6.4942713 1.8064742 17.554722 -0.03578866 3.5255207982042926 
Car -1 -1 0 403.8617162405596 182.1675353555233 499.01239804066097 218.30287808607352 1.5259266 1.6366917 3.9062452 -6.927848 1.9497944 31.896223 -0.064037554 1.288707312940935 
Car -1 -1 0 485.31413690747894 180.32122679877904 549.1012358449575 203.14619184519134 1.5014215 1.6279621 4.079031 -6.230876 2.017075 48.935738 0.03780636 0.8551318020624946 

