Car -1 -1 0 779.1201458184972 175.95487807073243 926.8503194743055 237.17870617123518 1.4266386 1.5393636 3.5398295 6.267115 1.5162166 18.925678 1.0493544 100.08063990412816 
Car -1 -1 0 629.1884698686246 176.28449489741374 680.2980029510817 211.76013434412775 1.4275122 1.5739838 3.4368172 1.8964547 1.5843899 31.189842 1.4400002 73.1053745188265 
Car -1 -1 0 353.261243944387 177.06304764957866 473.43306495526167 218.9155583738527 1.4795458 1.6381118 4.0348773 -7.166303 1.6404729 26.642216 -0.06317896 36.07237279266421 
Car -1 -1 0 610.5205051136173 173.7110755156115 649.5280684628459 201.45620488835658 1.4854143 1.5735736 4.1839395 1.1078622 1.5366296 40.940163 1.4411216 12.563211466709449 
Car -1 -1 0 0.0 171.17665220710012 261.6953738024266 298.75056866186395 1.6563267 1.6549313 3.4511342 -7.0464897 1.6345491 10.209387 0.008130278 92.19294964038038 
Car -1 -1 0 492.3863352552975 175.4893100315228 520.8619847389311 200.6773479667955 1.491662 1.6216185 3.926157 -6.489356 1.66448 45.240807 1.3916259 11.12057915325178 
Car -1 -1 0 287.9403484227326 176.1696089245373 433.708191088564 228.2764370756965 1.5026654 1.622283 3.8521352 -7.476918 1.6076102 21.883617 0.0756239 16.090350459276138 
Car -1 -1 0 57.65920970798672 181.02030197071718 339.1797654023506 275.4601993526801 1.4665344 1.6059465 3.8659496 -6.8097343 1.6143792 12.207697 0.027180936 28.804423334137027 
Car -1 -1 0 448.1835711708638 177.3127928944729 493.1974473022288 209.25029543432666 1.4298007 1.6505789 4.1027093 -6.6688657 1.6590168 34.990875 1.5042098 0.3701638877391815 

