Car -1 -1 0 721.4541321998423 173.18440688666416 910.7415964190245 316.92517078566283 1.6789567 1.6553767 4.1374393 2.7386932 1.6847308 10.523423 1.5921856 124.18164737430703 
Car -1 -1 0 681.7155468046917 181.52829125134386 788.6348176706157 257.21536857353175 1.4670422 1.6372589 4.134534 2.729846 1.6911088 16.551043 1.5457897 73.90520387685659 
Car -1 -1 0 655.935171139778 175.08929033860838 715.8165024543667 225.0018119102664 1.6358464 1.6393435 3.6213431 2.638677 1.7209866 25.647516 1.5397218 76.02799883425548 
Car -1 -1 0 641.0461617572895 177.9710402055465 673.0183861373135 206.25778189877462 1.4494488 1.4761672 3.4001856 2.5482655 1.7402818 39.3002 1.5581725 18.81349376869296 
Car -1 -1 0 0.0 185.84031512426657 343.6742759484595 304.3788031776306 1.5575541 1.6719625 4.0836506 -6.266429 1.7666795 10.655603 -0.063415766 73.96079080628776 
Car -1 -1 0 356.34550595915636 183.53125333364417 489.37520347574684 231.98478960941682 1.5268373 1.6006085 4.00087 -6.180652 1.8978271 24.114237 0.07926181 21.04738382630678 
Car -1 -1 0 112.90740769492292 190.56399821682842 376.17020501285765 275.1214306263524 1.4320941 1.5746144 4.0750566 -6.6135087 1.779877 13.363529 -0.009083984 13.219173688858142 
Car -1 -1 0 446.9089760219108 179.3662029547422 531.6530644800991 209.39147320355985 1.4811898 1.616786 4.0310755 -6.096933 1.8215053 36.83855 0.02959207 4.534348107481777 
Car -1 -1 0 620.396109665807 174.87090633649865 642.729862183867 190.2697374590663 1.503228 1.6649892 3.8362565 2.1975827 1.7128263 72.97281 1.440496 1.4034421844064409 
Car -1 -1 0 424.0517630916168 181.1166482961727 520.7172748013761 212.35726341778386 1.4360458 1.6310222 4.2912908 -6.5104513 1.8412905 34.509888 0.029394139 0.2668170162675108 

