Car -1 -1 0 678.6312168066447 178.92173492486637 779.2619760755639 253.34181238293561 1.4794574 1.6035749 4.27333 2.6375568 1.6390848 16.8378 1.5613722 118.58276882555576 
Car -1 -1 0 761.2742367520179 183.7320540913552 970.436637690118 333.03520529397684 1.5075594 1.4714057 3.2699103 3.0198798 1.6704967 9.166174 1.5619409 97.52609438759254 
Car -1 -1 0 426.0720997386854 181.01435359950756 501.16664282916963 232.54412806175569 1.4858294 1.6829057 3.9753795 -4.6363463 1.7734923 23.436613 1.5577064 87.30788830997548 
Car -1 -1 0 143.9979814135846 180.12986408584015 331.84757540871647 239.68002480397033 1.4596558 1.5945983 4.071878 -9.555591 1.6571856 18.740917 0.024958197 79.67334671391117 
Car -1 -1 0 466.14692496582165 172.4687712441228 518.248904168979 220.43998299663787 1.7979746 1.583225 3.713988 -4.6364865 1.783536 28.922127 1.5424438 38.5025682643843 
Car -1 -1 0 668.7816543102635 176.31941297890643 730.2048500263331 230.9924728743683 1.5930988 1.5704353 3.5860593 2.797258 1.7125168 23.058844 1.5867819 35.832448550853044 
Car -1 -1 0 648.0882388267663 176.8339144640784 697.5140094991068 214.41950779846184 1.5231555 1.5494645 3.7582986 2.7063966 1.7080514 31.585432 1.4904305 11.140424980743298 
Car -1 -1 0 604.7109702452489 172.82366798627703 625.0185827158991 187.7898924265345 1.4881762 1.490458 3.4655657 0.5187336 1.4851598 73.57938 1.4032278 1.7830715692736543 
Car -1 -1 0 535.5090843321868 176.41793672415844 554.2930340019633 192.4146366974041 1.4786644 1.5764401 3.6454124 -6.2474756 1.8313038 69.47276 1.4188303 0.3242095708847046 

