Car -1 -1 0 675.8412901256303 181.08093127752093 750.9042991327923 239.6033952949688 1.4494267 1.5670099 3.9917715 2.8356655 1.7051802 20.431557 1.5749872 110.102751466718 
Car -1 -1 0 182.40613541905697 196.44705815326762 356.9088132728659 292.1543593848596 1.456178 1.586135 3.6959589 -6.248556 1.9658849 13.739002 1.569281 108.37608771276756 
Car -1 -1 0 920.6482275142831 163.9605784291939 1221.2393628947584 250.9399445853823 1.4934819 1.6841488 4.4801345 8.324564 1.340777 13.277517 -0.020732276 124.09294018947442 
Car -1 -1 0 794.7539387275862 164.3340910224768 956.7076680549324 214.39908963312243 1.5003694 1.6862993 4.4537 8.252499 1.245041 22.589247 -0.055736877 82.64590434210892 
Car -1 -1 0 353.0674573497085 190.79121248343762 442.36932824666627 247.204938782356 1.4364177 1.6058769 4.0140796 -6.2427535 2.0260715 21.690628 1.5429174 35.99799768247664 
Car -1 -1 0 1106.8042654254823 146.5234598751504 1224.956993606553 186.3902414986763 1.5484885 1.5795712 3.5705266 22.219894 0.52576876 28.894112 -0.0445172 21.197777303513515 
Car -1 -1 0 458.1247827481601 183.3456300505439 510.3242142201215 216.58327448043124 1.5046012 1.5888687 4.181264 -6.20888 2.061676 36.164715 1.6498435 11.899477502335285 
Car -1 -1 0 861.36134935007 151.76635326095573 1079.8163215932382 232.95605293313062 1.7510078 1.684315 4.146781 8.109391 1.2962132 16.448208 -0.021674957 55.495886317087205 
Car -1 -1 0 711.7928195467638 167.80212291689685 775.7657025874929 191.63479158477617 1.5640433 1.6664175 4.012591 8.9383335 1.2325084 48.26925 0.042448744 4.394047464002082 
Car -1 -1 0 1049.7522375279498 148.75225395519317 1165.7700457939454 183.54253268931956 1.4996812 1.6314292 3.9705677 22.037466 0.46074325 32.023735 0.053594135 0.9121520483564726 

