Car -1 -1 0 55.57179963947202 203.6322328882451 301.72524867125327 336.80112857727835 1.4501686 1.5158503 3.569601 -5.9595547 1.9747208 10.493982 1.545839 124.22107736181196 
Car -1 -1 0 265.97595127740294 195.30530111290707 405.78685948610786 273.700524443335 1.4299209 1.6446592 4.144137 -6.030947 2.0059085 16.431465 1.5615659 93.33471754088967 
Car -1 -1 0 690.2878063460497 176.26492311841923 789.4218021113437 241.60593816071503 1.4546511 1.6485965 4.1196074 3.177495 1.5513499 18.368265 1.5360975 60.31769268071911 
Car -1 -1 0 385.6847657703289 189.9947603577782 473.346087395478 240.89315484948193 1.4375043 1.6779382 4.3827906 -5.8823195 2.0628028 24.098673 1.6107788 76.55752867793322 
Car -1 -1 0 674.1841707588171 175.11238937219844 740.9778932945692 226.41751159544106 1.5391102 1.6408486 4.007373 3.1448653 1.6199841 23.830479 1.5653007 57.66645578107989 
Car -1 -1 0 819.7606015786404 155.9164405341881 994.4352851061659 213.92759361918175 1.5348624 1.6652333 4.2347097 8.241871 1.0867274 20.158766 -0.114105284 54.18453291756404 
Car -1 -1 0 660.1892400975275 176.386280448814 705.8009341625129 211.91438198705032 1.5468562 1.6016206 3.7150338 3.3703325 1.7209916 33.68071 1.5282216 27.089889058980276 
Car -1 -1 0 1001.5020358532668 136.9073978007116 1242.0 231.88726223217841 1.5134277 1.6308788 4.0477853 9.191148 0.9406475 12.409578 -0.048426498 108.79138636399502 
Car -1 -1 0 963.8068135716283 138.73974521762318 1185.2667663302832 222.7595350475115 1.6307927 1.5875419 3.579751 9.47786 0.9686477 14.877343 -0.0444756 46.6452693404617 
Car -1 -1 0 893.2247455047392 153.36812190756507 1082.3930489111522 218.54573650501086 1.4761825 1.5981747 3.7694376 9.00665 1.0348543 17.33098 -0.103288785 60.71366228932673 
Car -1 -1 0 478.129610529707 182.2475172471537 526.1892442017073 213.87611868479985 1.5588346 1.5851512 4.1679683 -5.738077 2.0945516 38.995365 1.673588 8.986558133944424 
Car -1 -1 0 437.19022126924784 188.5228314418214 497.33085683151904 228.95347391305623 1.4828589 1.6290162 3.8340168 -5.8198624 2.1745317 29.909655 1.6018288 16.05871466069272 
Car -1 -1 0 518.7110551967389 180.6631050600357 543.7418636979396 201.45145001424 1.4589958 1.4933856 3.7241602 -5.8203807 2.0626812 53.91096 1.5630991 0.788995538905751 
Car -1 -1 0 591.3033229487048 175.92351869443394 617.5689853445708 190.85897731093522 1.4888093 1.5844905 3.6557052 -0.55693305 1.8151847 74.73101 1.2211576 0.33805155754089355 

