Car -1 -1 0 713.8884645251549 180.70662563529388 808.9585614161215 252.1121105951069 1.494668 1.6086156 3.6508534 3.5313 1.7036505 17.355886 1.5977714 53.170499452254965 
Car -1 -1 0 199.47027981405637 183.0661350452759 439.3566551208986 266.84985101258036 1.5004147 1.6345729 4.0677123 -5.5870914 1.7148325 14.156602 0.0881064 76.93834391719267 
Car -1 -1 0 312.3486104692496 181.9760005980052 480.2980612642742 234.02409753970116 1.4319715 1.6627249 4.411375 -6.1134458 1.7088792 21.030138 -0.018895343 57.62897120583318 
Car -1 -1 0 698.3583111846526 177.4623203105257 769.927051633218 233.40944413901457 1.5659753 1.6510739 3.820917 3.7794724 1.7216406 22.44344 1.5945578 59.517728141358454 
Car -1 -1 0 390.2366140318165 179.8617605646312 506.8237000424758 224.76051225384404 1.5842512 1.6501482 3.9194036 -5.858995 1.8501756 26.549538 0.0029076317 22.503202912677274 
Car -1 -1 0 435.35565185700125 179.22187881352818 531.7990767427401 217.00089847936223 1.5661894 1.629279 3.8881204 -5.3654485 1.8478394 31.057302 -0.021465795 9.400464164606813 
Car -1 -1 0 676.9890535711043 180.81860238407208 717.693958845224 213.16594856182735 1.4904264 1.4836006 3.3258877 4.3059387 1.9039654 35.77129 1.5290003 12.885873457896995 
Car -1 -1 0 424.20809850180484 182.11132933844007 532.9410427866326 221.74903437505193 1.5059499 1.6269301 4.019524 -5.132967 1.8835969 28.615349 -0.002929909 6.335885903228523 
Car -1 -1 0 465.81760454118063 173.2773745018894 555.6678598675284 210.15355488175396 1.7623458 1.6980112 4.102628 -4.9107494 1.7842743 35.943947 0.30641097 0.5870459112408739 

