Car -1 -1 0 820.9226048791181 198.19892493445957 1115.1909154302916 290.03738759946117 1.4663205 1.6983851 4.41857 6.239766 1.9525205 12.931912 0.027483685 96.23005495659936 
Car -1 -1 0 179.2896481001002 188.96606481325355 415.6150986181389 266.3497307995914 1.4740012 1.6682322 4.251048 -6.39787 1.8353369 15.172706 -0.0836529 77.19675503095691 
Car -1 -1 0 778.0200451055861 196.80927870310887 925.0679062403425 251.82298653580284 1.4299409 1.5497897 3.6292284 6.7819676 2.137514 20.421331 -0.06488092 65.59541490852071 
Car -1 -1 0 269.28524392197346 191.1483481502737 461.03229107686224 255.57420475999666 1.440817 1.6095352 4.1498165 -5.834924 1.9103093 17.589962 -0.05965451 41.40326913960242 
Car -1 -1 0 699.1782210760697 191.38360194176695 795.074433221591 228.18641903675405 1.5664895 1.7441132 3.981685 6.131506 2.4225855 32.4634 -0.0003505971 34.20215931231172 
Car -1 -1 0 642.9775375502857 190.68600593081928 668.3884807233029 215.69932794211945 1.4647108 1.5836997 3.8038592 2.9755478 2.6731102 46.95607 1.6213188 15.571249007653332 
Car -1 -1 0 356.5459341252892 188.26194034770805 497.9479433719706 242.55223326272568 1.5585732 1.615876 3.9236233 -5.584001 2.0572195 22.324032 0.11464648 58.245019938060175 
Car -1 -1 0 750.8601539299958 193.1600530456344 884.1448029153909 245.24626797801605 1.5155859 1.6003165 3.700675 6.481429 2.1811545 22.694715 -0.085376605 32.53028388921947 
Car -1 -1 0 461.7591289175316 189.9752897476639 544.588455988546 219.18852275361772 1.5498416 1.6517552 4.3379664 -5.9903445 2.5458417 40.80946 0.16189872 11.847891715713097 
Car -1 -1 0 971.0420178575202 198.02209128117494 1242.0 350.61045075646695 1.5559483 1.6277223 3.8188663 6.645564 1.8904375 8.631467 0.07677838 27.243079373387534 
Car -1 -1 0 386.08498532221694 182.9809848451725 504.60460097251655 229.01048000398282 1.6663688 1.650105 4.126817 -6.15437 2.062192 27.349253 -0.013467917 20.409695397019917 
Car -1 -1 0 377.3640911680147 191.39023937075953 504.53252316298233 237.97536966971094 1.4727907 1.597811 3.948316 -5.7586927 2.1390004 24.816319 0.16726416 3.2443176229562822 
Car -1 -1 0 680.0823977041157 189.23796043691164 707.0131335513079 211.33475747955066 1.5856631 1.5435259 3.5750458 6.5198464 2.9051905 56.292572 1.5286257 0.2832888960838318 

