Car -1 -1 0 357.5400663832037 185.2465669625992 496.5710479776205 275.584864716469 1.4691756 1.6276375 4.1959643 -3.253168 1.469858 13.7926655 1.5677594 110.68144959367065 
Car -1 -1 0 235.51922955739184 180.34913285412023 360.9540543140171 244.00893770526054 1.4559352 1.5842258 3.910499 -7.740066 1.3446342 18.40847 1.5545865 105.07211565729078 
Car -1 -1 0 35.860970312160525 200.2526284538767 420.21190134515865 375.0 1.3544314 1.6341443 4.2574873 -3.1648831 1.5476887 7.089713 1.5449433 95.10076602456382 
Car -1 -1 0 555.7438766796258 177.60090092668673 621.3816057923418 238.03848904667947 1.5529423 1.6878128 3.2670386 -0.5167856 1.3572803 20.123932 1.5472383 57.21277317398672 
Car -1 -1 0 510.26478501073683 178.20032995535274 549.5235209126586 216.0084723349777 1.5543412 1.5990188 3.8063169 -3.3350317 1.2659304 31.512424 1.4933174 28.5072183336136 
Car -1 -1 0 332.2468147696751 181.30480860230315 386.9163279006363 210.45313843430156 1.41886 1.6053989 3.7016275 -12.625957 1.2284887 36.861626 1.5465823 33.37025902737312 
Car -1 -1 0 448.0997512130389 174.2485720056633 528.291907628874 235.06906707818936 1.6059331 1.651155 4.1059694 -3.3681474 1.3163519 21.03743 1.5749743 43.126487483753195 
Car -1 -1 0 379.8112305755688 175.40335548740205 447.8656314292515 214.1908464934274 1.5267806 1.6569504 3.7313645 -8.039972 1.1405402 30.209755 1.6330872 9.900746769383836 
Car -1 -1 0 441.29811746562365 176.55041464998905 483.88212146903294 203.07705136610667 1.5326219 1.6179887 3.770761 -8.688484 1.0319703 43.46276 1.6295388 2.442655471603533 
Car -1 -1 0 424.42317768299176 175.85819481781323 446.3293881980606 195.52404008525846 1.4793128 1.6084493 4.189945 -13.469509 0.7754186 56.30074 1.3288534 0.683000635840109 

