Car -1 -1 0 119.15257077129486 179.51198997958417 391.8252670567299 347.64763969605406 1.7151442 1.6332269 4.150875 -4.3219333 1.8230569 9.610085 1.5593935 136.5784602508899 
Car -1 -1 0 719.6596376937893 170.51173052292103 878.846311694049 276.30802160380813 1.5535165 1.6456949 4.1487613 3.1070879 1.5191225 12.682926 1.5540859 103.43579602602404 
Car -1 -1 0 791.0720515181024 174.3721408136238 1191.2629668046254 375.0 1.5080054 1.6438017 3.8490753 2.965828 1.5259845 6.6181335 1.5737615 101.95408973701191 
Car -1 -1 0 498.32703123945856 177.98682354400816 526.8708811929788 204.42271569867205 1.5290962 1.6713688 3.8824131 -5.967936 1.8604792 44.553463 1.4459511 10.042097049385559 
Car -1 -1 0 625.8431965253797 173.04172490828552 664.7599188787472 201.03226544119298 1.5559719 1.5226158 3.3457592 2.0358872 1.5673418 41.91798 1.3858751 10.181895434328945 
Car -1 -1 0 579.0283229411986 176.05518151751048 604.3587404660581 194.6167841931837 1.4971778 1.5665853 3.832654 -1.5391449 1.7764552 60.923107 1.3914268 4.2928186308242 
Car -1 -1 0 601.7544161848617 172.14759562378643 634.9410944318917 195.3314440559334 1.503817 1.5154364 3.6672542 0.55580866 1.4579959 48.74868 1.3743877 3.316531481054826 
Car -1 -1 0 558.5185800353148 176.75010557547046 582.246751686709 193.8710204249944 1.6150173 1.6346312 3.639839 -3.8765335 2.0086184 70.92549 1.3153743 0.6618688512343056 
Car -1 -1 0 649.6186470748402 171.47544572281808 694.9526128752149 208.25979216983447 1.5643468 1.6094785 3.9487076 2.779701 1.5057201 32.68025 1.5442172 0.5321379318996403 

