Car -1 -1 0 190.36229970449244 185.33636369490182 407.817325646595 259.390500049891 1.4711802 1.612543 3.9967225 -6.575421 1.7553716 15.531891 0.04516543 74.57348926959287 
Car -1 -1 0 662.8857914498392 174.51118493681824 749.8963651663497 244.04821505643426 1.7809305 1.730507 4.434917 2.665726 1.8339748 20.841232 1.5255837 95.88421896489587 
Car -1 -1 0 306.1444580137524 186.39083040010064 459.93406543520115 241.70106837701044 1.4459935 1.5742234 3.8088107 -6.2955904 1.8438809 20.266273 0.08276367 30.276616272485118 
Car -1 -1 0 650.3487576960866 181.76416966964192 693.4969783013278 219.2284077765571 1.5031626 1.6119436 3.7340503 2.685309 1.9179959 31.717442 1.5813289 16.365906395934182 
Car -1 -1 0 254.4648142102167 185.18009974976272 446.05715616089765 249.63513972019462 1.4865112 1.6168792 4.1544776 -6.3117867 1.8060966 17.840092 0.028646406 24.711529319869534 
Car -1 -1 0 634.5753347685256 180.04829332738285 668.1799968750493 205.8140550889864 1.4535522 1.5581446 3.6013942 2.4862757 1.906733 43.59587 1.4941835 6.663131298350685 
Car -1 -1 0 361.9799696528111 170.9647907153341 483.39082478630877 221.35465260057717 1.8454549 1.6829537 4.219903 -7.013838 1.7762653 27.39663 -0.062376548 4.845716840139949 
Car -1 -1 0 429.74083511917013 178.81336546032526 515.2746633513013 213.39460307100669 1.5822041 1.6348568 3.6899836 -6.4852123 1.8740103 34.342144 0.09496228 4.838164775327347 
Car -1 -1 0 353.4324313778809 179.9446836148477 475.9517407902097 229.9177295535167 1.6606219 1.6313388 3.8311927 -6.6997256 1.9154682 25.076397 -0.021367773 3.7976933167230493 
Car -1 -1 0 453.45708958470243 180.7346634426029 527.8797724136906 208.01704302437253 1.5368764 1.6496831 4.0798197 -6.877136 2.0050955 42.006664 -0.018557128 1.5862186728611283 
Car -1 -1 0 329.44446411477696 183.4457192937931 463.2028288664486 234.0363915718674 1.5122964 1.5877299 3.7629333 -6.7346525 1.8640575 22.973108 0.106775366 2.2184625232937623 
Car -1 -1 0 446.12450574106316 175.26822311342374 499.80289876855073 220.40411773088272 1.7870774 1.6131803 4.039442 -5.759445 1.8970275 30.823381 1.5482447 0.2696099877357483 

