Car -1 -1 0 828.4596618957988 196.52121796072703 1242.0 354.27412725672394 1.4810047 1.648797 3.7948015 4.6030564 1.7772512 8.050015 -0.084498756 126.35081204946431 
Car -1 -1 0 694.7341316492037 189.8124533715428 850.9579041124748 251.30900863540913 1.4750974 1.6036687 3.6558046 4.1925173 1.9404358 18.8224 -0.09782596 109.68451270339045 
Car -1 -1 0 226.86634586388564 179.3375551034867 398.80457770240236 238.28190479881596 1.5089595 1.6464115 4.0314856 -7.977434 1.6948236 19.68741 -0.08787027 83.71542132900191 
Car -1 -1 0 85.24911489187971 179.03198373614035 333.5163124564152 258.773723765077 1.499384 1.5888819 4.1090155 -7.903726 1.6303658 14.494557 0.004193882 53.83552435399662 
Car -1 -1 0 672.1684009043437 188.41321853221274 806.5905396714923 242.72705310677648 1.4748445 1.5531713 3.5780241 3.7490005 1.9515572 21.129745 -0.11525342 23.640618645666013 
Car -1 -1 0 0.0 179.35709502679137 285.04636054703286 279.0765596258065 1.4700863 1.6016716 4.095313 -7.687581 1.5846213 11.735929 -0.08514656 50.15741545687931 
Car -1 -1 0 459.3189165410524 178.6876499332291 493.22634272141715 201.99982286752393 1.7540231 1.6571629 3.509744 -10.593018 2.2321353 57.197304 1.0801297 10.016578167852465 
Car -1 -1 0 280.87005250493775 170.74417518913677 404.8737049507333 223.0272909095743 1.6870065 1.622724 3.7989447 -8.958738 1.6189291 24.528156 -0.24415821 10.480526497915678 
Car -1 -1 0 367.1821843971525 170.12030169498982 408.19722650610316 212.1301293269942 1.887458 1.5950412 3.7575953 -10.637194 1.7646356 34.458195 1.1974461 1.7488662473981627 
Car -1 -1 0 254.81112587861745 173.70610068854523 398.1350640748938 228.73965509588615 1.6026287 1.5952129 3.8049269 -8.557134 1.6299057 22.070621 -0.12410138 2.9056610394083457 

