Car -1 -1 0 742.8551401437826 177.2244894219423 971.4519913142833 322.3740713636506 1.5428386 1.6671797 3.9469256 3.0470967 1.6141555 9.781683 1.5476002 118.48682971262684 
Car -1 -1 0 103.86842076350302 197.50035003779132 340.5614035685953 312.1340616246092 1.4359801 1.6494796 4.0892963 -6.107862 1.9163196 11.994854 1.5993962 120.61640058827983 
Car -1 -1 0 340.180775513098 176.0915547580654 445.08380926487916 245.24239073124883 1.7127353 1.6955572 4.3043575 -5.9267154 1.813239 20.236202 1.5583292 97.59802677430665 
Car -1 -1 0 546.5434867498 178.1631824727518 577.1056540647061 200.915820541866 1.4524744 1.6722485 4.059646 -3.2046313 1.8287537 49.07976 1.6060671 13.35093094958806 
Car -1 -1 0 513.3871665817144 179.07791208831185 542.8540581194682 200.0397648769006 1.4280009 1.6231294 3.7635298 -5.8517256 1.8945131 52.182533 1.5941849 6.728770916738466 
Car -1 -1 0 406.95853440200875 177.09590991456838 478.34368419280554 227.3256689157903 1.6960126 1.6531366 4.2463336 -6.106165 1.8663702 26.849775 1.5762322 17.03117767234866 
Car -1 -1 0 465.8664985128669 182.696877990871 510.89280598371926 213.18851415760918 1.4089856 1.6183686 4.3693485 -6.1374054 1.9429834 36.951374 1.5595334 5.186290618714809 
Car -1 -1 0 638.7026244078344 174.11858652642692 659.6352629319073 193.32627520811093 1.510365 1.6520392 3.6295693 3.236453 1.6167527 58.841957 1.6294672 3.580381137201133 
Car -1 -1 0 527.6121300417373 178.620263240269 549.3540766993937 197.52765099333593 1.4847643 1.5000188 3.736146 -5.8516273 1.9768362 59.69128 1.5515544 2.5328632542034817 
Car -1 -1 0 685.4232331163287 172.86341845363685 721.3130011976049 193.92461711071644 1.4941499 1.6074564 3.7439952 6.8698783 1.4948695 53.168312 1.406364 3.94205089736772 
Car -1 -1 0 906.2736127297255 151.26024288256417 1022.9598732551549 192.60653150610224 1.5158973 1.6220232 3.8479545 13.5809355 0.72419566 27.823887 0.31667638 0.8545199257139792 

