Car -1 -1 0 691.1320900421484 185.76802760716603 791.7180220781502 256.35277829314475 1.4291534 1.5711474 3.389579 2.988953 1.7642083 16.982687 1.5125612 73.50879139647239 
Car -1 -1 0 0.0 184.8725473692341 323.20358634046204 314.2206483010131 1.5017138 1.6312616 4.152383 -6.167368 1.6758778 9.504856 -0.06618017 68.11185413307163 
Car -1 -1 0 759.8938739283154 185.62315307702684 885.5714688300466 229.818868780444 1.4002957 1.6029283 3.7919936 7.098209 1.8462763 24.293165 0.05666533 47.42863109263302 
Car -1 -1 0 254.88330536982272 171.76149822489447 445.5132674453414 251.69575501237662 1.7652501 1.6284392 3.848078 -5.917557 1.7411234 16.769468 -0.01092574 70.40923093780592 
Car -1 -1 0 176.36225170239433 183.09504112441746 418.172432191721 265.9334614078047 1.5290678 1.6167064 4.104039 -6.06799 1.7441114 14.33555 -0.0034682981 41.50721988761823 
Car -1 -1 0 693.4742615006761 176.67240220425478 789.9218507934593 211.7487251542696 1.6312821 1.6629659 4.296552 6.3040895 1.819787 34.689747 -0.046667546 19.029289817283797 
Car -1 -1 0 319.10945476615416 175.77929142253163 464.4162113088117 234.12679882714428 1.658772 1.6741799 3.9201846 -6.428381 1.7506411 21.637625 -0.0966766 30.483338848160553 
Car -1 -1 0 78.9932491603466 180.70274952046282 359.9939597898911 281.1667301090078 1.519501 1.5924256 3.7682204 -6.275731 1.6587079 11.923504 -0.04157287 38.98578467984275 
Car -1 -1 0 726.101396188828 179.17184136519086 841.7537018943028 223.46356248196213 1.5892932 1.6481018 3.9450498 6.456031 1.8332952 27.001894 0.020700583 10.750375467975338 
Car -1 -1 0 452.71855158222155 174.45725317332986 527.3763833830731 205.45718736765082 1.692844 1.6944453 3.9350631 -6.6454024 1.7846425 40.40468 -0.031587247 12.51614773203472 
Car -1 -1 0 476.63770372603966 172.17954164378605 546.5317040172531 200.6078730568931 1.7490575 1.7280557 4.28706 -6.1593523 1.7075611 45.51799 -0.12536591 2.167282918733558 

