Car -1 -1 0 427.6665609040481 180.4086995906366 474.28538312668053 222.78551314597215 1.4568827 1.6204079 3.7512195 -5.984014 1.7657893 27.509914 1.3843493 32.75097061874833 
Car -1 -1 0 0.0 194.6853672398822 100.01034508248502 261.0358791713171 1.4385483 1.5830486 3.7436862 -14.832315 2.075305 19.013035 1.1561122 78.80466256300852 
Car -1 -1 0 638.9096777043221 172.71974788005986 704.4302790827307 220.31763132061386 1.5279047 1.527591 3.2453399 2.0742774 1.5235951 24.881493 1.4181514 67.45267229814154 
Car -1 -1 0 569.066251672653 175.91566356846306 604.2509243418701 201.12673259394037 1.4473226 1.5454862 3.6708355 -1.4318264 1.6416663 43.84855 1.3711873 24.257721119497507 
Car -1 -1 0 726.180990494728 148.64654504692598 927.904581580579 296.4093634172908 1.7514911 1.6975636 4.367258 2.9312673 1.4645505 10.738846 1.5738065 106.38577349774937 
Car -1 -1 0 692.9429128203718 173.13164926017416 807.6232542888115 250.2391720406081 1.489126 1.570811 3.8115869 2.9536257 1.4959947 15.89944 1.5087657 49.86798261286195 
Car -1 -1 0 605.2015723085972 171.50870958019308 657.1213651706574 211.64370842327443 1.659967 1.5229325 3.392362 0.8937539 1.6043261 31.65903 1.3636491 43.08882499995518 
Car -1 -1 0 549.8779338304388 175.98052440147737 574.1840673736335 197.45487251150627 1.5334957 1.5565233 3.5165172 -3.5788312 1.7751245 53.913525 1.4310246 11.217547161069524 
Car -1 -1 0 529.5954405350258 177.1941732515563 550.3151934079372 193.5033860137026 1.4979198 1.536998 3.618625 -6.7015715 1.9260027 69.233154 1.3488145 0.608945223973356 

