Car -1 -1 0 749.483003312136 182.98394788203066 944.5391774885 248.72508386205772 1.4933423 1.7063063 4.194388 5.699298 1.7541465 17.629316 -0.04532358 99.00820206767023 
Car -1 -1 0 636.1551602991133 180.77931075300228 680.6359230004607 215.5373689092188 1.4035084 1.526948 3.828354 2.1064177 1.7761362 31.974712 1.5204808 50.51191124323485 
Car -1 -1 0 356.0650188237392 178.72424566127305 488.11408008047187 224.93574002560007 1.5713818 1.6418835 4.255275 -6.5686803 1.7861717 25.573158 -0.0031439457 66.42154469861116 
Car -1 -1 0 78.05877972097963 174.13373229568725 364.3745295514549 283.29928670603283 1.6919873 1.6708057 3.9395165 -6.384827 1.7155471 12.245582 -0.105366714 72.38224897483755 
Car -1 -1 0 238.54564775952485 182.84072610782786 427.2777076750619 247.25938926262444 1.4413743 1.5797924 3.9076626 -6.501278 1.691616 17.242073 -0.024653306 30.12935293264456 
Car -1 -1 0 0.0 190.68642184991404 332.17718876439454 312.004298096583 1.4375849 1.5874424 4.128314 -6.0545187 1.6942933 9.586205 0.003414685 57.900236596456296 
Car -1 -1 0 146.83711530384494 182.27689611452652 391.84668297540156 260.5289104887915 1.4669992 1.6113162 4.211437 -6.7639017 1.6708376 14.679488 -0.059283692 14.085543801959808 
Car -1 -1 0 399.00622075684583 176.97169478328925 504.82271603835034 219.3030077406511 1.5986222 1.6194975 3.9052773 -6.138818 1.7665 28.42889 -0.093287915 8.799521536243715 
Car -1 -1 0 381.0406525412096 173.10957412950603 481.9003643738022 211.5707734447284 1.7067268 1.6572335 4.171685 -8.102957 1.7187713 33.018143 0.076987326 4.8633477853355025 
Car -1 -1 0 628.5543893917309 178.84864266269219 661.1921094378332 205.18176258960764 1.4014663 1.6080508 4.0114355 1.9781748 1.761688 41.338787 1.5540713 4.229389554217836 
Car -1 -1 0 552.6175145060025 178.03184360643132 576.5383896189927 197.9350089606933 1.4646356 1.55137 3.9799528 -3.4670687 1.8818728 56.140366 1.5867491 1.678449012870376 
Car -1 -1 0 474.321465705453 175.71392583281752 537.1296520108459 200.81802956606964 1.6048758 1.6611983 3.9596565 -6.7656975 1.7961767 47.30471 -0.06587377 0.8271540633470149 
Car -1 -1 0 617.4562580821782 175.65503044932754 641.6832440728679 194.04579698850532 1.4547317 1.6410464 4.03969 1.690975 1.6951177 59.819096 1.6911765 0.27953606843948364 

