Car -1 -1 0 646.8581811231139 176.94881044563286 691.1157020871275 211.3682195233652 1.5300691 1.5740718 3.802191 2.7836235 1.736826 34.485233 1.5076427 49.499794516321046 
Car -1 -1 0 433.3618449428154 187.43698558733345 490.4143853088959 226.20624017075394 1.4935341 1.5665911 3.459242 -6.257005 2.1537797 30.89774 1.6256117 44.772057750765335 
Car -1 -1 0 462.5979690847332 186.94363040905046 507.7114280400726 219.31397049870563 1.4771247 1.557684 3.6844244 -6.2199864 2.2243674 36.40592 1.5953814 18.091401695300192 
Car -1 -1 0 131.80762981277255 199.23553241730548 205.83779275100886 230.70272601094916 1.4532236 1.6501714 3.9427922 -23.514843 2.939867 38.664173 1.5402327 17.0226377498578 
Car -1 -1 0 86.41197142277561 201.39184558342166 163.43279698034544 233.84499292705047 1.4990256 1.63414 3.7848566 -25.820892 3.1009896 38.59438 1.5500839 19.0121265158068 
Car -1 -1 0 161.21724224889957 197.9442614450704 252.28472727321127 228.56085533749027 1.4586558 1.6308066 3.777635 -20.51968 2.7719283 36.834908 0.062490754 12.344415269991034 
Car -1 -1 0 0.0 205.22635079880993 88.23967673393155 239.93734750813937 1.5712806 1.7211316 4.348389 -30.534245 3.4204974 39.003487 1.5225558 1.9569110655210689 
Car -1 -1 0 816.9816394938822 160.2946278279896 845.747906161955 178.9257774818172 1.4863188 1.6409825 4.0299754 18.300493 0.48438188 59.66852 1.7058619 0.3004700541496277 
Car -1 -1 0 230.14742204460762 195.3449369424923 291.310482034108 227.56684311058606 1.4710253 1.7064352 4.0047207 -18.261047 2.7193768 37.955544 1.4457192 0.3228627033075784 

