Car -1 -1 0 383.47387627622413 174.81852701404463 497.8831349591888 216.30091539916305 1.6003006 1.7284453 4.157462 -6.6709757 1.6810675 28.791225 0.004304736 63.55765098755115 
Car -1 -1 0 817.7916443679173 179.54288366009382 1045.154170830041 262.4119141794126 1.6044452 1.6867023 4.0532236 6.615054 1.7551984 15.201483 0.1098505 60.46072417303769 
Car -1 -1 0 0.0 180.97261291263158 311.3161596524323 305.80375945353353 1.5462247 1.6533511 3.7300992 -6.3508615 1.6706085 10.0605955 -0.09168407 112.76495059432223 
Car -1 -1 0 845.4781061275505 190.63757155668256 1124.9338938840442 280.65181326423635 1.4230192 1.5830219 4.0511627 6.4078345 1.7561653 12.635805 0.04459536 108.08703680065737 
Car -1 -1 0 422.90555338416215 170.22692133341215 520.1447678539495 209.67367676283828 1.7822309 1.7642694 4.362477 -6.41679 1.6635375 33.81211 -0.15710841 28.134851261164002 
Car -1 -1 0 730.0602457273576 171.10105370329666 889.0343290834135 230.6314842013435 1.8222739 1.7494693 4.5842886 6.320276 1.7686146 23.095985 -0.059344724 83.03036876288937 
Car -1 -1 0 300.7251721189323 181.04591392737302 440.82213146488215 233.68428969044902 1.4988117 1.5716518 3.6750498 -7.0682783 1.7530324 21.592579 -0.0071833725 12.373390163850733 
Car -1 -1 0 275.95661266446336 170.1113254425769 442.6131418455501 238.28636829490756 1.7275324 1.6225355 3.8663795 -6.5854087 1.6580338 19.214743 0.06292209 4.199001728852379 
Car -1 -1 0 517.2691234287066 176.17890603260255 540.8213433538185 197.6161096533034 1.4898227 1.620949 3.9032779 -5.923957 1.742642 52.821423 1.4358261 1.618189660651183 

