Car -1 -1 0 778.8850699734129 177.12925994295355 1012.8660323653054 347.9792665293769 1.525374 1.5686519 3.3500137 2.9967823 1.5845664 8.259266 1.6482246 108.46339175213201 
Car -1 -1 0 149.21160520113895 198.29502665206454 349.4307624736349 310.3096372714968 1.5382936 1.6237 3.7878985 -6.059613 2.0515888 12.663473 1.5705001 86.54847398248499 
Car -1 -1 0 455.78142196070394 186.34938964911117 503.87428875511876 219.84470951668413 1.4888649 1.5695418 3.5950975 -6.3020096 2.1847699 35.376923 1.6143224 33.92930119794588 
Car -1 -1 0 643.8549505644385 175.53527615334252 680.3039459572107 206.87027320104542 1.59253 1.6248269 3.8150368 2.7851782 1.7443005 38.92058 1.5535196 31.53899833863154 
Car -1 -1 0 183.60447766033525 198.17639083121725 237.3832290609175 226.6187118528527 1.469477 1.5834905 3.8868263 -23.686838 3.049119 42.965233 1.409828 10.463228284440282 
Car -1 -1 0 220.71364240391273 196.64418987244224 282.2207296802883 226.5192687209779 1.5359555 1.6678268 3.888739 -20.831255 2.9895673 42.14105 1.5690081 9.56246660014765 
Car -1 -1 0 479.23464908972085 185.70706227871997 519.4991390354447 214.70295669391805 1.4921379 1.5985675 4.119375 -6.2105103 2.2601202 41.04018 1.587006 10.961738547607656 
Car -1 -1 0 804.0425004331246 163.16931957542988 830.0407936028463 180.58129415434772 1.4958012 1.625284 3.8777761 18.369396 0.6638242 64.00792 1.6924287 3.8608728753506947 
Car -1 -1 0 503.90354612561015 181.3095262126108 528.0635137450968 205.77434845213338 1.5461482 1.5669017 4.1178927 -6.3914776 2.1481695 49.227688 1.4375348 0.6194739348334206 
Car -1 -1 0 538.6442339855182 182.3260834215832 562.6642680094042 199.84842967927676 1.4882869 1.5601795 3.9173658 -5.3141384 2.3743258 65.47894 1.6516092 0.5630666114400676 

