Car -1 -1 0 789.3947997980194 184.15540667057846 1034.140669247565 268.0217714709885 1.4639802 1.6513087 3.9987307 5.6599307 1.6949184 13.79734 -0.061461397 123.73504565900834 
Car -1 -1 0 639.9900584656926 181.8005084346824 692.2185436319422 221.3178632056329 1.38876 1.5564595 3.9380858 2.1455078 1.7641189 28.268637 1.5227445 43.30941925910308 
Car -1 -1 0 312.91318148932226 181.3264767619774 469.443454618832 233.80214646159416 1.5056884 1.6239997 4.2416635 -6.531904 1.7724805 21.852152 0.026805107 78.40515873463269 
Car -1 -1 0 123.85080029685815 185.5945116305463 381.8384146971455 268.20491945146745 1.4207795 1.579313 4.041754 -6.530379 1.6743289 13.514654 -0.027388718 38.37425882158486 
Car -1 -1 0 0.0 189.7748501671037 330.97697465303355 297.2298264242545 1.453071 1.6124592 4.1916056 -6.637355 1.7317686 10.965332 -0.054342642 29.48237664832031 
Car -1 -1 0 549.4910229511939 178.7536569949503 577.8482873836795 199.99289942579455 1.4523234 1.5638288 3.7695336 -3.2934828 1.8961723 52.348362 1.6412213 4.52636924756276 
Car -1 -1 0 377.4757321549005 175.68256241326552 490.4467536529201 219.47894690711027 1.7086736 1.6278603 4.1502256 -7.0293326 1.8262593 29.128487 0.025448523 8.123761922536074 
Car -1 -1 0 635.55329126993 178.79958074633038 673.0458654409946 209.3526153588624 1.4672606 1.5814918 4.1833177 2.2768114 1.7943809 37.585655 1.5431706 4.008524921325329 
Car -1 -1 0 618.398140238448 176.81155261702077 644.1265685475959 197.7840765818673 1.5496829 1.5668924 3.5998762 1.6502051 1.8664162 55.882652 1.4793367 5.444631172842823 
Car -1 -1 0 189.93254020854144 183.10142148345497 393.8659263251152 252.46306775908513 1.4573867 1.5781138 3.8811321 -7.015929 1.6986451 16.191547 -0.0035065385 3.0800448353541463 

