Car -1 -1 0 719.6708580028667 177.25031438205218 842.5897468916762 265.6226371492163 1.5703257 1.6314203 3.8048081 3.3844256 1.6727955 14.914201 1.5694526 81.07168477016263 
Car -1 -1 0 676.6849259794312 183.17443830390968 729.1606911536844 223.05016370170287 1.4234436 1.5205868 3.282333 3.6017213 1.8519173 28.288113 1.5340569 58.57159793221148 
Car -1 -1 0 122.0914220392083 183.8967565520433 397.5683526761045 266.3840756958706 1.4006798 1.6269774 4.3050504 -6.313546 1.6189138 13.3743 -0.033529036 141.5465799109771 
Car -1 -1 0 762.871301782641 182.9168162193114 967.8192558725877 322.59201155997476 1.5056738 1.6050227 3.633308 3.2418203 1.6691175 9.881194 1.598613 87.13333204978754 
Car -1 -1 0 276.7266067352981 180.3444654798169 450.5752099028311 242.18907603029342 1.5227356 1.6645249 4.006133 -6.3333416 1.728575 18.908237 -0.044102423 52.50908121521961 
Car -1 -1 0 365.63920419797824 179.0526867693914 492.5469451344761 229.2304054136218 1.5597521 1.6130267 3.7243838 -5.792635 1.7682021 23.447208 -0.00549719 12.700294325034465 
Car -1 -1 0 328.64671915593897 181.28976088508196 488.6032209123782 235.0026396151797 1.4728229 1.6169875 4.245195 -5.749122 1.7295275 21.018185 -0.062065084 13.062295082005235 
Car -1 -1 0 419.16482699882016 173.96093104393378 525.8070172055582 218.52355072357528 1.6842558 1.6150281 3.80459 -5.3559675 1.7294674 28.39733 0.14465715 13.025524464535787 
Car -1 -1 0 433.4664688012105 174.30665953455338 525.8155411450371 212.68459177573382 1.7071906 1.6616881 4.0148263 -5.9043264 1.7758405 33.13411 -0.06755844 2.5376911004900475 
Car -1 -1 0 539.7741578201603 177.69657023731898 564.7483085015105 199.72715633010088 1.5405566 1.5811787 3.535581 -4.178853 1.9082346 53.00966 1.5628512 2.021392518636092 
Car -1 -1 0 395.3359964888803 181.22485662983487 516.1365641228665 224.152690351345 1.4699012 1.5802245 3.9748306 -5.4746933 1.7813137 25.948788 0.05277931 4.461308191264062 
Car -1 -1 0 721.2614441679583 180.20143807042427 808.8150578513921 211.86660804003472 1.4972146 1.641219 4.0585117 7.608814 1.8699629 35.594917 0.09529506 3.1140489315879356 

