Car -1 -1 0 752.4721537593123 177.34940912579268 876.1651165919216 229.98690825699435 1.4391916 1.5668722 3.5367177 6.139531 1.5881214 21.980316 1.0501293 91.44403362612974 
Car -1 -1 0 624.905037456093 177.988978385413 671.397731450061 210.79797181670753 1.4498005 1.52837 3.3458335 1.7805735 1.705898 34.212265 1.4111553 68.69059722111595 
Car -1 -1 0 96.81770602781162 179.1478750665272 332.7833394268385 271.3372854727684 1.5660306 1.6287925 3.429957 -7.093878 1.6884747 13.203877 0.011033551 120.53548796554355 
Car -1 -1 0 610.4153547717773 175.7989213564527 641.8949398796237 202.39374339661336 1.5211482 1.5481968 3.9645116 0.9643409 1.7080066 43.751087 1.5011574 7.697116986645682 
Car -1 -1 0 369.1812470124363 178.30562897823586 482.0771480529349 216.1455408016919 1.496387 1.6681637 4.24968 -7.5024805 1.7277951 29.712288 -0.03848542 18.917440228929344 
Car -1 -1 0 495.4037042896244 178.18308115467207 521.5952267184812 201.69462546564986 1.4815218 1.6247845 3.9108882 -6.744857 1.854147 48.419666 1.4614484 14.533282725904781 
Car -1 -1 0 165.340228887924 181.47270417622158 384.6893886252159 256.4201971518463 1.4732025 1.5960402 3.870208 -6.9100623 1.6638834 15.164942 0.0002120061 20.402136924079993 
Car -1 -1 0 415.48049605699606 180.35445711530897 497.71893527150974 210.34284774928275 1.4713193 1.5846683 3.827756 -7.7230043 1.860704 36.635483 0.016084006 6.57249727886584 
Car -1 -1 0 428.107518258124 179.67446722510635 503.5973461988706 207.10253575965052 1.5242531 1.5868669 3.978733 -8.233974 1.9255463 41.509842 0.07642904 1.6688090452592304 
Car -1 -1 0 319.6354110544117 178.6323366276078 450.8471921246514 224.10035719274367 1.4921896 1.6132888 4.034078 -7.720461 1.7007575 24.995037 0.123374954 0.830888569355011 

