Car -1 -1 0 748.609875096922 185.75215419485244 942.1334237341144 249.92727241475208 1.4272459 1.6127021 4.1473317 5.618486 1.7568259 17.441998 -0.09282922 55.95449059087009 
Car -1 -1 0 907.357870287867 189.62510749635686 1242.0 314.9392436951506 1.468382 1.5738267 3.7586 6.126101 1.7085009 9.503335 -0.021546794 88.00492401212432 
Car -1 -1 0 796.1162598770444 186.76078302956034 1016.3424674487432 265.0850516374358 1.441468 1.5604949 3.8074763 5.878765 1.73938 14.532135 -0.07717314 84.84352924673615 
Car -1 -1 0 631.573644003377 179.44096354563584 679.0830869158083 213.78373974929903 1.4268265 1.6139295 4.269969 2.025194 1.748069 33.002594 1.5004525 39.986178158576294 
Car -1 -1 0 0.0 183.350828703629 261.35699236814435 320.45553979788724 1.4945943 1.6024972 3.9138467 -6.616587 1.636244 8.867727 0.03492182 42.55518151592422 
Car -1 -1 0 85.90300878098711 179.03724773367972 362.1062434926089 274.24695152079 1.612206 1.6981395 4.176477 -6.9408035 1.73515 13.3471985 -0.0731585 78.19978415305106 
Car -1 -1 0 860.4307130231591 185.33523179292484 1126.7284556622853 282.9260342508005 1.469443 1.567162 3.6918402 6.3231945 1.6952823 12.084276 -0.104275726 27.528109049395628 
Car -1 -1 0 391.40550073004187 179.0890220725969 500.38222608121816 215.99666313770857 1.4603242 1.6126913 4.127539 -6.6672525 1.7239971 29.67303 -0.016413122 28.336303888878437 
Car -1 -1 0 742.0644724055205 170.47774390196292 903.5110252061979 239.03910953764202 1.7904054 1.666789 3.9180038 5.7852325 1.728352 19.831062 -0.08085298 29.32315570279918 
Car -1 -1 0 361.9461926804317 177.41742409818747 480.9863569802432 221.58481065273966 1.5980985 1.6223761 4.05091 -6.9964375 1.7746849 27.098862 -0.0052480255 24.72170716966417 
Car -1 -1 0 398.0903305848405 153.94663776452094 433.9751010078164 177.18113373109796 1.7235894 1.6159706 3.6905723 -14.815905 0.32099664 55.406475 1.6176639 4.021391317105481 
Car -1 -1 0 174.675091444927 163.89543293279723 402.2116073335591 252.38573936722455 1.8410673 1.6846128 4.278767 -6.9535766 1.6546816 15.960631 -0.05030786 1.3508068249714558 

