Car -1 -1 0 287.4261279329738 194.0256724608257 449.12981630774397 297.43579773209797 1.4218012 1.5568517 3.42481 -3.943168 1.8352244 12.359317 1.5943822 101.78333106878166 
Car -1 -1 0 652.6815215110912 181.03580436432517 705.3242594490132 222.89189538648125 1.4255309 1.5985694 4.09901 2.5649805 1.7597957 27.427067 1.5687726 57.84418040077118 
Car -1 -1 0 804.3538615700277 163.7214586272527 993.1395709358377 224.31660937588754 1.6296455 1.7312195 4.6161094 8.021451 1.3840349 20.290108 -0.008448598 89.0497247501043 
Car -1 -1 0 430.75542711449395 182.33013719007383 487.5538714489837 224.70644016870867 1.6896203 1.6413898 4.053212 -6.5292373 2.1326537 31.705032 1.5733566 31.497903325338193 
Car -1 -1 0 743.1381961645401 165.03928190053418 859.3301821923038 206.2357550839442 1.6375605 1.6847956 4.3025923 7.805811 1.3269252 29.612108 -0.0415219 40.51293286036829 
Car -1 -1 0 782.0055738477781 161.00918280255348 927.6941679920415 214.99257871290934 1.6843538 1.6705908 4.162299 7.9030404 1.3147796 23.461092 -0.054860555 26.41823437933342 
Car -1 -1 0 477.33728182276195 184.34798062957054 518.403116061104 212.08993066988842 1.5111862 1.6065251 3.9261622 -6.5989056 2.2278981 42.98111 1.635167 7.552461374327529 
Car -1 -1 0 942.918236423701 157.00516067165535 1013.3819445483539 185.24649563101605 1.5058826 1.678532 3.8019922 20.58279 0.66079164 40.462624 1.4490733 1.270328271504 
Car -1 -1 0 674.6449965442735 163.34747276508392 697.652376916349 182.57780947653538 1.787666 1.6013205 4.245853 7.3149204 0.903932 69.226845 1.5322864 2.044532086148459 

