Car -1 -1 0 667.7863240923754 181.6852460357655 807.7274532113373 285.203277142723 1.6000082 1.6253381 3.7652915 2.1917496 1.5454404 13.044323 1.5028876 139.1076919447209 
Car -1 -1 0 388.9529706611636 187.09826676216542 463.6081923963013 236.51874338041995 1.3917441 1.5460702 3.9035711 -5.530904 1.4555932 22.388195 1.5140511 62.582117627614636 
Car -1 -1 0 537.7182763751448 180.54905286194273 581.1031612006301 220.90140659094266 1.5530684 1.6419369 3.446443 -2.0077722 1.37346 29.467003 1.4655926 47.84936141543654 
Car -1 -1 0 300.1741734107319 190.31643715134976 414.8919559374567 262.48838157991315 1.3855726 1.5485684 3.4910643 -5.362596 1.5108325 15.854077 1.4951878 92.16713107837356 
Car -1 -1 0 527.7405929929255 183.5366218290824 560.6808804838829 212.14305510041453 1.4752169 1.5537986 3.3039968 -3.355887 1.3886279 38.739204 1.5494237 7.369877862058122 
Car -1 -1 0 462.91502303194915 182.54104936296048 497.36809636856486 208.1269743191242 1.452933 1.5795274 4.014963 -7.528328 1.3010492 42.873547 1.5091999 7.398269258935025 
Car -1 -1 0 577.7765977430773 181.39957768170254 603.4023883871057 201.17050811664623 1.4774883 1.6190645 3.8417134 -1.3193164 1.1923083 55.72474 1.4500405 8.55032330787763 
Car -1 -1 0 418.5729370619397 183.80489111332406 475.0108304726178 222.08310586135275 1.4990649 1.6597651 4.3256617 -6.687792 1.4438144 30.360697 1.5109361 10.050662857454851 
Car -1 -1 0 324.1559293673751 183.08329199191772 393.1198996196597 222.9563155287338 1.5106924 1.6441345 3.5519006 -9.952824 1.4299006 29.034527 1.5420923 4.147553862527861 
Car -1 -1 0 171.71063666558717 168.4945187199955 308.0911660207492 248.3292725931063 1.9333223 1.7891991 4.5752006 -9.878064 1.528393 19.771992 1.4733592 10.915567293237595 
Car -1 -1 0 434.8491996540244 176.3643234813851 458.24551829808183 193.91915231466234 1.5295926 1.6112394 3.9384098 -14.420597 0.758352 64.67799 1.4664339 0.6010049120909974 
Car -1 -1 0 363.8954936717526 172.59688554648125 415.80711496005654 211.4561024866917 2.015608 1.8508527 4.4373183 -11.882576 1.3610766 39.57482 1.4872851 0.8024751380943872 

