Car -1 -1 0 765.3274467680101 177.82389084218323 901.4402708775064 233.99875584185168 1.4155657 1.598532 3.5433886 6.2392254 1.5698038 20.458515 1.0477338 87.29783775568816 
Car -1 -1 0 625.3322891199449 177.4640692333574 674.6953330576073 211.75778127906705 1.4459236 1.5308506 3.3552983 1.7801225 1.666117 32.682133 1.4046876 61.05254406001422 
Car -1 -1 0 27.559797441823815 180.81906849885237 299.9775357185033 283.3861393885129 1.5243697 1.6011444 3.4392793 -7.0815687 1.6627381 11.6943 0.023163693 102.75045181771853 
Car -1 -1 0 609.5338230672328 175.87092800270287 640.4950097079927 202.51229330754452 1.4707667 1.5087771 3.937833 0.8647516 1.6560223 42.29734 1.5132847 12.605111272504416 
Car -1 -1 0 360.3388943601659 178.40194313571675 476.5972078837119 218.65541420678372 1.5002842 1.6544101 4.1409855 -7.3702936 1.7239374 28.12274 -0.067262605 32.657072215577415 
Car -1 -1 0 491.2425862080169 177.4212584032347 523.4511925408293 201.6560911680599 1.4803466 1.6578071 4.2089024 -6.612261 1.7914516 47.013626 1.5321068 15.146104146455631 
Car -1 -1 0 115.7714201672121 181.9636287593574 366.2375012514182 266.5288678739303 1.4841716 1.6144872 3.913607 -6.8330183 1.6668551 13.65436 -0.0041116658 18.514619646550834 
Car -1 -1 0 417.8725292828421 178.0320742724481 499.61582273067563 206.52984250552592 1.5365412 1.6153933 4.1830735 -8.339719 1.8306031 40.099243 0.03325148 3.8832304230208963 
Car -1 -1 0 304.47593442340127 177.02773938371308 445.18202917922224 225.84119480355196 1.5132463 1.6762974 4.019782 -7.5673194 1.6545439 23.4786 0.05548868 1.3260786709352133 
Car -1 -1 0 409.97723531200035 179.80534768944278 495.097070619304 210.43338029371435 1.4398137 1.5764911 3.7855303 -7.599219 1.7861568 35.12234 0.020820538 0.26124462485313416 

