Car -1 -1 0 276.98731144765327 192.03404027643597 455.0447943119289 323.85284987537847 1.5311068 1.5531024 3.412282 -3.368663 1.8591369 10.611996 1.5413891 115.45992563767564 
Car -1 -1 0 819.0742080577708 191.49880332508752 1137.9629901966703 375.0 1.445773 1.5856421 3.899693 3.6305747 1.7020032 7.9496603 1.592016 144.2303600290618 
Car -1 -1 0 716.8929518407966 175.63934178225006 860.1499681927278 277.40972187016183 1.6013697 1.6324952 3.7341838 3.1271098 1.6601802 13.345825 1.5431497 98.0841848318248 
Car -1 -1 0 667.3412645657293 179.78455489137883 726.983109683771 225.4862042309847 1.4699839 1.6318392 4.244961 3.0658612 1.7398617 25.97438 1.5708457 40.09523541917961 
Car -1 -1 0 537.2616919764756 178.32022810795505 571.0397186232171 204.64831015895967 1.4924481 1.6246413 3.9279609 -3.3117323 1.8387007 43.716217 1.6026771 14.013590798430082 
Car -1 -1 0 653.6375406926998 176.98747518325294 690.1358107077947 209.08081506997289 1.5951802 1.5349385 3.2634232 3.2372587 1.8220519 37.94645 1.5376866 13.736404658707924 
Car -1 -1 0 464.97811354039214 169.90478121281097 537.2197516713981 238.95481695903754 1.8923435 1.6934569 4.3431883 -3.1929874 1.8115189 21.974236 1.5353864 19.534930146351908 
Car -1 -1 0 692.7238325735188 182.1298898035934 775.459574351208 241.72030154450349 1.4480798 1.5716696 3.789574 3.350938 1.7302597 20.039162 1.5501721 2.958114070895949 
Car -1 -1 0 664.2387261061319 178.0172495943697 709.9209176342099 216.64720609259012 1.5409751 1.617513 3.6814752 3.285707 1.7769613 31.127573 1.5828103 0.5897766933192446 

