Car -1 -1 0 116.40383546441008 183.51009856718662 211.5013437103544 215.28702755852032 1.4664485 1.5280956 3.863527 -22.601654 2.0394087 36.73714 2.081547 37.56262077949877 
Car -1 -1 0 174.29723639253004 177.60871464510876 278.34006197065656 216.1405824178595 1.5765817 1.6336182 3.8027449 -16.952665 1.8015758 32.086773 2.087951 44.214811774880324 
Car -1 -1 0 837.8715408240957 173.37597939259047 904.6866301184313 196.07612359955792 1.4869702 1.600521 3.873696 17.410522 1.5223467 48.1014 4.660272e-05 28.567405585257806 
Car -1 -1 0 1070.8713806618227 165.7364681544683 1120.1364411805512 184.68317575833805 1.5332488 1.6106328 3.4370217 40.46722 0.9572673 60.169724 1.4871299 13.499071320107733 
Car -1 -1 0 807.3316757074688 171.60198624941802 843.3400918325601 189.989220627904 1.4950252 1.5987242 3.738162 18.079643 1.3932264 60.605354 1.472141 3.151361399815798 
Car -1 -1 0 399.23671892958504 177.06436282078906 463.2618293156091 202.3404373019842 1.5371575 1.6524214 3.8254666 -11.307474 1.8120224 45.722317 -0.31736034 3.240072111383137 
Car -1 -1 0 357.4012397312987 176.84253769618232 390.90303080505123 194.2341403704548 1.5499427 1.6619921 4.081603 -21.918467 1.9335474 67.32433 1.6087947 2.170953725169932 
Car -1 -1 0 283.26086617645154 177.97240920992544 316.3320545919273 198.18086094821945 1.7077639 1.6225417 3.688871 -27.36848 2.1742585 63.851955 1.4815071 3.6967502322691206 
Car -1 -1 0 843.5497567808382 172.19681409992324 875.5715583936363 189.7284359283596 1.449075 1.6346567 3.8437304 21.303825 1.394755 61.612114 1.6395342 0.5054547049834104 

