Car -1 -1 0 668.4612398421191 178.85947998224728 748.6757463033874 248.1107726460322 1.6554258 1.6416494 3.9592347 2.5757003 1.8348309 19.573343 1.5731874 93.67537752650456 
Car -1 -1 0 743.04348757345 190.18943672396705 990.0099126272211 353.965960227618 1.4495587 1.6044044 3.6702092 2.7584085 1.7010454 8.62213 1.5579205 117.21927819636475 
Car -1 -1 0 657.7016831856992 181.8423879064784 718.0601057154653 230.5775939918641 1.5315449 1.6252295 4.1967335 2.6875496 1.876273 25.563023 1.5564067 20.77636504861467 
Car -1 -1 0 287.4054497309073 178.76653054048563 456.5618413500214 243.15191466753703 1.6628194 1.6773329 4.0818353 -6.3827677 1.8317432 19.707853 -0.033643078 34.98740041953214 
Car -1 -1 0 252.7729338674445 187.69525798957338 434.8825911924841 254.49161080196615 1.4758818 1.5682518 3.7331114 -6.1904817 1.8433416 17.078405 -0.0012176044 38.23131085276831 
Car -1 -1 0 641.6477383930985 178.4969608422771 683.356734568221 214.9112615494301 1.6361051 1.6327677 3.4805126 2.4993074 1.9215937 34.735535 1.5347886 25.05076696304482 
Car -1 -1 0 71.62075442587741 166.14211046403065 365.9946781328689 282.5352280270833 1.8072885 1.6925913 4.0112643 -6.3663635 1.7030699 12.06777 0.008907908 88.73454806037913 
Car -1 -1 0 630.4449088515478 180.09140531055112 656.3242672454991 203.85852219413982 1.4996442 1.5570674 3.7641697 2.2426605 2.0056043 48.55825 1.5685989 2.637541309227523 
Car -1 -1 0 375.65261318796024 182.1431490718676 484.3433364728932 222.56319304598 1.5522833 1.6201881 3.9927251 -7.1508183 1.9370642 29.002413 -0.03811666 4.92566514446222 
Car -1 -1 0 508.6359335373865 181.06857614309882 535.5694546043509 206.4090345283769 1.4554629 1.543073 3.682524 -5.441864 1.9856601 44.63422 1.4198568 3.191018822187155 
Car -1 -1 0 170.3853742647381 185.81513733898936 399.5268993862301 266.046286547676 1.5046453 1.547413 3.9411936 -6.4448853 1.7818815 14.61485 -0.022937901 0.8898722546786477 

