Car -1 -1 0 653.0010750727336 177.02746596826495 747.8968059561448 241.50801811508092 1.427918 1.6273812 4.3011136 2.1878333 1.5474169 18.46141 1.506464 108.86966970287558 
Car -1 -1 0 199.2836878969053 184.08178665142512 415.89960918753866 256.59597618605085 1.4233763 1.5966647 3.98808 -6.3644 1.6785561 15.430774 0.08669767 58.67829401973449 
Car -1 -1 0 83.65530297060106 186.41813132475482 360.6909331840899 273.6341514467532 1.4175166 1.5862964 4.05487 -6.712796 1.6733325 12.794136 -0.010243821 72.3200069901855 
Car -1 -1 0 288.0600011196468 177.88161740157503 436.6076573094448 233.9279946496062 1.5123739 1.5856434 3.6762183 -6.9752197 1.6620219 20.556053 0.07068792 38.82857125283944 
Car -1 -1 0 632.7218932051146 172.58020488508686 674.0288728833953 206.25405766263282 1.480669 1.5590746 3.8848298 1.99143 1.4686298 33.695633 1.5351218 18.120353309526184 
Car -1 -1 0 390.32971357642 175.97992809620592 495.1083768580389 213.89444295633882 1.5048697 1.6095054 3.9110699 -6.872122 1.6389729 29.88461 0.1399104 10.442426677468594 
Car -1 -1 0 629.6989861578289 170.69614028863094 665.2689338162379 201.62315365337426 1.574901 1.5948048 3.6885443 1.9846692 1.4650158 38.611893 1.538691 6.661077524299479 
Car -1 -1 0 411.47096497792535 173.2943729545737 498.7662722373231 203.6811465347062 1.4998299 1.6156065 4.1698923 -7.781401 1.5227944 36.63467 -0.09016824 0.859869842182106 
Car -1 -1 0 511.91894279074137 175.1107419967285 535.6950593814374 197.34850955586148 1.4800826 1.5865822 3.5526884 -5.951123 1.6430392 50.25033 1.4634385 0.2892935872077942 

