Car -1 -1 0 29.287760775991366 203.45091859458984 301.6015929606945 347.53161470790815 1.5478882 1.6051402 3.7711825 -6.073674 2.0709314 10.444394 1.5763687 96.47904785671695 
Car -1 -1 0 830.9035727800308 181.791025665273 1217.6271865729682 375.0 1.472024 1.5535986 3.4196792 2.9859018 1.5687495 6.026376 1.6774961 76.62959573352884 
Car -1 -1 0 445.5329424780095 187.3775503241895 498.1809118711273 222.67044423659277 1.4574351 1.5696734 3.660189 -6.269857 2.1631467 33.1955 1.6173543 46.067064127055964 
Car -1 -1 0 644.757523091948 175.75047509195153 685.1516738070561 209.12727365145645 1.5936968 1.6223302 3.7504866 2.7652595 1.748632 36.689533 1.5307215 38.72364826479961 
Car -1 -1 0 200.8863084422874 196.16478535643708 264.81632890871106 226.63570752609104 1.4794266 1.6231437 3.8998644 -20.814838 2.836773 40.03608 1.534892 12.939345491314166 
Car -1 -1 0 470.042886671955 186.1254068744484 512.6010665421941 215.93864599610473 1.4477509 1.5407343 3.5408175 -6.249206 2.188096 38.44749 1.6161075 11.331622919157244 
Car -1 -1 0 251.4941427946247 193.58770668771885 314.58345522885156 224.03964719562225 1.4843373 1.7074766 4.236555 -18.112698 2.7020106 40.232086 1.5404193 6.0024627624279745 
Car -1 -1 0 497.5280527160835 181.6223260497814 531.0216442299167 208.19652862593554 1.5981638 1.5723212 4.332288 -6.156639 2.1957338 47.000336 1.5798637 3.4783079908910897 
Car -1 -1 0 124.31656747068902 201.31413631631366 216.78307076292214 230.0008612421432 1.4738841 1.6260731 4.0929136 -24.026875 3.0678287 39.572544 0.012257358 2.7829154802377323 
Car -1 -1 0 535.9160968829565 182.3859452235896 564.678789305576 200.5890798072603 1.4852568 1.6036069 4.147873 -5.161899 2.3503835 63.3167 1.7211707 0.2581048011779785 

