Car -1 -1 0 213.39836794673724 176.585171801767 460.05635110932184 335.3184062779725 1.622226 1.6838566 4.242483 -3.1996596 1.5340235 9.474524 1.5627584 107.93053209835574 
Car -1 -1 0 141.89306878212483 186.7678049378667 307.51317260927846 264.46949452173817 1.4603984 1.6262784 3.72482 -8.010448 1.4978293 15.460914 1.5548406 54.26280191673019 
Car -1 -1 0 448.5990716879311 183.13551601420937 517.6508954446991 232.21869589377584 1.4608841 1.5782545 3.646432 -3.9209862 1.3989707 23.224255 1.5777116 71.31999037486246 
Car -1 -1 0 0.0 190.82129707856294 135.92971921262384 265.8689448975876 1.4189076 1.6220902 4.069398 -12.614616 1.5591638 15.941503 1.5834502 76.73212060500731 
Car -1 -1 0 565.8711055328122 180.17792637394183 607.6147759728581 219.06614056126242 1.4938725 1.6045797 3.1415796 -0.8405347 1.3003489 29.212425 1.5357883 28.776102398081104 
Car -1 -1 0 415.1483895468631 183.81196833280157 458.1845167678063 215.58178072261876 1.4481733 1.5252194 3.7552593 -8.175776 1.3841866 34.710182 1.4743446 20.367576034303784 
Car -1 -1 0 504.193836698202 182.15040968834967 544.2534244635949 212.64746654255933 1.414937 1.6305361 4.0870214 -4.0305796 1.2727203 35.420967 1.5381565 11.102423212110118 
Car -1 -1 0 354.4486136807707 178.3898889302657 426.94171563456536 218.5293101792851 1.447689 1.6071584 3.7387424 -8.283221 1.2015059 27.813408 1.5930327 9.263020895577448 
Car -1 -1 0 253.2629947728462 183.8718130513664 328.87331460574967 221.90711725459406 1.4430122 1.497125 3.749046 -12.726149 1.3920269 29.16514 1.5458169 0.26622360944747925 

