Car -1 -1 0 422.63885793346134 184.046299653929 495.1809750921865 231.6211296055604 1.3682916 1.5548986 3.605275 -4.5467024 1.3346587 22.484446 1.5618119 75.43928693209051 
Car -1 -1 0 0.0 182.73576316532976 201.90371361688648 296.15557580191467 1.5459902 1.5576622 3.5914898 -8.308037 1.512187 11.610321 1.5496414 100.9743756296025 
Car -1 -1 0 262.3716279657908 187.06450477166067 427.94603441135035 278.08627656157387 1.4098179 1.5900477 3.993864 -4.586253 1.4489372 13.212886 1.5700519 107.02742394433814 
Car -1 -1 0 238.38473187887274 184.31201810745497 350.96428028821595 240.30944935789552 1.4344589 1.610087 3.7807686 -8.685797 1.4113097 20.322813 1.5480186 20.37675574330399 
Car -1 -1 0 132.27863494540762 178.02229158169763 259.5937217274303 235.43705825721054 1.5595384 1.610899 3.784789 -12.089246 1.3641462 21.42352 1.5771455 69.88555365845203 
Car -1 -1 0 574.4542475805749 175.70407602249395 610.3194452057871 207.8478905144941 1.5092322 1.6520944 3.4913466 -0.68810475 1.0626378 35.509003 1.584616 20.688453832412392 
Car -1 -1 0 359.7023744792847 179.52683331530324 421.4402042986743 216.50228767617008 1.4742451 1.5557382 3.5636592 -9.098272 1.2474248 30.446949 1.5660465 28.012071941211662 
Car -1 -1 0 451.5650538690384 177.79136040886382 501.1887056016683 215.66595325025307 1.5132533 1.5441358 3.7047482 -5.5031834 1.216619 30.59661 1.5400811 16.18435995908408 
Car -1 -1 0 431.40971874968733 174.34906924151645 476.42292049522905 206.16257073456657 1.7446046 1.6883532 4.15734 -8.7849 1.148695 41.504993 1.5771724 3.625984377688983 

