Car -1 -1 0 769.4803936271668 192.10648683133903 1049.1748017382724 375.0 1.418261 1.5604057 3.477591 2.8504984 1.6696877 7.676039 1.5812302 84.0202029657138 
Car -1 -1 0 637.4728419200559 175.140852760709 670.2405894096299 202.7781742844188 1.5022027 1.62533 3.9441037 2.5044348 1.6400635 41.521423 1.5660634 21.158882633849377 
Car -1 -1 0 734.327776556996 178.49345150662543 868.805071189395 227.26047938606422 1.4863262 1.5980784 3.859678 6.103996 1.6747992 23.162643 -0.08041932 44.94676253570753 
Car -1 -1 0 171.7552058924001 179.40179784234132 408.2893329916425 256.61309656458934 1.4943525 1.6365523 4.1837516 -6.493303 1.6382599 14.985325 -0.026120918 51.20600871756254 
Car -1 -1 0 708.5227679242192 179.4818761537326 832.3840770521455 221.18676283166994 1.4308426 1.5991081 4.0694156 5.750853 1.6788465 26.030731 -0.08427967 31.33699503931123 
Car -1 -1 0 312.78178221002634 171.68867686126387 463.9298680005709 228.10041850218968 1.655309 1.6886456 4.1172094 -6.6715984 1.6211144 22.067867 -0.02501047 43.966635288939614 
Car -1 -1 0 241.99570698952476 176.063154640008 428.5694355352536 242.82783294422498 1.5327542 1.6275172 3.901013 -6.5445976 1.614254 17.48483 0.0131781185 30.127975192011938 
Car -1 -1 0 840.2267688544293 173.8909780555994 1111.8434412913984 273.03483033445593 1.6273917 1.634358 3.975109 6.3261604 1.6471447 12.803826 0.062905416 84.35236518258804 
Car -1 -1 0 0.0 181.8387004787662 345.5546384576775 300.21092905105763 1.4918965 1.606088 4.07875 -6.043028 1.6294638 10.139681 0.052016586 76.66275247925766 
Car -1 -1 0 712.1519912604289 170.9679774464931 824.3267690481277 217.75294986883537 1.772893 1.7082117 3.980061 6.18005 1.7014229 28.347961 -0.077519834 14.217995740010364 
Car -1 -1 0 775.79337333285 179.4214791261994 941.622532192887 242.71608792117692 1.5009277 1.5770639 3.6197298 6.192618 1.6742494 18.166872 -0.048400905 28.19677261933034 
Car -1 -1 0 86.91955396432586 177.4152848455439 346.2505047872621 268.5700764387505 1.4957826 1.5735421 3.7142432 -6.7841673 1.581173 12.713531 0.003978786 28.03138927409236 
Car -1 -1 0 806.1593815857275 176.9527671645917 1025.0816859441602 253.9126439897296 1.5197382 1.5860788 3.9342093 6.322933 1.6106894 15.174149 -0.022303294 16.44020143172461 
Car -1 -1 0 441.3514557629625 172.55311195912253 523.7087314973002 205.4541239154402 1.5969617 1.6205729 3.781724 -6.27722 1.5823569 35.89674 0.03420121 17.65581225961234 
Car -1 -1 0 340.8430498853611 168.11584436334363 479.95045521594346 221.1709524188699 1.7478958 1.664381 4.283706 -6.713533 1.5917976 24.610312 0.0033285834 2.2896521718919476 
Car -1 -1 0 452.1608492861205 175.95488783884971 530.925009903333 204.5924404896304 1.4868089 1.6253955 3.9404407 -6.2466 1.655678 38.46688 -0.0072191027 0.6022098269992903 

