Car -1 -1 0 718.3567120737349 176.12956470294952 886.3319675291069 294.1691086700773 1.578408 1.6968893 4.1048517 2.9193501 1.6414473 11.824485 1.5819468 116.41280999428129 
Car -1 -1 0 436.2929204142095 183.0915507911231 539.4440975763233 249.83961421420713 1.4430473 1.6733848 4.4743676 -2.9769986 1.7389992 18.578554 1.6260937 125.44879135855071 
Car -1 -1 0 680.5601144698455 182.1501343827408 764.5949175253505 245.39883238503336 1.4291861 1.5624858 3.6839104 2.8221126 1.6939371 18.698616 1.5596378 57.64848959269881 
Car -1 -1 0 523.5597390563149 178.946186243944 560.5914374355112 213.18323108703925 1.4810252 1.4772707 3.3232975 -3.088867 1.7779241 33.48644 1.5491201 23.57315092686267 
Car -1 -1 0 664.7747292523292 181.9405867058584 726.5043963270159 229.87186829185757 1.4058634 1.5982132 4.0376368 2.7713692 1.7330539 23.956142 1.5786792 14.810947601812908 
Car -1 -1 0 644.9204791170987 174.71999554692692 665.793315576966 195.28142882011707 1.592138 1.6186686 3.762251 3.6623108 1.7474451 58.136406 1.6182495 2.403848595090138 
Car -1 -1 0 653.362409218355 178.0482328598603 689.7874962048019 208.86872399155993 1.516183 1.5052924 3.7475166 3.2214835 1.8035468 38.025654 1.5451322 3.527135891992709 
Car -1 -1 0 482.3672137732258 180.16260515146013 545.7490554227859 230.21848421252432 1.54778 1.6322454 3.5676873 -3.1827934 1.8155153 24.6339 1.5886353 3.4483719509387245 
Car -1 -1 0 541.4252118783741 178.1222847081785 575.5872936709401 206.49743751592933 1.5034144 1.5660709 3.6061554 -2.8401012 1.81417 40.73427 1.6017737 0.30852988362312317 

