Car -1 -1 0 572.103847678958 176.55422589143046 654.7623660545316 255.31157017899892 1.5941269 1.6743313 3.2760496 0.14763898 1.4188101 16.199419 1.5841511 77.10098488096963 
Car -1 -1 0 155.32192635545098 186.00505255576545 311.203653402553 257.08883214736767 1.4290893 1.6302843 3.6950543 -8.300676 1.4490665 16.3431 1.5678501 54.41639124936496 
Car -1 -1 0 401.1956718921993 183.76812791789592 491.46872683969076 239.96937510433202 1.4135587 1.6090072 4.157709 -4.380843 1.3771498 20.160934 1.5687951 72.88226458954291 
Car -1 -1 0 230.5330526397033 191.90594935261552 408.8870476553526 292.5330804788707 1.3754852 1.5368942 3.5269713 -4.510999 1.5020088 11.827909 1.5664144 79.04798110922825 
Car -1 -1 0 0.0 188.51935815730403 138.8266610102926 261.3091043295202 1.4657065 1.6035187 3.795351 -12.78978 1.5507057 16.572426 1.5380927 33.53023395230371 
Car -1 -1 0 365.40352110692385 180.345547998372 424.47008948034954 217.24771775722178 1.4043576 1.5625033 3.639234 -8.553272 1.219018 29.22806 1.4987904 16.343065654376264 
Car -1 -1 0 257.62042167098326 178.17672428199407 341.64126249328757 216.67752539202084 1.441678 1.6396413 4.23502 -12.303708 1.1781008 29.048086 1.5549532 13.072002184114332 
Car -1 -1 0 648.7326657100082 181.57141827309476 677.0933484975483 201.11937653559974 1.5336552 1.6070322 3.775911 4.5609035 1.2477394 58.432323 1.8402649 7.2343223599600055 
Car -1 -1 0 709.3611200391344 184.6806327171017 731.3236574584467 198.72164930891998 1.5057433 1.5556302 3.61804 12.464788 1.4483634 79.05846 1.9716845 1.348527924688068 

