Car -1 -1 0 628.9411249958007 180.66026650820734 691.215497767197 225.266599040481 1.4384909 1.6463948 4.378414 1.7498717 1.7473152 26.299614 1.4950739 59.705934170265714 
Car -1 -1 0 938.6681475769756 188.4070337000108 1242.0 349.24723443789657 1.4744155 1.5711447 3.7501276 5.750657 1.6617137 7.7432036 -0.08723683 102.32890687101224 
Car -1 -1 0 827.801780287038 188.77363458474622 1161.0047069506445 297.46971903926686 1.425046 1.5882591 4.1762667 5.5751457 1.682949 10.716791 -0.08689074 63.178360920157566 
Car -1 -1 0 803.0091201931122 167.63958221946893 1060.7034851514147 273.7166914012554 1.7838943 1.6582844 3.9626958 5.7344193 1.6962036 13.109129 -0.07488826 47.74945670142738 
Car -1 -1 0 309.88647270757247 182.3685451199151 458.0443629108196 230.1164076311244 1.4368838 1.6282561 4.209371 -7.079976 1.7507274 22.93027 -0.026755953 21.886342118899375 
Car -1 -1 0 276.05314830277393 183.0210231088399 440.0617453181666 237.28213999842242 1.4443998 1.6226165 4.070833 -7.005748 1.7435018 20.376236 -0.019364962 59.25387378834227 
Car -1 -1 0 614.7724949216059 177.48558975246956 645.0395267915429 204.9132323574833 1.4730542 1.497222 3.8575454 1.1265417 1.7511117 41.36439 1.5366945 8.216562302237463 
Car -1 -1 0 355.003187676205 178.12708786642793 462.2643529424552 220.32948028645208 1.584827 1.5890098 3.7289052 -7.7853966 1.796787 28.155571 0.028763117 4.112649106239338 
Car -1 -1 0 609.9840569394836 175.36518947282767 640.147046238705 202.69846124000458 1.6790367 1.5983403 3.8568609 0.9639033 1.8483486 46.66755 1.4990603 3.0521805542878644 
Car -1 -1 0 500.436193652786 178.11643614284353 528.6906175074215 200.33970238910524 1.6422813 1.6354687 3.7008698 -7.3465047 2.0648577 56.072643 1.5918801 1.0035641391105434 

