Car -1 -1 0 725.8475726631435 185.69869989247826 897.001214394037 299.37480300490495 1.4273105 1.5630988 3.5029688 2.9421556 1.6592103 11.244539 1.5295818 89.41850932736237 
Car -1 -1 0 418.2440273114443 171.97059467752172 510.12869366277283 205.8815095372963 1.5845193 1.702806 4.0769544 -6.914356 1.5432411 34.597435 -0.015506516 34.66115287177928 
Car -1 -1 0 702.1552002853784 169.67558091620043 825.2032562704369 216.67229213730639 1.8253536 1.7471352 4.5420337 6.129488 1.7019036 29.002508 -0.046398886 48.897809991498114 
Car -1 -1 0 47.269940923437346 165.57054942791393 360.59949837116153 291.44580406208746 1.7647142 1.6173686 3.837595 -5.9718413 1.6626035 10.942108 -0.0092901625 102.55221308626189 
Car -1 -1 0 0.0 185.48865020846446 294.9860172244885 324.70492535068 1.4763476 1.5958107 4.0015197 -6.097231 1.6409452 8.598483 0.0017156578 73.0473630701752 
Car -1 -1 0 197.00791614152882 173.15864470872947 407.46192518182454 252.22298580538998 1.615478 1.6864187 3.9249701 -6.579814 1.6226013 15.811116 -0.1135628 67.63091504481801 
Car -1 -1 0 785.838519710946 185.10425702815354 966.86846754322 244.4106853754802 1.4251254 1.6352184 4.0690145 6.7646465 1.7559844 18.596954 0.036139537 49.93128084276827 
Car -1 -1 0 754.6813133714027 176.25007541396926 908.4298923639132 233.05106177353517 1.5818313 1.6436551 4.037653 6.4082403 1.6858814 21.157072 0.06420088 22.75587688683682 
Car -1 -1 0 448.7152697204817 166.83878000546326 528.5555908205242 200.45392972570832 1.7927363 1.7438172 4.2315984 -6.5835047 1.4719372 39.602432 -0.121520534 20.069495811324945 
Car -1 -1 0 523.7183793539704 174.21204526273834 544.7029407315847 193.56846288971047 1.5091485 1.5754819 3.8001606 -6.1373315 1.623042 58.5236 1.435657 0.8058483330843043 
Car -1 -1 0 353.694767146205 175.85254674665532 470.41049642037615 217.01837783113365 1.5096474 1.6002946 4.0185094 -7.4431534 1.6272786 27.445639 -0.029917326 0.5177147781906142 

