Car -1 -1 0 0.0 182.52739134550572 253.4887823439865 370.57593951700466 1.7138002 1.6917415 4.323897 -6.242324 1.8643608 9.01692 1.5042768 121.17293821464698 
Car -1 -1 0 491.2982226425497 181.02031825808197 541.4585427745486 217.0283615781682 1.4172567 1.7219579 4.284345 -3.9978175 1.7986376 31.537872 1.5505313 58.487749091751624 
Car -1 -1 0 211.42770349911586 183.89891248941743 373.3077693747116 273.9498941658625 1.6047506 1.6610951 4.121999 -6.550827 1.8725107 15.42827 1.5673387 74.12952900992553 
Car -1 -1 0 384.32763619256184 186.3610380539508 455.56464099176736 229.56550585799278 1.3927587 1.5686679 3.7355862 -6.8232994 1.9205143 26.313501 1.585191 49.02218814160346 
Car -1 -1 0 627.8897290630247 174.5048000758741 654.8360055285582 198.04379013735522 1.4935023 1.5710421 3.951045 2.0809534 1.6079634 48.043915 1.5581276 29.10092316850987 
Car -1 -1 0 526.1181810528276 178.64798607274528 553.8385523583369 204.9140695627229 1.4850804 1.5415572 3.7870474 -4.1662307 1.8506647 43.58888 1.5079854 10.61746864400397 
Car -1 -1 0 699.2252178048841 168.04019883078598 779.3608325821372 196.33036385699347 1.5782874 1.7123961 4.243224 7.355151 1.3097287 41.156914 -0.022093207 16.465261112139935 
Car -1 -1 0 467.4072744584654 182.1575064712535 509.7858393546463 209.4173220533751 1.4253399 1.5589502 3.9609566 -6.8374233 1.9816263 41.12416 1.623662 4.949123712617168 
Car -1 -1 0 1089.873640774982 149.77837991486683 1221.905645620312 205.71297950233958 1.702951 1.6376984 4.045575 18.026775 1.0004045 24.060894 1.6691089 9.360410161834185 
Car -1 -1 0 700.3018187885408 163.36804558351093 772.8881835839272 192.6617638635642 1.7491431 1.6460702 4.104562 7.705185 1.1827316 43.97826 -0.035258166 1.7279989246493124 

