Car -1 -1 0 850.5593578677867 191.23381280516816 1217.5066376586724 375.0 1.4492234 1.6041048 3.8045278 3.8160021 1.6849822 7.3221397 1.611137 98.96282821925743 
Car -1 -1 0 220.00640115687366 190.61386525348016 412.5335419333642 301.68264478261034 1.4662644 1.7104318 3.9686067 -4.6793556 1.8151183 12.1695385 1.5477248 111.3363496264284 
Car -1 -1 0 365.9710359926255 185.8151684644966 474.9755936146625 256.61472375265083 1.4985813 1.6098018 3.773655 -4.5458617 1.8541455 17.883047 1.6018797 76.26346064790043 
Car -1 -1 0 715.5255300380005 178.8113462464682 817.9421439112793 246.64877507644763 1.4670844 1.6241583 4.146263 3.7853346 1.6332929 18.050234 1.5616081 64.45057399005871 
Car -1 -1 0 518.7767275099908 179.41174421900112 556.3990664381672 208.87452853972127 1.4972866 1.505723 3.283107 -3.8595495 1.8680682 39.10817 1.6379077 29.96733640296921 
Car -1 -1 0 427.94122796035987 184.95694034806473 508.16102864251076 235.56009161464186 1.4105928 1.6056777 4.2673945 -4.4548664 1.837879 23.31063 1.6089664 49.40834989756723 
Car -1 -1 0 759.6717021879416 181.03151679616806 909.3338753316852 280.8482808560745 1.4794791 1.6131549 3.7063525 3.820361 1.6467057 12.878604 1.6007969 76.92963004107024 
Car -1 -1 0 693.7070444758809 178.79286016358583 743.4163891157388 219.5665144328638 1.4876783 1.5437261 3.603768 4.270448 1.7388077 28.68452 1.6036859 22.095362891194476 
Car -1 -1 0 699.5097861393269 179.19618561488062 768.6640557723566 229.8844623407622 1.4681714 1.6177796 3.730361 3.9213054 1.6889185 23.240911 1.5806491 11.648810902243934 
Car -1 -1 0 533.0323422022293 178.0115673943013 572.2968004594264 204.74748583445222 1.5152988 1.6445316 4.0797024 -3.403233 1.8437201 43.828465 1.680009 3.5067733376584367 
Car -1 -1 0 562.3415389084381 176.57716242310545 604.6117696500339 190.06426687083479 1.4322202 1.657689 4.421701 -2.805635 1.8405883 78.153496 0.07263514 9.183213828865204 

