Car -1 -1 0 0.0 203.26199470133378 275.89152064375486 350.6173238094198 1.4663589 1.5247024 3.4946764 -6.0827913 1.9486661 9.677025 1.598001 124.55113354342429 
Car -1 -1 0 713.371706126577 179.20570616137087 868.20145464063 282.13180402517054 1.540807 1.6753554 4.1266985 3.083364 1.6749105 13.146452 1.541013 123.64194673357385 
Car -1 -1 0 229.5887763147056 195.0375961868833 394.11469908855474 280.7727622803762 1.4330561 1.6328235 4.1388016 -6.059308 1.9664311 15.247923 1.6109333 101.47223117721003 
Car -1 -1 0 383.80715970872717 178.82648360459868 467.88041124360905 236.9522365662821 1.6881874 1.7069566 4.2903004 -5.8721743 1.9010274 23.556343 1.5567162 89.96941592993376 
Car -1 -1 0 521.0053715061687 181.1497576452439 550.1879395337298 201.9409422348568 1.5005631 1.6780312 3.8787317 -5.6641526 2.1628973 55.63052 1.6184862 8.659207556304073 
Car -1 -1 0 554.8565292914832 180.2583489812639 581.5027351271942 201.08363733111784 1.4762675 1.7000239 3.9858801 -3.0943 2.0571141 54.59063 1.5934039 5.97583075155642 
Car -1 -1 0 432.15302554833545 184.07600789976954 491.7961682260945 223.87493994485902 1.4893613 1.61567 4.0149517 -6.086544 1.9898483 30.160038 1.5861189 3.454223262032089 
Car -1 -1 0 638.711104056892 176.16835545774612 658.7307755172036 194.18278362713804 1.4878715 1.5954523 3.6388896 3.3452556 1.7815711 62.104008 1.5903575 3.5687060107725874 
Car -1 -1 0 688.7731599425495 173.33063417966602 713.3987017795014 193.2515604980538 1.5129747 1.6958023 3.8739872 7.18175 1.5518645 56.88389 1.6367273 4.073121174154014 

