Car -1 -1 0 440.328485225534 185.9273722566086 508.2343120503635 231.10974356332326 1.43279 1.5654217 3.6051638 -4.4789476 1.4590294 24.678766 1.6010442 54.30576951802368 
Car -1 -1 0 305.2944213195242 193.05489323925946 452.6873743166758 282.69023425354396 1.3977946 1.5863268 3.919258 -4.092107 1.5668232 13.5274935 1.5542655 105.42235680948261 
Car -1 -1 0 70.57521903521996 184.06763552155914 276.8559467502761 277.7867028882339 1.6008825 1.6581467 4.0464835 -8.335599 1.5812716 14.304304 1.572934 110.62729905856777 
Car -1 -1 0 578.6355178106335 181.05980186478428 609.5920127174272 209.11309233268216 1.4779906 1.6309642 3.6355762 -0.6934493 1.2590368 39.692757 1.568384 19.121178598526352 
Car -1 -1 0 284.3556270819827 190.0745021084749 378.0611482900796 237.90174885588462 1.3419886 1.565844 3.5920815 -8.459778 1.5051928 22.341496 1.5599457 25.993006492635818 
Car -1 -1 0 510.2654194221245 182.02025305203455 539.2716237160258 206.62824117047876 1.4418484 1.5378249 3.4649584 -4.9965324 1.2546186 43.88794 1.5215547 17.30945981030238 
Car -1 -1 0 481.32882996460825 184.02228680939626 523.8898834703931 215.72076162125165 1.4467443 1.5782634 3.8578908 -4.9987974 1.392276 34.75531 1.5484008 14.902952295955162 
Car -1 -1 0 389.1905470596981 181.5041937429206 446.86611359950115 218.28663838074863 1.5979092 1.6788162 3.8653293 -8.650625 1.4366734 33.1697 1.5607069 17.114723677502678 
Car -1 -1 0 369.442201903575 180.51282699566207 421.3439977535819 206.62836921428757 1.4830974 1.5932077 3.9165819 -12.559236 1.2160221 42.854866 1.6760572 7.917715475240851 
Car -1 -1 0 264.7850731947982 173.8323634782429 348.4015558987605 221.6874209440233 1.8579845 1.7919381 4.426447 -12.47877 1.4160237 30.15396 1.5346029 7.167795422047101 
Car -1 -1 0 44.84053660734407 188.65509105797162 200.60787138170744 249.97226219927282 1.4836926 1.6096722 3.855522 -12.965637 1.5864778 19.54705 1.5808088 2.63216768996526 
Car -1 -1 0 430.9227290123002 182.4916408295262 468.50183973124405 209.02105365066362 1.4680343 1.5759704 3.8359294 -9.093569 1.3172956 41.744194 1.5051801 1.2236952438103623 

