Car -1 -1 0 723.3390082512345 178.81863265293183 894.3330323080987 291.125717044326 1.5212703 1.6857182 4.0670567 3.083909 1.6376444 12.034227 1.5588098 118.52999490939085 
Car -1 -1 0 0.0 203.74102201615315 240.20387474028146 375.0 1.5020728 1.5275837 3.403639 -6.0676775 1.9436588 8.5948925 1.5963778 108.07273277857578 
Car -1 -1 0 199.10822920172657 195.9663662512521 381.53374440072065 291.06686899009196 1.455911 1.6246744 4.137419 -6.0090246 1.9767902 14.1634655 1.608282 126.65394377030177 
Car -1 -1 0 370.62326268102856 180.82484691431168 461.9550570684304 238.77542821439778 1.5831231 1.7100774 4.22215 -5.8675866 1.853961 22.404604 1.5694537 73.43212198951903 
Car -1 -1 0 552.8218375592065 179.66121364456532 578.8439032487943 201.24588264798732 1.4829968 1.6609646 3.8784897 -3.1611035 1.9988564 52.73855 1.5723835 15.873212544334502 
Car -1 -1 0 520.436069527803 179.72000749144567 547.5876595155961 201.22180370440898 1.5286399 1.675014 3.9469256 -5.6735973 2.0665169 54.543358 1.5613303 15.791512531064878 
Car -1 -1 0 475.07979785283027 182.69356240173985 517.9427435409931 211.88822172521557 1.4386318 1.6087866 4.3098063 -6.074375 2.002388 39.177025 1.5814945 4.860695640138565 
Car -1 -1 0 424.37288461848703 183.1075258745518 488.0679672760105 224.53128102432632 1.4900576 1.6259964 4.0421467 -6.074602 1.9311221 29.000326 1.5912372 7.663987544597353 
Car -1 -1 0 861.4487615595812 160.004601946544 972.3231172079852 197.6637368352837 1.5143727 1.5872123 4.108905 12.814383 0.9976645 30.32106 0.26621202 2.061792013426623 
Car -1 -1 0 638.9373281781369 176.59231164274158 659.7738370665693 195.18226611618755 1.5081062 1.615625 3.5792673 3.396846 1.8345155 61.141605 1.6674614 0.27223652601242065 
Car -1 -1 0 691.8136089481592 172.70524252722234 746.140512049603 194.1077170812822 1.5748361 1.6986272 3.9749923 8.216062 1.56389 54.236046 0.15386593 0.26853737235069275 

