Car -1 -1 0 710.9123917491137 180.84576746084272 931.7062943357306 261.51978978727317 1.4656175 1.6602268 3.893391 4.1445084 1.6373049 14.412379 -0.13713455 132.27991510891923 
Car -1 -1 0 654.5899955561714 175.80399519526043 762.9032149363949 221.52579321316094 1.5212667 1.5828027 3.4476821 3.4109893 1.6280665 25.128757 -0.12081494 55.7025610102979 
Car -1 -1 0 292.19479704160267 177.71119259186707 426.4692209593751 223.1236468014465 1.537036 1.6702216 4.256935 -8.818439 1.7173034 25.713936 -0.11057234 53.543405269848805 
Car -1 -1 0 92.61974679604167 174.3706846894219 333.7666677717305 259.5228331858365 1.67278 1.6820167 4.1522408 -8.220859 1.7072008 15.293985 -0.11880342 102.5213123154634 
Car -1 -1 0 167.99418537675413 183.33820003929338 365.59296265823576 248.4904016975588 1.479891 1.6151506 4.076311 -8.278611 1.7519002 17.716213 -0.09838043 30.912215249720425 
Car -1 -1 0 221.36808231475075 182.46545964442998 390.16159207122234 236.51157227236678 1.4546185 1.5775917 4.1294947 -8.535522 1.7381333 20.492401 -0.001178445 17.703067424964487 
Car -1 -1 0 634.0898376400511 177.61530143502833 736.5531752794698 217.90710835447416 1.468857 1.6108415 3.6181767 2.8575187 1.6577847 27.590197 -0.13425536 12.363333455568801 
Car -1 -1 0 454.427976181145 175.41947659662694 483.7691942081567 194.1553573016847 1.5774518 1.6476343 3.7943728 -12.366377 1.8101637 63.382755 1.1301216 3.952309208354975 
Car -1 -1 0 892.845669456958 177.13456549041769 940.4532610491932 201.65792584741698 1.4502611 1.6040429 3.9602776 19.35145 1.7315354 45.39347 2.2893426 0.3279726505279541 
Car -1 -1 0 311.6890729195989 174.84206071589514 421.0093785869858 219.40857993682883 1.6716485 1.6075814 3.769133 -9.406586 1.7518291 28.125809 -0.09262149 0.5977690614347905 
Car -1 -1 0 326.36343674311837 171.35012609139804 427.46299361855546 212.69191028854726 1.7008624 1.628461 3.8437247 -9.827797 1.6389906 30.701054 -0.10760273 0.2777736783027649 

