Car -1 -1 0 664.0813161575056 178.22258638446317 708.1821360259155 211.34247529216552 1.4521188 1.5845859 4.1394253 3.5875127 1.7235572 34.39631 1.5509413 32.35109548796646 
Car -1 -1 0 0.0 193.32988222139687 304.9916144809276 324.31532400240746 1.4199154 1.6136627 4.0891724 -6.1664276 1.6990471 8.9650755 0.03162862 63.182158460640935 
Car -1 -1 0 31.096245754716325 188.69257905298335 328.71909349937084 291.8517057146096 1.4684851 1.5604565 3.7464604 -6.5822916 1.7344794 11.317254 0.010743916 38.53873071604699 
Car -1 -1 0 309.4081453856065 181.21692723805086 484.6463731652061 243.00091424089874 1.5230974 1.6046517 4.1082535 -5.483484 1.7525586 18.912237 0.040706594 43.86473420370639 
Car -1 -1 0 418.43734588563905 178.79288223273593 535.6905041127635 218.46079048705212 1.5184147 1.6521809 4.345908 -5.233264 1.7632397 28.820345 0.0456587 31.457309411572837 
Car -1 -1 0 261.7850538563967 184.14208111379688 448.7867672894993 253.38246065824396 1.4698565 1.5664822 3.7280798 -5.7462993 1.7430696 16.54092 0.07624784 41.20004897111674 
Car -1 -1 0 381.8460365343707 182.418004284122 504.99824677361124 228.71428570880306 1.4556255 1.5398014 3.715359 -5.52788 1.7901309 24.179464 0.16036275 11.75092573030041 
Car -1 -1 0 346.65489050731406 183.06546757213064 500.07161107149045 235.1925535029333 1.4425573 1.5664726 4.101973 -5.4407034 1.758143 21.324389 0.09525544 9.87404927793269 
Car -1 -1 0 502.00836645879804 175.6858310613427 561.591325898755 204.44590198083236 1.6567055 1.6035137 3.2545695 -4.5740557 1.827969 42.693398 0.08938359 1.1690446883288264 

