Car -1 -1 0 719.0596898054833 185.3953634312705 826.8490298891032 262.04978317502923 1.4156142 1.5914342 4.01911 3.4764354 1.7294157 16.021856 1.6000533 104.43077116031512 
Car -1 -1 0 697.923464435167 180.39822266665212 771.2477546532848 235.42078538059639 1.4588883 1.6073823 4.2408476 3.6793826 1.7098925 21.862646 1.6009424 58.51432059473158 
Car -1 -1 0 481.5906013579233 182.46428223007152 536.0420107351774 221.94271550745495 1.580446 1.6547538 3.707399 -4.360453 2.028225 31.715658 1.6357481 63.96947699431058 
Car -1 -1 0 508.03598741954613 181.17163002220377 551.1075254181278 213.32883188136176 1.5125395 1.5939987 4.057516 -4.0496492 1.9635985 37.066605 1.6148311 12.093873815720347 
Car -1 -1 0 1023.5083454254432 171.51480397198196 1212.2636177738352 238.105535417005 1.4576725 1.5277395 3.591989 12.12228 1.4283574 17.426102 0.5878248 18.922366772177643 
Car -1 -1 0 1076.3648503775357 165.6182783133572 1242.0 249.73659021211904 1.510726 1.572772 3.4830132 11.683523 1.3807757 14.688507 0.7081295 31.33529861079747 
Car -1 -1 0 933.383604551115 173.66934769637464 1096.9449158823165 231.5213622185022 1.528728 1.6395326 3.9768784 11.719432 1.554471 20.949684 0.6279514 29.709132100540124 
Car -1 -1 0 675.2639569423549 175.8527689366789 699.3736352533649 198.1793448627105 1.4710212 1.5793362 3.7760522 5.357154 1.6869717 50.011635 1.6562947 12.709678696509245 
Car -1 -1 0 540.293864295006 180.80729779014135 575.3738589783698 205.8579475568312 1.49227 1.5913193 3.9885776 -3.2768507 2.0259852 46.356037 1.6705449 1.5903836730785765 
Car -1 -1 0 255.27370874912384 183.25940266409182 351.0440170755686 214.11362184829213 1.4985533 1.6030508 4.154222 -15.419458 2.0361137 36.44145 -0.015880363 0.529934754192356 

