Car -1 -1 0 747.6264840263241 177.0696367143872 1010.8030973690289 270.63047376554994 1.4381022 1.6236911 3.8622966 4.4634767 1.5155845 12.222936 -0.12085115 151.5898957209097 
Car -1 -1 0 673.3760815174059 170.73905752458765 796.102007220121 219.40296780297587 1.4846047 1.5872351 3.5519366 3.9401195 1.4200834 22.999886 -0.112344146 86.93716723206268 
Car -1 -1 0 287.0229242932473 166.25388973670846 428.9085745784414 216.07563819467865 1.5754018 1.6701056 4.1242566 -8.200332 1.3667011 23.793133 -0.07015985 46.94970844232423 
Car -1 -1 0 34.6320778578479 162.04825597483412 313.34166408058064 259.9000688085988 1.6727061 1.6572381 4.100323 -7.858907 1.4879897 13.340436 -0.08834286 111.32501911126604 
Car -1 -1 0 131.56605988315965 172.09815804349216 356.8071981083573 244.42621744155178 1.4867618 1.6164373 4.0874624 -7.842166 1.4712248 15.778517 -0.0687599 38.01275641464772 
Car -1 -1 0 653.264462857555 172.07167736031397 769.270448918584 215.1079852542814 1.4528375 1.5797241 3.7611632 3.5275483 1.4264274 25.352959 -0.11193928 24.7012768325858 
Car -1 -1 0 198.10988056389485 171.24677595854286 387.7049009740216 230.76323915161092 1.4687879 1.5845833 4.195022 -8.06297 1.4291236 18.60732 0.004021515 28.541855205094105 
Car -1 -1 0 466.64639148623553 166.82323629057967 497.31573041812493 186.0804988184748 1.5852792 1.6620324 3.7689853 -10.8953905 1.0888197 61.45701 1.1366435 3.7054063977516005 
Car -1 -1 0 390.6124263144058 157.68076112929938 425.71853977753364 194.78951862426865 1.8827056 1.7095777 4.1415668 -10.88232 1.112894 38.837776 1.2717761 4.41165675698335 
Car -1 -1 0 321.60365297034133 161.29012991488318 430.5167348837231 205.27777485146808 1.6813798 1.6250312 3.9215236 -9.202669 1.2393633 28.697987 -0.16192272 6.558074067788004 

