Car -1 -1 0 56.91869971396482 183.14383102469128 311.57981728217277 316.9931250599393 1.6189911 1.6688071 4.0711937 -6.1876 1.8070774 11.117414 1.5252593 153.3996405982339 
Car -1 -1 0 478.8945882304332 180.87822627110572 511.046788433457 208.34808502803693 1.5271001 1.6154135 3.95152 -6.836972 2.0316815 43.336384 1.4883623 12.351935746736313 
Car -1 -1 0 269.70078262954905 183.74597473169334 403.4861480744032 259.50044951590667 1.5818535 1.6862546 4.155686 -6.523959 1.8813164 17.752165 1.5802633 56.53297033529638 
Car -1 -1 0 504.5149032253164 181.04443037065258 551.5455108227251 213.9110412930153 1.4446659 1.7364151 4.316114 -3.881019 1.8662072 34.96629 1.5842029 44.42769339312028 
Car -1 -1 0 405.8597063549961 185.74548853179869 467.69666600466604 226.20976150908373 1.4331607 1.5847436 3.743285 -6.775344 1.9782388 28.630047 1.562652 31.737915698150893 
Car -1 -1 0 629.3210481337339 175.7797373363312 654.6166328842427 197.86154804394155 1.4634244 1.5648644 3.5859423 2.218818 1.6738496 50.09491 1.5621632 15.949468710605222 
Car -1 -1 0 702.4327814576455 170.26740673445605 777.6491596347163 196.6969853620916 1.5460474 1.6954962 4.279081 7.76203 1.3947396 43.211945 0.07430984 13.490903702525676 
Car -1 -1 0 533.7214931006677 178.2503940133943 560.1662943767245 202.39320399490143 1.4923351 1.568635 3.7991729 -4.1524014 1.8622371 47.47325 1.440452 3.7920179527484374 
Car -1 -1 0 1060.9459492499955 154.80570724459005 1167.454544086876 200.56730244141173 1.5321718 1.6367543 3.8500772 18.164553 0.92788583 26.18571 1.7241697 5.891771482215596 
Car -1 -1 0 696.1991450665871 164.50192449303916 764.8496875516691 192.70341015631658 1.7684487 1.6273335 4.071524 7.7097855 1.2447095 46.182735 -0.061276153 0.2511897385120392 

