Car -1 -1 0 188.6972605363753 194.22366499759937 368.2263565633805 295.7019620345165 1.4699786 1.5463605 3.6280494 -5.7604628 1.9102522 13.0426855 1.5825288 106.46571368281067 
Car -1 -1 0 709.6511569434441 182.59645136225018 820.184470990668 254.50291454762385 1.4233913 1.5703063 3.6803558 3.4534636 1.6739843 16.676176 1.5121299 97.9243497313702 
Car -1 -1 0 811.9921848554867 181.75614932707046 1211.133100440216 375.0 1.5281303 1.6335826 3.9592166 3.25748 1.6370888 6.836841 1.5894183 132.23726234853896 
Car -1 -1 0 368.0926733615544 184.86062085100912 469.5025904745808 240.71072911183745 1.4700694 1.6346014 4.218832 -5.703145 1.8742228 22.108341 1.6687875 75.04723029483884 
Car -1 -1 0 661.8791210331144 179.16051106546198 708.0283317828245 215.78947563222647 1.4497906 1.5346303 3.677883 3.1861532 1.7373799 31.050259 1.5516411 38.24355879231059 
Car -1 -1 0 681.1756738012684 181.62741195322153 760.5271529170518 234.02014282385508 1.4256493 1.6128232 4.092531 3.3489857 1.7237213 22.423752 1.5119987 26.982341749149086 
Car -1 -1 0 655.7378377570185 177.99808106949155 695.6115900324208 209.9286756377292 1.5094085 1.4992439 3.3278148 3.2879806 1.7808797 36.36857 1.5050759 7.775325464425609 
Car -1 -1 0 474.21450587582274 180.33852809839428 520.2999606719981 212.0099904905949 1.5095088 1.5567603 3.6717687 -5.7285833 1.9146581 37.16995 1.6442199 7.769279835864258 
Car -1 -1 0 499.43964623381424 180.09475704125626 536.6966206710728 207.71195522951678 1.5112355 1.4942461 3.3970525 -5.303172 1.9518659 42.15551 1.6513064 2.269153762549063 
Car -1 -1 0 521.7467708230749 174.87137006815394 568.5664172946891 193.3345503827122 1.5284786 1.5992742 3.6631413 -5.493264 1.7046674 61.536186 0.42230448 0.26608940958976746 

