Car -1 -1 0 704.7559889614395 186.2516006769634 797.5866299389409 255.437075788034 1.4277322 1.5866686 3.90058 3.3316796 1.791465 17.62067 1.5943536 86.60349467524722 
Car -1 -1 0 481.4209028601681 183.98746517631935 532.0286299814738 222.43327634043035 1.6117854 1.668687 3.813734 -4.6808615 2.1555429 33.304962 1.6057863 56.34550235796706 
Car -1 -1 0 686.0998915141377 182.14223685709126 750.9580602748741 233.87861624988588 1.4782131 1.6088538 4.1891427 3.453271 1.8079646 23.496471 1.6033049 53.75238770721346 
Car -1 -1 0 1022.1348626620254 161.99915399474003 1218.673324468285 241.83034594728892 1.628726 1.6140866 3.5320673 11.578545 1.407264 16.467312 0.68980396 49.39695398160426 
Car -1 -1 0 898.367688720952 177.54794381119726 1047.540144220653 231.04351151363758 1.5268089 1.6390015 3.9941885 11.403238 1.6866684 22.743721 0.6217687 23.307930412875418 
Car -1 -1 0 507.14880937220204 183.85531639271576 545.7144771370354 214.46449472796843 1.4948472 1.5901295 3.8770065 -4.392949 2.1126957 38.578636 1.5776327 12.199545299440496 
Car -1 -1 0 973.5362181279578 176.63668521349123 1141.5990182923313 237.80875109776122 1.4585934 1.5426153 3.6574185 11.825806 1.5679522 19.13862 0.6505869 4.878297887266374 
Car -1 -1 0 526.7707323696714 182.5750684917024 564.22883143407 210.14319724954427 1.5408356 1.6168771 3.9467254 -3.8389044 2.1582685 43.795223 1.6531879 2.0281396166546077 
Car -1 -1 0 223.23354919364795 189.97113050517126 267.00555750625523 209.98720257504806 1.4664606 1.6440938 3.5225472 -29.090595 2.877605 57.699432 1.5999582 1.8090889757434951 

