Car -1 -1 0 115.68592011482828 184.0073889208056 340.2469038946303 298.51399621261857 1.553 1.6790593 4.1147723 -6.160175 1.7744199 12.256424 1.5582801 145.2859394110102 
Car -1 -1 0 510.45338327301715 179.050895265254 551.3071449633347 210.4711191557345 1.4627304 1.6695518 4.4311647 -3.9387455 1.7970756 36.69976 1.5532727 40.27249681039051 
Car -1 -1 0 296.5654561822247 180.24967380049614 414.95508578421976 252.59885062515377 1.6412562 1.698169 4.3021026 -6.499552 1.85811 18.984526 1.5450472 55.978714062054635 
Car -1 -1 0 482.77676315623364 181.273842251528 522.7895256117249 207.14989035135338 1.4751749 1.627606 4.161925 -6.5504136 2.020954 44.644283 1.6311009 12.243402577405812 
Car -1 -1 0 633.0514853433489 175.54875456842208 656.2457388007684 197.44037624569194 1.4837337 1.5872556 3.8098023 2.5193634 1.6827304 51.332962 1.6318455 13.99034008368137 
Car -1 -1 0 415.61633941313767 184.05604269587926 474.9481697030186 222.64524528306285 1.43239 1.5773222 3.6602278 -6.6840334 1.921809 29.686768 1.5800563 27.96266231536418 
Car -1 -1 0 698.9994025840118 169.98319024667927 771.4717795029269 195.983101024834 1.5606782 1.6956632 4.2679834 7.6731243 1.388354 44.35388 0.09314893 21.90186146363822 
Car -1 -1 0 535.2076874920326 178.265216393379 565.6710796923577 201.20115044105256 1.4772277 1.5699983 3.926538 -4.096219 1.8644196 49.542442 1.3539034 1.317168986466618 
Car -1 -1 0 1047.9423460717044 160.03555054174788 1143.632420179847 202.38079837736075 1.4792923 1.5504706 3.763505 18.189299 1.0314914 27.18689 1.7295254 0.5676862253716572 

