Car -1 -1 0 747.4572654679384 179.08800098992026 910.9918661796589 303.1048446148232 1.4706078 1.5325273 3.460375 2.998833 1.5767819 10.511794 1.636941 116.66300054048297 
Car -1 -1 0 223.9451855807889 195.96511332217923 384.84964187287824 289.8812606130106 1.5532268 1.6401465 3.8602238 -6.056174 2.0902066 14.825997 1.581424 83.79474870977941 
Car -1 -1 0 465.28300303562077 185.38626236716274 509.34304621093577 217.06112340191382 1.5007044 1.6281426 3.9040575 -6.325536 2.1892276 37.686684 1.574029 20.430075874084874 
Car -1 -1 0 640.9529979765199 174.85091319604302 676.7582416307306 205.66880336186009 1.6628959 1.58884 3.5943694 2.7586532 1.7814947 41.012405 1.5122659 25.604748364380445 
Car -1 -1 0 240.16549462954816 195.56337722308385 291.72007281747034 223.51440541456589 1.5100608 1.7110939 3.9198132 -21.05347 2.9708335 44.362587 1.44777 10.395239048896668 
Car -1 -1 0 484.96890642362786 185.60118076122959 521.7338403153746 212.8748058508512 1.4889545 1.5479459 3.731499 -6.2884884 2.2826686 43.04078 1.5983912 3.7644702519932065 
Car -1 -1 0 799.0384276069769 163.61634282416094 821.6366596626715 180.50822314330242 1.5020399 1.6031146 3.7938936 18.379341 0.6806195 66.16265 1.7359675 2.211004092053646 
Car -1 -1 0 282.32773899518713 195.83205368451246 340.8460900799858 222.95413905550382 1.4584275 1.594434 3.8493705 -18.191868 2.9310808 44.228104 1.7066753 1.4492210377175536 
Car -1 -1 0 536.6678814333318 183.56855664726157 555.0262744630525 200.34952228698975 1.4666753 1.589185 3.9836836 -6.0092535 2.5040145 67.783356 1.4501824 0.5488112991872823 

