Car -1 -1 0 280.0474599412787 197.16352775349566 453.70669048187676 315.75323524662247 1.5005059 1.578294 3.8336246 -3.7505295 1.9640828 11.838376 1.5652254 112.81958080467389 
Car -1 -1 0 0.0 206.1139205075195 345.707645515974 375.0 1.5223309 1.5337701 3.393387 -3.905795 1.928745 7.084038 1.5211282 106.13783330602622 
Car -1 -1 0 727.1064963348106 181.13542399724068 873.8743480997413 287.75102482802413 1.5139817 1.5784106 3.6972594 3.0901966 1.6775239 12.391804 1.5817734 94.99949769572504 
Car -1 -1 0 784.9858467003653 186.48996276908997 1214.7707521560033 375.0 1.4932349 1.6509223 4.4451156 3.076072 1.66593 6.902632 1.5548755 130.10850005308995 
Car -1 -1 0 638.562964674979 180.6334146989875 693.1113614778253 216.14714331264173 1.5295079 1.5305738 3.4720092 2.5766273 1.913678 33.76282 1.3287444 25.74297265017044 
Car -1 -1 0 593.5103656656528 182.06584824508536 625.9035405627698 206.51251824348938 1.531727 1.584565 3.6737158 -0.02769116 2.1772537 48.618042 1.4011685 12.586452275029886 
Car -1 -1 0 798.2066584611387 180.44840015919905 848.6834647201994 227.42473450194078 1.5739757 1.6803231 3.6346488 7.9291778 1.8768564 26.796192 1.855935 7.064141334124808 
Car -1 -1 0 621.053830658647 179.91657093709182 664.1652690771518 198.75919568779753 1.4833021 1.5403154 3.929101 2.7926745 2.0931797 60.304348 2.2644398 3.9144001692761474 
Car -1 -1 0 548.5235182054676 181.47893817191115 596.7199382809235 200.74897729298297 1.5981427 1.5878539 4.1804986 -3.2293744 2.3823376 63.61281 -0.7350683 15.248830232537545 

