Car -1 -1 0 674.6269386553749 180.1559232382153 753.9570553015386 240.86649161495797 1.5318487 1.6366239 3.864536 2.8880067 1.760254 20.622095 1.551452 95.67889976642705 
Car -1 -1 0 278.66609319186256 195.73089107947536 405.68545484383617 271.2720613172592 1.4801848 1.5855832 3.6454673 -6.176139 2.0805638 17.094662 1.594898 89.76208310410908 
Car -1 -1 0 367.353555153741 192.31352800405344 454.3739622065621 246.9818176260285 1.458041 1.5667188 3.8910644 -6.1096773 2.120765 22.60798 1.5966 69.11718462558514 
Car -1 -1 0 439.0146113593386 184.67772176795452 491.65791931686255 224.4867212539586 1.518296 1.6214595 4.244619 -6.110633 2.0611567 30.965675 1.5179259 23.21498780551659 
Car -1 -1 0 527.6820244376015 181.85973867535213 554.3865296218314 201.60206931222623 1.6168091 1.7048254 4.252168 -5.96793 2.4332771 63.243618 1.6284094 5.390509219255927 
Car -1 -1 0 499.28265300841053 184.72799168862255 527.2205343404305 208.73797872731262 1.4447054 1.5450125 4.1940675 -6.32217 2.264543 47.676403 1.5069337 1.5449524720195609 
Car -1 -1 0 629.8478624967946 178.10823911515007 646.613480588135 194.0155923574035 1.4668815 1.5467697 3.7641635 2.7921836 1.9886801 69.73158 1.6297789 1.7229564137099507 
Car -1 -1 0 469.7216951695742 184.26896692558265 512.8178690135968 217.0941372595209 1.5664027 1.5815545 3.8118153 -6.12057 2.1928082 37.67937 1.5832459 3.658023461587487 
Car -1 -1 0 562.7005918009185 181.49779929995222 583.2033238997002 198.1936250218456 1.4749215 1.7502468 4.338317 -3.4277124 2.3176455 68.17016 1.5629802 1.755357615422141 

