Car -1 -1 0 698.5311420267562 168.988429799085 768.1602475348159 195.0735475836593 1.4975436 1.612277 3.7702723 7.2225614 1.2756214 42.304752 -0.040257588 52.866923427576566 
Car -1 -1 0 784.2747220746038 165.71782009541622 826.1028556621415 186.05535467354338 1.5011662 1.6237577 4.193461 14.974405 0.974426 55.441265 1.4437646 11.426859324119226 
Car -1 -1 0 818.3066428374452 166.0768099297732 858.4080165765387 185.55515887339936 1.4674381 1.6375115 3.8689928 17.818066 0.95686543 56.35408 1.487855 12.138064706990132 
Car -1 -1 0 993.1483970979643 164.04182003851471 1045.8243697664311 185.9720424492539 1.593848 1.6421623 3.7658315 30.825884 0.9533948 54.375538 1.5011189 8.049358905235751 
Car -1 -1 0 1062.2980476164644 162.31106679014871 1119.6442435805648 182.0993549785656 1.4827971 1.5875211 3.7002993 37.31428 0.6927825 56.026794 1.3965183 20.854618555546303 
Car -1 -1 0 1025.0443511804124 165.9391550077262 1072.7879930182664 185.430691272373 1.4514639 1.6763971 3.6055033 33.78709 0.93654025 55.588093 1.6419752 1.5847148677268936 
Car -1 -1 0 201.48853496847667 172.67713496031314 300.79941293043936 205.92410597352765 1.5615733 1.6744759 4.1462817 -17.765394 1.5532659 35.858345 -0.6929847 5.053758858228597 
Car -1 -1 0 695.9242621561955 163.8677312812248 743.3618707625328 184.30438680538776 1.5300806 1.5545757 3.4880812 8.494763 0.85728353 55.863506 0.8858124 6.671037017336711 
Car -1 -1 0 321.54793205869333 161.2828848209787 358.3227066121507 187.63156901976524 2.1854534 1.7501235 4.3832507 -23.143188 1.2257037 62.085915 1.5123281 2.569574666470746 
Car -1 -1 0 861.921547919604 165.60149269366042 905.1334272206393 185.34715473123273 1.4634577 1.6104541 3.6925247 20.981907 0.9259349 55.39729 1.46622 1.833319875456028 

