Car -1 -1 0 694.5128770183214 160.79335209720034 839.6111628454538 267.66062918005383 1.5453111 1.5759525 3.751148 2.5045404 1.3709129 12.328177 1.5458132 96.81710158805353 
Car -1 -1 0 315.74858752452207 167.56104818772187 469.32799733904466 265.21947051216415 1.5266182 1.6898787 4.0067368 -3.7848203 1.4438776 13.29775 1.5524747 129.5492459002182 
Car -1 -1 0 404.5920042585642 164.75886315206108 500.4896181306319 227.38369156949506 1.4803702 1.6330454 4.021296 -4.01734 1.2890115 19.072792 1.5781163 55.097195724800635 
Car -1 -1 0 771.6040386509388 167.22248109027882 1065.5418365492767 349.9793536695603 1.5255041 1.598474 3.322741 2.9764414 1.4784968 7.7208014 1.5225289 90.79000210132398 
Car -1 -1 0 663.0981133228537 159.75082748675229 761.1147117924306 226.1559053084148 1.4686434 1.6028124 4.4418554 2.4422774 1.1788479 18.2216 1.5126315 57.115919349376284 
Car -1 -1 0 618.5962695380675 157.4668899738273 649.4573397356637 179.30655985488704 1.5003271 1.6093218 3.9160895 1.7107016 0.4432734 51.61042 1.4464923 9.984518057972968 
Car -1 -1 0 472.7269649913583 161.21807054122183 522.8924372401619 200.59622303989408 1.4926091 1.5632873 3.8691843 -4.4712477 1.0515549 29.309612 1.5367382 14.854519181169225 
Car -1 -1 0 646.1160061470266 155.38790220627834 695.4125074180364 195.06531065154695 1.5459597 1.5882602 3.7294571 2.483009 0.8654241 30.009129 1.5298216 8.648034469178159 
Car -1 -1 0 799.9608487352236 138.30885751094323 881.7148674308552 167.85067238522228 1.4687672 1.58419 3.7673335 11.8644705 -0.26468033 37.188057 0.10317085 6.5782562145805485 
Car -1 -1 0 653.6942977126132 155.77307874835873 721.6455590618198 204.83195443734328 1.4907007 1.6065631 3.9915078 2.5025775 0.9716805 23.963621 1.5127275 3.7478802875086368 

