Car -1 -1 0 204.49645465399115 197.58142166116608 381.9186594443312 291.52515843655044 1.4263651 1.6239939 4.247732 -5.9644227 1.9857951 14.19895 1.5722314 105.26384246727811 
Car -1 -1 0 702.1398959381855 177.8978574418407 819.4773029792832 254.36583652815924 1.4523358 1.657946 4.0921736 3.1982765 1.5789256 16.042791 1.5457069 78.27414380235479 
Car -1 -1 0 681.97387952746 174.2197731326097 758.0699563573985 234.14148429903273 1.6082172 1.6370679 4.0593977 3.1828897 1.6527381 21.48906 1.5687518 57.55489861430464 
Car -1 -1 0 359.65977911303656 190.03848493931326 461.39706839858246 246.99252694125184 1.4387263 1.711414 4.3949904 -5.8612185 2.0110412 21.801126 1.6096654 72.29760692845633 
Car -1 -1 0 1033.7127305687736 132.74734299350146 1242.0 234.3292595609042 1.6395833 1.5887375 3.5463963 9.577235 0.9922416 12.496737 -0.032033894 59.346124916149655 
Car -1 -1 0 938.0247121076538 151.3628872889699 1153.993888737733 227.3305937268065 1.4823037 1.5665871 3.6124976 8.985011 1.0629629 15.00989 -0.08340029 66.5286269145497 
Car -1 -1 0 470.7984324571726 183.23192248125795 524.6148749857203 217.79572994830576 1.5949044 1.6549556 4.1334267 -5.6219726 2.1542118 36.736164 1.6898667 20.719376362984438 
Car -1 -1 0 665.3413038741463 179.60194967799004 715.7782662093222 215.85446470678357 1.4449108 1.5544686 3.7867641 3.462463 1.756842 31.41664 1.5098009 26.806418867538248 
Car -1 -1 0 855.2228573774103 159.3624631794874 1054.423228032993 221.1249441585239 1.4443232 1.6242137 4.123793 8.374859 1.1288218 17.724741 -0.019175498 44.833251798997914 
Car -1 -1 0 422.7481126404716 188.07054589008132 487.7772675281868 231.3145210552331 1.4656157 1.5807127 3.800755 -5.845844 2.0910316 27.732056 1.6017119 18.659149368186775 
Car -1 -1 0 643.9568976319695 177.52401980895596 674.9082856741999 202.61973582047457 1.4970764 1.5581182 3.8031352 3.1180825 1.8052933 45.69108 1.5328207 2.193713235838647 
Car -1 -1 0 516.455141120417 180.95668287898857 549.1627349437699 203.36713784543676 1.5009506 1.5518347 3.8309987 -5.463604 2.1044376 51.75164 1.6796257 1.2103914366590978 
Car -1 -1 0 0.0 183.80527436709366 132.31158898467405 262.51673754276317 1.5377581 1.5636574 3.2295341 -12.271135 1.8130081 16.362446 1.2743187 0.6081991169304546 

