Car -1 -1 0 699.5946612776658 183.51967765746537 793.5693489409301 246.4002708676477 1.4258554 1.5651464 3.6504974 3.4668984 1.7323403 18.864628 1.5103073 109.6847532764298 
Car -1 -1 0 0.0 202.1835279410603 307.5654348438264 364.8002127231548 1.4464966 1.6730493 4.4228106 -5.7807074 1.9220415 9.461994 1.602644 134.077798362294 
Car -1 -1 0 253.8882632208337 192.58122816079796 397.5216048920499 276.79295531387845 1.464026 1.5839005 3.6570299 -5.810917 1.930564 15.232914 1.5740204 94.80945597889695 
Car -1 -1 0 768.8960292023378 180.35611642508127 1025.8630165670997 340.74711353122774 1.5293338 1.6420426 4.0070906 3.2621558 1.6445272 9.073292 1.5735136 118.6096110762798 
Car -1 -1 0 394.5411592921775 186.31225872014403 482.5399867230253 235.8118838718311 1.4429857 1.6097257 3.9922626 -5.629741 1.9338021 24.238384 1.6866192 57.45369135099187 
Car -1 -1 0 679.1748695691397 180.388113109611 744.4415486254064 229.22162987755985 1.4860098 1.608038 4.037639 3.396726 1.7641692 24.610775 1.5586913 17.331280509823934 
Car -1 -1 0 658.7395852787101 180.0055475281759 701.9184685431561 214.31810992410428 1.4591272 1.5222076 3.671332 3.2136245 1.807776 33.317047 1.5388637 32.239874683383675 
Car -1 -1 0 481.5763135836012 181.52559513894926 524.7175599664968 210.70215165855 1.4709842 1.4931803 3.6554577 -5.757494 1.9671521 39.39325 1.6677715 5.430819496565233 
Car -1 -1 0 528.5075059523687 176.97534485723892 578.0996154553148 194.64709600627108 1.4978862 1.6150751 4.1205044 -4.9651275 1.8705463 63.587006 0.4719668 4.911394183429331 
Car -1 -1 0 651.6624473747041 181.11020819833945 694.7555669356177 210.9703110971272 1.4606272 1.5509056 3.5956373 3.3206234 1.9194064 38.21422 1.4465581 1.5352705257223662 
Car -1 -1 0 497.70607142404384 180.8025116368713 538.321547961352 207.52546234455008 1.537244 1.5876124 3.4210086 -5.589056 2.0463207 44.398796 1.7274561 0.5314486322854448 

