Car -1 -1 0 718.0644119381332 175.19935870329343 896.4761413420498 298.0740823977818 1.5333434 1.6551998 4.2536654 2.8108754 1.5767663 11.222203 1.5828193 133.47231603186 
Car -1 -1 0 372.6207086818479 187.05503141330226 478.06216991387004 257.20958815361985 1.4766943 1.702739 3.9469943 -4.4467506 1.8699288 17.987137 1.5476769 126.8218045480377 
Car -1 -1 0 690.5715402027403 173.07911105008495 785.6342897281911 247.83434138695137 1.6169963 1.6108408 3.6136816 2.9877875 1.6230026 17.435215 1.5579748 69.94176548188543 
Car -1 -1 0 437.53620339724074 176.05490753237402 509.41761311853855 237.1629396951529 1.8086082 1.5799425 3.7774706 -4.3296404 1.9210728 23.452808 1.5835105 80.30208924142788 
Car -1 -1 0 0.0 194.7961457323914 242.19498040342924 281.1276136315344 1.4358076 1.5931946 3.9601614 -9.187294 1.8713692 13.396852 0.06628718 97.84847199538642 
Car -1 -1 0 666.888200290024 174.06661756019093 724.4891142676938 220.59991977463042 1.5445364 1.585037 3.7526245 3.0209277 1.5912848 25.932049 1.560328 40.58318692092738 
Car -1 -1 0 474.8477944489493 177.70309333154137 532.7820972403446 223.87018500160215 1.6899924 1.648396 4.2738447 -4.166465 1.8994011 29.011766 1.5844123 13.621029733093337 
Car -1 -1 0 535.9729959815255 177.72830316694657 557.0199169456424 195.39253892484692 1.4873135 1.6089783 3.89749 -5.613947 1.9330318 63.93119 1.4188756 1.311896680003631 
Car -1 -1 0 592.5922055389478 177.21318405383795 610.7419610383014 191.12936149268174 1.4872532 1.5271451 3.455685 -0.8959091 1.9821043 80.08241 1.4136531 0.3319542407989502 

