Car -1 -1 0 732.8898208188466 182.74727328589003 865.83353441423 280.7018786610471 1.5430801 1.6229923 3.7139425 3.4107966 1.7556366 13.623997 1.5978081 78.44071160276964 
Car -1 -1 0 708.1611188264028 178.57163032602156 797.8186049735793 247.83364375582394 1.5810224 1.6427383 3.7899146 3.5980253 1.744335 18.697617 1.5916585 72.42144235472782 
Car -1 -1 0 245.8361636871069 184.00199025784556 447.982307563717 248.0604660958899 1.4268441 1.6429615 4.229896 -6.1502147 1.706187 17.224695 -0.01607932 89.09906701961617 
Car -1 -1 0 679.1572011793218 183.22470829916534 724.5156556143296 219.18537100755964 1.4630041 1.5328882 3.4978142 4.0539703 1.9500282 32.126556 1.5588295 46.750396814865915 
Car -1 -1 0 31.36350269529104 184.1948104194836 381.91533882663356 301.8019522897894 1.4957097 1.6466601 4.2035155 -5.6400895 1.6746048 10.3761215 0.088438995 102.72645103234308 
Car -1 -1 0 339.299156671874 180.50383694646445 483.5662527017819 234.0119726751574 1.5995617 1.6988806 4.104454 -6.1552973 1.8505085 22.750828 -0.03396952 35.35030087601304 
Car -1 -1 0 410.446664670822 181.29374594081986 518.0450107805732 224.42808891154195 1.5593787 1.6176335 3.7550898 -5.42659 1.8880565 27.257055 -0.018037194 7.720582231045052 
Car -1 -1 0 447.6813989827736 175.804449686418 544.6994613377959 215.49282453602916 1.6991549 1.6281598 3.964416 -5.0227823 1.8353045 32.17643 0.1598733 6.541596866729856 
Car -1 -1 0 378.08779265942815 182.92313355618953 514.2201244698497 228.28834232958087 1.4705365 1.623914 4.314872 -5.504195 1.8273232 24.675674 -0.036945168 5.054057729347245 
Car -1 -1 0 512.8653308979718 177.00895832487655 546.7458801249807 209.66656232650132 1.6159556 1.6188003 4.010637 -4.183118 1.8482361 38.281593 1.5029389 1.0877741076239327 
Car -1 -1 0 711.0020682077061 178.6905498797158 787.0234505826653 206.67555636932417 1.581183 1.6228514 4.0796494 8.096185 1.9290514 42.07933 -0.056636445 0.607801627674081 
Car -1 -1 0 554.8977776026543 179.22378157830042 581.6084061330873 200.7163700257591 1.6083344 1.6560006 3.6512945 -3.2297387 2.12801 56.98718 1.6409129 0.2785690426826477 

