Car -1 -1 0 736.7998738184704 190.28975069527553 955.0314862177828 278.15961546159605 1.4926599 1.5887841 3.5744598 4.3653526 1.844918 13.609236 -0.09958509 135.731008042544 
Car -1 -1 0 98.4159318390769 188.4265418753108 340.2954880635721 268.4417440126863 1.4842885 1.6202451 4.0129104 -7.769298 1.820071 14.648414 -0.050171852 120.21209078937835 
Car -1 -1 0 701.3770547978078 190.6843953024374 893.7767991496094 263.1096185249494 1.4591315 1.5476213 3.7965088 4.037246 1.8720623 15.837971 -0.05230339 26.739763629249207 
Car -1 -1 0 454.1061814982719 183.78155888079206 489.5385053658748 206.34173156545327 1.5072186 1.6752056 3.7588675 -10.008739 2.329785 52.255867 1.1421984 12.463220289632508 
Car -1 -1 0 156.87280623756948 182.75815287364128 345.288033662449 257.7885527917477 1.634568 1.5958555 3.6840167 -8.343731 1.8837032 17.076246 -0.15561348 11.712164092870943 
Car -1 -1 0 199.68776222294977 180.7281334960704 364.88154424178066 248.4799444446993 1.6980408 1.6370049 3.8211308 -8.738077 1.9247464 19.568848 -0.21370578 22.371181541405583 
Car -1 -1 0 972.8936828546995 190.06427958308686 1034.1669519222728 214.08268598106048 1.475861 1.619609 3.8617082 26.846132 2.7005801 49.304314 1.3969622 5.633767431932942 
Car -1 -1 0 233.57586188295332 176.54526407401636 378.60788623103144 239.68809631569525 1.8030071 1.6030283 3.8428988 -9.109036 1.921422 21.945183 -0.22005197 2.9410569286262773 
Car -1 -1 0 1045.2657894064619 191.07526887708107 1094.316880018104 227.812059418263 1.4790549 1.5877233 3.8253713 21.110422 2.3640382 33.040665 2.220038 1.4425512954132251 
Car -1 -1 0 269.1852591968717 171.80442536477614 387.11495353168436 221.0587084104779 1.8219184 1.7068915 4.168642 -10.854753 1.7830944 28.125023 -0.30231386 1.600979489932255 

