Car -1 -1 0 308.8554537916674 189.8374174096416 444.3349009703727 265.5406274677081 1.4111884 1.6074463 4.477323 -4.8957143 1.5280021 15.921844 1.5599908 107.64023631974015 
Car -1 -1 0 175.72058719702116 190.10587184270108 310.48408431426344 255.33235784786075 1.39204 1.5452502 3.4593487 -8.621824 1.5218887 17.345306 1.5539173 87.91924570820444 
Car -1 -1 0 0.0 192.363455784261 194.2778030960957 321.35576527653245 1.4542205 1.606093 3.7704537 -7.7001505 1.5750829 10.236045 1.5261557 50.60581825026296 
Car -1 -1 0 235.76888179862746 183.70675130954928 330.3406725193848 228.1662882519899 1.4728589 1.6430548 3.9401765 -11.499406 1.4228704 25.791153 1.5624996 49.528348519877206 
Car -1 -1 0 571.1273579869452 179.9892926747123 601.4464178598481 207.09894984171908 1.4662511 1.63639 3.99808 -1.1467426 1.1835761 40.884834 1.5636513 14.382168727256428 
Car -1 -1 0 391.2542874113433 183.8630791314016 447.78873530721927 217.97340668657353 1.4724907 1.6258372 4.3873425 -8.594551 1.4141002 33.255478 1.5319833 17.058789340199407 
Car -1 -1 0 502.4762048344997 182.96113866492243 538.8184958375967 210.0579356252008 1.4603468 1.5710385 3.695387 -4.841185 1.3388402 40.59761 1.5812389 6.240876880774292 
Car -1 -1 0 333.0947028421063 180.89810415270873 386.61567286442937 211.28435398745398 1.5652567 1.6493106 3.973921 -13.358283 1.3428488 39.041893 1.5389948 2.551906463204764 
Car -1 -1 0 347.53323728816537 184.82527169446985 416.5620855583257 226.6772741719216 1.4555461 1.5704706 3.7742765 -8.340395 1.4419677 26.924618 1.5209086 3.1019363662410466 

