Car -1 -1 0 744.1205571156181 180.88311102370926 865.322990831607 264.4639725598055 1.5836895 1.6068453 3.5146587 4.1270766 1.779289 15.795813 1.5392572 71.83963731672502 
Car -1 -1 0 801.8809844834192 192.62039261730527 1035.2101085455015 330.98429280739447 1.43538 1.6367083 4.0126314 3.994031 1.7674127 10.09243 1.5980182 98.2912761778568 
Car -1 -1 0 721.1341546292431 182.77711063252758 798.9563654262575 240.29458116712877 1.4614468 1.609946 3.9465446 4.278534 1.7783208 21.03342 1.6156816 46.87552425878857 
Car -1 -1 0 459.01203564746123 186.2634111082736 531.679963199613 231.90191124421403 1.4378301 1.6496035 4.0365663 -4.0248113 1.9605572 26.04208 1.661961 53.9557359376793 
Car -1 -1 0 563.6322296641164 180.8147125114045 592.656884988394 201.96518194795036 1.4590397 1.5679512 3.5600033 -2.2755723 2.064748 53.037907 1.6923143 9.943596555586003 
Car -1 -1 0 703.9200811291554 182.47984652359904 763.0394285281915 226.2574515289905 1.4454161 1.6177849 3.6982305 4.476793 1.82402 26.512003 1.5942032 21.579939356906454 
Car -1 -1 0 688.9122522157209 181.4336954259581 739.0975435563458 218.42598640617234 1.4749229 1.5679814 3.8634384 4.5102925 1.8740448 31.618546 1.5508956 15.729096263696983 
Car -1 -1 0 521.7116569417681 182.7362328557766 564.0743756306066 214.19995608168992 1.4706117 1.5640366 3.8724 -3.3593884 2.0039463 36.95602 1.638536 4.177767688443515 
Car -1 -1 0 510.79024947428036 184.2884222519411 567.0347103270776 223.64941850901863 1.5531474 1.5859431 4.0199122 -3.0388906 2.0901446 31.787893 1.7047367 0.27234336733818054 

