Car -1 -1 0 738.7739950982177 184.19144726718022 913.50751173178 243.79919529208897 1.5035007 1.7203952 4.193488 5.7647696 1.8250934 19.514326 -0.04443176 125.49279994455325 
Car -1 -1 0 928.5177354082596 186.16619552999518 1242.0 310.608145247596 1.4946585 1.545697 3.4634027 6.369572 1.6902012 9.725855 -0.058520585 59.970122869286996 
Car -1 -1 0 371.92563092377804 182.1779564739747 496.5861568933941 223.8378845606657 1.5147423 1.6405525 4.3389893 -6.5987005 1.8802137 27.445724 0.007456078 62.24701682040395 
Car -1 -1 0 636.4133936697211 181.87751708603696 677.3874430169363 215.2705231171006 1.4261863 1.5554006 3.9640563 2.1687663 1.8752241 33.902473 1.5421858 31.79589153086145 
Car -1 -1 0 157.11275010397793 175.72973698474985 398.18946877535393 267.5717264951327 1.6673316 1.6765299 3.9579496 -6.342686 1.7276407 14.14634 -0.07572242 61.31111379667949 
Car -1 -1 0 273.5396488306538 184.76715637671828 443.3187313026052 242.31034704723726 1.4403005 1.5749171 3.9700108 -6.586301 1.7704709 19.194777 -0.0075800517 25.32533766856187 
Car -1 -1 0 0.0 184.6663321425297 339.07764258322885 323.128646562047 1.5687411 1.5856562 3.9121547 -5.6968756 1.7332151 9.184301 0.035802785 96.09508921068392 
Car -1 -1 0 71.0498345686559 189.8870535234006 376.52552081623946 291.3259340986053 1.4538122 1.5883626 4.0300603 -5.982631 1.744969 11.480604 0.029414222 45.26177443867807 
Car -1 -1 0 205.36324411418155 184.16262887868368 413.6357368170931 252.29455421434696 1.4619248 1.602092 4.13653 -6.7953973 1.7364273 16.642963 -0.034273706 13.303419369044422 
Car -1 -1 0 620.5479904074998 177.09064450803965 641.6723533824396 195.44565553242813 1.4901557 1.5722771 3.6293523 1.857044 1.8612704 61.324932 1.6627886 1.7785412296173237 
Car -1 -1 0 553.8078674616426 179.5832334966678 575.3442466520363 198.27200678996257 1.4121342 1.556696 3.903536 -3.6436832 1.9719307 58.00041 1.4642864 0.4151703417301178 
Car -1 -1 0 400.437028503177 176.45844011289788 491.92782489767666 211.4633575523905 1.6409905 1.6246244 4.0380287 -7.8430653 1.8193662 34.85397 0.020418568 0.31124502420425415 

