Car -1 -1 0 0.0 198.49144345540478 347.472924048866 375.0 1.4009244 1.572808 4.146535 -4.031062 1.5691245 7.017598 1.5487378 111.26627928928126 
Car -1 -1 0 379.20268386865865 186.48869837032757 480.4602081960845 247.8838293108214 1.3822929 1.5743291 3.5868685 -4.334695 1.4175131 18.074375 1.5981748 80.64017076246186 
Car -1 -1 0 451.74059335816173 181.9943352811053 511.08046753760664 221.06922590497956 1.417087 1.577555 3.9707675 -4.829095 1.3002613 28.064716 1.5828404 41.6085931440642 
Car -1 -1 0 331.367775383879 178.1738039468905 405.4554902648616 224.32852261116545 1.5755701 1.6477255 3.59818 -8.664992 1.335183 26.370176 1.5305269 36.398042095425325 
Car -1 -1 0 495.1414726645007 180.21798312351768 532.6921064588872 208.677748096772 1.4117041 1.5459213 3.8372889 -4.827368 1.1637999 37.592884 1.5489019 12.955348350515049 
Car -1 -1 0 133.34495383272971 195.90099070494367 304.23421962100645 283.2625240173866 1.6369311 1.6840713 3.8645139 -8.347814 1.9016323 15.875083 1.5714024 61.52540681847321 
Car -1 -1 0 579.3744789937214 177.13684736558554 608.4680497914532 205.26709071604992 1.4415436 1.483408 2.6145356 -0.6779221 1.0275402 38.148792 1.5755503 15.004548835394692 
Car -1 -1 0 159.83942629713164 166.559116562847 283.7474583518808 232.24425715616096 1.9348907 1.8322896 4.4544473 -12.374241 1.3853228 23.445684 1.5207025 4.977337645128902 
Car -1 -1 0 482.8774596504018 167.13532803491816 523.6418763872907 182.1936047265114 1.4778054 1.6077087 3.8768497 -10.351796 -0.30538517 71.76938 -0.035237167 0.3316649794578552 
Car -1 -1 0 614.8528186587748 178.4215154999092 636.8912390047686 199.4847808264552 1.545816 1.5761378 4.1058693 1.3927336 1.0471964 54.809677 1.5714095 0.30089083313941956 
Car -1 -1 0 323.7600988481691 180.70468591551725 387.6497730757538 213.19082366108321 1.5281402 1.5989548 3.6565208 -12.417079 1.3159432 35.714012 1.6712123 0.5589991794822099 

