Car -1 -1 0 329.610000879029 181.6000096529863 408.8405259209581 225.20822591960598 1.4125924 1.570958 3.7790697 -8.232801 1.2954701 25.186134 1.556762 68.1327522945735 
Car -1 -1 0 557.030185163779 177.65946934042074 606.1647654185975 223.2369797287973 1.5498365 1.6718416 3.2708435 -0.9307082 1.2928914 26.109413 1.5339108 40.24918479725997 
Car -1 -1 0 399.3719879931146 175.26901373184194 509.2487521051125 257.53011671300607 1.6346556 1.697969 4.1395984 -3.3222766 1.4369996 16.371138 1.5508077 89.16966272560944 
Car -1 -1 0 94.55799983390493 176.94314076299153 294.92855682331367 271.6349024236396 1.5752413 1.6479485 3.892854 -7.70744 1.4376235 13.906406 1.5690006 111.94395537411256 
Car -1 -1 0 292.60569000700866 179.86402200446736 354.87801379147123 213.24177669513017 1.4374837 1.5965155 3.5080078 -12.8358965 1.2070024 32.749626 1.5223972 19.2932175393648 
Car -1 -1 0 481.9306600080113 179.10737790477472 529.6796311777615 215.76179391658937 1.432212 1.5834869 3.664589 -4.1617656 1.1935393 29.944849 1.5387616 20.463229300834517 
Car -1 -1 0 205.7675338327886 181.36972050099897 297.3740473638486 224.05784301048712 1.4487875 1.6080173 3.6197639 -12.856218 1.3182592 26.22275 1.5508275 13.794892483409793 
Car -1 -1 0 416.1156387198575 176.07194266592063 459.9364183342394 205.6601700231121 1.4702116 1.574287 3.4869993 -8.768273 1.0158669 37.48905 1.5360918 6.456317208053922 
Car -1 -1 0 312.5313400658419 178.56216334643975 418.7101855279526 214.67886708588898 1.4881127 1.6145537 3.960706 -10.215547 1.2139678 30.548641 0.062656425 1.0731722581067433 

