Car -1 -1 0 432.6163719319358 182.5400580422769 501.56242966648267 227.6276122432771 1.3824496 1.5567299 3.6541007 -4.5654135 1.3004106 23.873016 1.5770094 68.35021052910598 
Car -1 -1 0 16.931239116030316 183.2525097481521 236.88325649370313 280.11242287379173 1.4938033 1.5891434 3.6217825 -8.348773 1.4635264 12.9144 1.54873 103.41088840215063 
Car -1 -1 0 263.7382461194655 182.32560544342275 365.9285599117958 235.64070429254744 1.4645202 1.6119812 3.9307325 -8.69981 1.3851318 21.739513 1.5347276 27.91606517458162 
Car -1 -1 0 297.871585754753 186.54830900820497 440.88239082816085 267.77068489396584 1.4136963 1.587386 4.003381 -4.6246724 1.4444432 14.581796 1.5676749 115.98839637312318 
Car -1 -1 0 160.56790490648174 178.3988069400093 276.2418038746069 230.67400148589286 1.5169326 1.6036603 3.8274214 -12.164058 1.3191186 22.775976 1.567855 62.71530431290873 
Car -1 -1 0 575.6030229199652 175.1125941375585 609.8779522256095 207.1108221130007 1.5161363 1.6240292 3.6252606 -0.6889901 1.0374322 35.875267 1.5684688 19.49931910342725 
Car -1 -1 0 457.7367055500997 176.7684359599572 509.22694221158866 212.18577678625255 1.487787 1.5671475 3.6249704 -5.4487276 1.1329403 32.033226 1.6019633 19.226907639966385 
Car -1 -1 0 368.02219361319754 179.4164742500094 427.97825030619765 214.08681821947758 1.4458323 1.5670712 3.5155168 -9.166929 1.2039914 31.750349 1.5899158 13.110457860833472 
Car -1 -1 0 436.81248120230407 171.5923234043352 477.8413334140057 201.34348713983948 1.6917474 1.6288462 4.0588875 -8.888047 0.91707826 42.911522 1.5638614 0.25336751341819763 

