Car -1 -1 0 628.9360020831411 180.31741653095162 682.0541108209667 217.90183616973425 1.4600984 1.6148746 4.165882 1.9029379 1.803463 31.040834 1.4685032 47.77792774164866 
Car -1 -1 0 765.4645739127714 188.10181741357465 992.0547908358292 260.2804510158122 1.4168037 1.6144378 4.28538 5.690922 1.765203 15.527438 -0.07190548 66.20805828336712 
Car -1 -1 0 819.9821155707027 189.2085428259285 1071.775464821963 281.6449343752211 1.4541137 1.5471067 3.6930323 5.7520313 1.7597774 12.578427 -0.07346365 90.26145469233026 
Car -1 -1 0 909.461152931418 188.5905487798326 1242.0 304.8404516755828 1.4339726 1.5492383 3.7974067 6.402155 1.6741257 10.081658 -0.083140925 42.984297596970556 
Car -1 -1 0 0.0 177.83243772969143 318.9139617434985 292.2111510423002 1.6432052 1.6700268 3.9634566 -6.907049 1.7285588 11.410005 -0.06424671 105.79784655040177 
Car -1 -1 0 375.79518589159613 180.14810704447413 491.47288587430126 219.7506687198285 1.4638927 1.5983255 4.0602818 -6.713255 1.753094 27.790277 0.009152981 16.69761332481174 
Car -1 -1 0 758.3897587605719 173.24326208270259 936.9277241931516 247.4897663357262 1.7380489 1.6420925 3.859223 5.803116 1.7481863 17.845747 -0.06531459 28.46669928289409 
Car -1 -1 0 348.8155033722728 180.21846081058453 474.41437845045664 225.14194761643853 1.5045643 1.604453 3.9517665 -6.852236 1.7702903 25.231737 0.00036476986 30.52553828626951 
Car -1 -1 0 101.60068607657243 162.82522519103063 375.0922655658443 267.1885349533038 1.8865945 1.6931074 4.41054 -7.01761 1.7053025 13.988509 -0.045110963 58.67436829159263 
Car -1 -1 0 385.9990849677348 153.27858197512296 426.99880549698247 177.68712408897392 1.741302 1.6422653 3.7588935 -14.986235 0.34479412 53.430653 1.6775688 2.5848175388474233 

