Car -1 -1 0 750.6584812703279 190.27406766921794 992.0401827564123 287.0977862936415 1.4980648 1.598404 3.5913126 4.4306455 1.8233151 12.493745 -0.10212542 150.17001633119293 
Car -1 -1 0 59.32827658093516 188.17955237886824 326.3246942709329 274.12432697158425 1.4768411 1.619157 4.078763 -7.704621 1.7856553 13.630875 -0.048909634 136.0498184757114 
Car -1 -1 0 709.4390376762773 191.15985017628063 917.4520295189145 269.9298298903314 1.4752731 1.562382 3.795592 4.0615506 1.870574 14.742259 -0.030552998 28.773573371420927 
Car -1 -1 0 454.1530226797963 183.27923419218888 488.79804551005583 208.98779283762008 1.6946921 1.6415273 3.7955656 -9.853095 2.465896 51.30791 1.164873 13.47586034223116 
Car -1 -1 0 982.9798773636164 190.9643607715271 1043.3224903406765 215.33924827619256 1.4637003 1.514993 3.6488402 26.858173 2.7205768 48.139835 1.3784301 29.096252909331703 
Car -1 -1 0 123.40950105906616 184.10734681817738 327.6845688098877 262.9114167009421 1.5944413 1.6136198 3.6815512 -8.368041 1.8614337 16.016342 -0.16760322 11.412649837408615 
Car -1 -1 0 169.94602393195964 178.98762482516673 351.11070670006245 250.41802162413703 1.681214 1.6469204 3.9044714 -8.766065 1.8486353 18.445877 -0.23125133 24.78977511403213 
Car -1 -1 0 1056.9870142031277 193.29191895154224 1116.936220405401 230.54989472440255 1.4302933 1.6233593 4.1906877 21.283607 2.3991518 32.10398 2.3035593 8.351391111658973 
Car -1 -1 0 223.2898482511925 184.92007473669847 375.84534318697615 240.9202124854798 1.5024607 1.5813309 3.8474345 -8.910952 1.8736242 21.028286 -0.20567687 7.744419601183504 
Car -1 -1 0 260.5836233276196 172.96895977772166 383.5026457595513 224.44816308021825 1.8306055 1.70208 4.169691 -10.675587 1.835151 27.097275 -0.30217388 2.9245668631770148 

