Car -1 -1 0 671.7589858867638 170.643345468268 759.1994267215498 235.0222895260128 1.5281485 1.5547786 3.3902214 2.6721892 1.4756746 18.876427 1.494478 78.2708794368988 
Car -1 -1 0 794.1897159206266 189.80353545326247 1187.4322960944742 375.0 1.3935964 1.6037213 4.1588616 3.1332417 1.6069705 7.0004587 1.5665337 99.80282839146928 
Car -1 -1 0 449.5111755729464 166.95667938300036 514.7210525430049 215.2586947462681 1.4897275 1.6849842 4.107872 -4.206163 1.3078426 24.350163 1.5166179 78.37074943561562 
Car -1 -1 0 721.3619664091932 175.47332356748768 877.3469391938772 283.4889125400046 1.5533192 1.5957234 3.3816397 3.0283914 1.6038504 12.189836 1.5190014 96.73097173702412 
Car -1 -1 0 645.523742634582 167.65178553301283 712.5444552788116 218.05457572606673 1.508033 1.5702972 3.6502962 2.177812 1.3523846 23.467228 1.4954321 47.57518611936513 
Car -1 -1 0 131.54135316252746 174.79479354068366 414.70746246687565 363.10462145454693 1.6129434 1.6000185 3.7748184 -3.4205048 1.6400385 8.146617 1.5184743 73.84293182364756 
Car -1 -1 0 632.9737083320476 167.4622785663051 686.8718659027494 205.960366680272 1.4484107 1.5792623 4.262961 1.9703001 1.2455583 29.332329 1.4936974 21.340970537223487 
Car -1 -1 0 483.7170357907359 167.5106003194264 528.3007964635058 205.14119735069755 1.468113 1.5384784 3.6558323 -4.250546 1.2596464 30.020409 1.5112215 2.2070181138514453 
Car -1 -1 0 605.7990090551993 165.17313545693412 630.3365229833456 184.03542936157274 1.5778723 1.6338952 3.8793223 0.70447403 0.9353508 62.3804 1.4530727 0.8809610755339667 

