Car -1 -1 0 821.5303960781112 194.29231683990542 1092.9862199144477 352.8337136865076 1.4279736 1.6067622 3.913147 3.9718142 1.754699 9.015499 1.6023164 85.93284981186488 
Car -1 -1 0 751.6011717491002 180.87062627216704 882.6365510553194 269.7798643415446 1.5615327 1.5889928 3.5341291 4.0936546 1.745621 14.781845 1.544888 80.44297203646073 
Car -1 -1 0 724.7690456957167 183.0605480556811 808.1755538503473 244.7548518724594 1.4822363 1.6088314 3.836435 4.221232 1.7916975 19.92847 1.6102716 56.305767715732735 
Car -1 -1 0 453.0095411498208 185.82236986052803 523.9841642996225 234.99395729366958 1.498385 1.6387448 3.6875715 -4.0844455 1.9792876 24.869545 1.6272182 58.9459383860052 
Car -1 -1 0 705.8123934291814 181.99839121538514 766.1683726655482 227.7455121774867 1.4502394 1.5819334 3.7075622 4.389603 1.79717 25.498995 1.5992856 30.42817260555478 
Car -1 -1 0 560.993521310416 181.32799966498166 590.5778959307045 202.81144620932963 1.4500191 1.5323086 3.6311893 -2.4034693 2.084118 52.094326 1.6967585 12.628077344986991 
Car -1 -1 0 689.7623087386019 180.3816959815322 738.9031391453017 219.17747441768026 1.4955261 1.5518236 3.9685001 4.3727946 1.8353746 30.581394 1.5828617 12.831292152031818 
Car -1 -1 0 494.9643737168152 184.78670466747545 548.1101111775438 223.88472500165102 1.4935186 1.5314916 3.7894406 -3.677507 2.0334063 30.698215 1.6466686 9.21201581038118 
Car -1 -1 0 516.2609733936714 182.19930824195748 561.394197557856 216.04133736180714 1.535631 1.5968049 4.032771 -3.46263 2.027969 35.94716 1.6381629 2.282296130945334 

