Car -1 -1 0 241.8523403919759 193.49221011756106 432.84307743962614 317.6360771473655 1.4857339 1.5697962 3.3913736 -3.8926044 1.8465704 10.908945 1.5845933 116.84127157397181 
Car -1 -1 0 657.1651399531991 182.48062360399072 709.6493818952413 224.78153265585996 1.3695085 1.5508337 3.708613 2.600408 1.742155 26.069063 1.5803926 67.45804436394866 
Car -1 -1 0 819.4017177637321 167.66845752716327 1023.1324547795241 229.7331943491226 1.5677099 1.7205216 4.65649 8.138399 1.4367268 19.1114 -0.011028402 97.35120265013572 
Car -1 -1 0 749.7714587611246 167.28954888383234 871.6791686701279 209.5635491335627 1.608896 1.6742829 4.3198385 7.878212 1.3971198 28.460367 -0.076390296 39.665227852338525 
Car -1 -1 0 405.8494433141735 190.15563275945254 466.6759198368303 234.7422792856351 1.4506098 1.5884035 4.3627987 -6.4981985 2.16244 27.448526 1.4918237 44.02782743876762 
Car -1 -1 0 1019.2526264418617 154.3552180983609 1118.6318802089604 188.49451520499588 1.6041107 1.6248171 3.7980618 22.10503 0.73490417 34.79838 -0.044094775 16.37784619753078 
Car -1 -1 0 794.6669710355607 163.127929957185 946.3620753600269 220.35327524684826 1.6941 1.6769487 4.0683584 7.966404 1.4061692 22.254393 -0.027444508 48.603915536476094 
Car -1 -1 0 313.61431601350637 193.8766745685969 419.94216864278445 256.8409939531579 1.4131933 1.5304053 3.8498209 -6.392604 2.0352845 19.418303 1.5815668 8.036076174759133 
Car -1 -1 0 1064.494434172935 153.32814576110167 1187.7477788501124 188.9485003614692 1.5157216 1.6721958 4.2367387 22.551739 0.6848549 31.593624 -0.025894389 7.3791184232168385 
Car -1 -1 0 985.5318688242259 157.1119118614112 1075.7436862766513 186.92092470530773 1.5387104 1.6186007 3.8090894 22.169487 0.7261199 38.07765 0.0122758495 3.749724658137066 
Car -1 -1 0 474.7404024494622 184.18724852125462 517.6193429254967 212.47986768538183 1.4910264 1.5842277 4.1717396 -6.5183635 2.18212 41.86629 1.6353095 1.207011202929403 
Car -1 -1 0 936.299287674412 161.08587942304058 988.5138114874553 187.8725603981754 1.4735032 1.6313832 3.8626287 20.329882 0.8261528 41.72295 1.7217658 0.6090058663561476 
Car -1 -1 0 748.7722011154605 179.5482887823152 817.7552080214206 224.05702814463902 1.4208716 1.6391239 3.750442 6.0492477 1.6751208 25.504667 1.6013271 0.2630850672721863 

