Car -1 -1 0 710.8566849633455 186.26493640466302 878.5822792679222 305.5595103834684 1.497334 1.6097214 4.0651894 2.7298157 1.7500134 11.554882 1.5617102 111.6572145734657 
Car -1 -1 0 309.3308409002588 190.7459200857967 486.29777963069915 311.82791634845705 1.4682392 1.5745075 4.2050447 -3.1097598 1.8049462 11.4748335 1.5723532 94.04508331377023 
Car -1 -1 0 495.0409179993525 187.5252269338787 553.2040376885186 237.26872664194357 1.4652059 1.5924327 4.016773 -2.8165188 2.0041146 24.47638 1.5461379 54.80389123238329 
Car -1 -1 0 0.6959782496201579 202.3665612325556 423.20620841786814 375.0 1.4219618 1.6460088 3.6334848 -2.8180563 1.746381 6.091543 1.5415647 63.52699902401299 
Car -1 -1 0 686.2427976179157 188.9138640985328 783.6628982854247 262.36360152648524 1.4379346 1.5782702 3.7411072 2.798941 1.8543499 16.828321 1.558142 53.769438812755205 
Car -1 -1 0 654.0320346851665 174.0719004882583 712.7484630146537 228.58246032221086 1.863081 1.59882 3.7170358 2.6526635 1.9112606 26.644821 1.5167384 43.767225180447305 
Car -1 -1 0 660.7962085192224 186.662132378093 734.0577773983888 241.05729233464587 1.4401563 1.5481031 3.8106568 2.5904841 1.8993504 22.044317 1.5072037 50.874315969010226 
Car -1 -1 0 633.3860893120078 182.2186872188489 661.7711507283979 207.85180433803677 1.4867258 1.4965807 3.6808443 2.3386283 2.095697 45.063385 1.5478368 23.037603063628367 
Car -1 -1 0 531.2148455363578 183.86167348869787 567.4087770516951 218.25517227741463 1.5217338 1.5371232 3.9411414 -2.8882666 2.0889225 35.188316 1.5444524 22.021862777210483 
Car -1 -1 0 563.0632616963254 181.90333424140027 584.2129611509599 200.2370166289731 1.474302 1.6295334 3.872452 -3.0519333 2.2746127 61.87374 1.5685085 6.379601422819233 

