Car -1 -1 0 683.9492529977763 180.9509928618976 808.8078060274116 265.03952896355565 1.4677975 1.6414523 4.2994285 2.6993876 1.6628656 15.19908 1.5267025 87.92849217426071 
Car -1 -1 0 667.4358504413079 177.85054005132025 728.1019028215355 221.24153844580934 1.4045886 1.5442456 4.1793394 3.0865006 1.5989696 25.956678 1.5386422 51.888216326258124 
Car -1 -1 0 0.0 195.2953336285072 263.4116671768879 337.6031946707757 1.4347341 1.5904907 3.9632378 -6.422745 1.7278445 8.495714 0.06819248 62.849766484770015 
Car -1 -1 0 5.5206480819381145 189.03076212273098 329.25167131223355 297.6353809203012 1.4838207 1.606049 3.9128335 -6.5184026 1.7478864 10.942612 -0.016712213 47.71175343146677 
Car -1 -1 0 124.79308972618149 180.9494331174513 373.85959851997376 273.7208664793367 1.5674268 1.5878878 3.8564975 -6.546161 1.7277579 13.324722 0.09075533 48.22235930751672 
Car -1 -1 0 296.4978783430749 185.9253434472292 472.84977888390574 244.2476551412628 1.4255383 1.6059501 4.1370215 -5.8484077 1.787359 19.018192 0.074297704 88.86576862478896 
Car -1 -1 0 317.9762318858223 180.9797887898315 466.3303663798585 234.6410923454001 1.522373 1.6232136 3.9664178 -6.419384 1.7754178 21.601187 -0.028708503 18.127598877644832 
Car -1 -1 0 642.0809251836413 173.04259388060171 677.4979151312392 201.21881431912655 1.6888287 1.691455 4.1335087 3.1106496 1.7012459 45.391808 1.5078049 10.393738205791507 
Car -1 -1 0 346.2428751688977 167.70766393283782 473.55540189142954 222.24684778580774 1.7505774 1.6429608 3.775581 -6.5665855 1.5853922 23.989685 0.0045433436 11.724286818923005 
Car -1 -1 0 98.64083380350147 169.0008356259411 182.96835954758302 204.68490604806493 1.5055292 1.6186424 3.4980507 -20.833275 1.342962 32.22863 1.5217714 3.9107364222561927 

