Car -1 -1 0 195.61026849797744 196.190772939193 390.8168295111355 293.3809969082339 1.428283 1.7201836 4.3519855 -5.789629 1.9480906 13.866979 1.6057081 131.95917230253934 
Car -1 -1 0 686.2302716176376 182.40401018595892 753.8565517154364 231.6252064021729 1.4185809 1.5378796 3.5887926 3.4872522 1.7512246 23.31617 1.5413247 72.38756936740346 
Car -1 -1 0 723.6368346335488 179.27880008993444 863.5314029641194 277.816715799315 1.5338349 1.6287293 4.0445957 3.253099 1.672363 13.5268135 1.5811323 96.4565310009172 
Car -1 -1 0 344.4739083465246 190.80511152846657 443.3307216673507 253.63233981822145 1.4668624 1.5395042 3.6305974 -5.7734294 2.0033028 19.728073 1.5957463 59.750992884194275 
Car -1 -1 0 783.339266529051 182.71033950873633 1104.0217894529274 363.4743550714727 1.4606806 1.6651657 3.973869 3.2931108 1.5981207 8.055293 1.5471388 87.81185825751419 
Car -1 -1 0 427.9360538443972 185.49833445926797 503.33937928701414 228.05558686710756 1.4852219 1.6646239 4.342036 -5.633411 2.0291238 28.779943 1.6948959 29.52354774196733 
Car -1 -1 0 651.6693244298201 178.69129229003747 692.2933794747408 209.52286562785008 1.500679 1.555095 3.7655587 3.217365 1.8219786 37.783306 1.5016392 12.375097761486694 
Car -1 -1 0 667.3390941031844 180.30219772870672 724.0085234145341 221.40522024561938 1.5045612 1.6287651 4.1353045 3.414411 1.8284733 29.276175 1.5253005 12.300661196007285 
Car -1 -1 0 646.8217958165479 180.68087546282626 682.9767961025996 207.42899175125956 1.5047213 1.5872791 3.344098 3.2859132 1.9939951 43.35852 1.4653692 0.9572560717088088 
Car -1 -1 0 497.437814402795 180.855636242061 532.6823617128969 207.21391887374565 1.4808723 1.5477965 3.6292768 -5.652101 1.9835324 43.48989 1.6005987 0.6191461953976543 

