Car -1 -1 0 655.7656274002081 177.68519956623828 707.6451618303558 219.95618181291573 1.5649027 1.5997288 3.9259353 2.8449266 1.7733679 29.149836 1.5430715 57.451958414349896 
Car -1 -1 0 394.71620757388996 191.64234275336923 466.3859908751998 238.514259528253 1.4494084 1.5787483 3.5938075 -6.2579055 2.1627336 25.58018 1.5930094 50.04541428723371 
Car -1 -1 0 435.95312403988765 190.13345555423277 492.57617542069204 228.65904093746892 1.4608319 1.5704434 3.9235017 -6.1891 2.253346 31.113947 1.5934688 36.37736063122615 
Car -1 -1 0 99.61187299734166 201.35589195074996 188.63535816906054 240.64882719502302 1.5103483 1.569399 3.6833472 -20.705925 2.8584042 32.274254 1.5846498 44.53895451210237 
Car -1 -1 0 475.8335345611338 181.51958741719676 516.7068242235047 215.75520442213212 1.7267225 1.6362009 4.1663675 -6.1497035 2.2267966 39.545067 1.5579939 21.32384961349355 
Car -1 -1 0 51.69300081797396 205.60432848001003 144.64545676403495 242.6188632931595 1.4277203 1.6005777 3.8576987 -23.41705 3.0236726 33.216637 1.5507095 19.29623555105065 
Car -1 -1 0 0.0 208.27453283488043 93.28264946319526 247.22204315624202 1.5032659 1.6714187 3.7019248 -25.827131 3.220159 33.108482 1.5528314 22.21175972029448 
Car -1 -1 0 627.540561803935 176.69791004908956 642.6053499554822 191.33277408596663 1.5295366 1.5819988 3.4610968 2.7425113 1.9547825 78.07539 1.5924909 1.4311052700532378 
Car -1 -1 0 536.3446702404257 182.05787956258524 559.436886884007 197.9918129070515 1.4818213 1.5848346 4.06903 -6.0906034 2.4222734 71.62697 1.6645485 0.8839986952063653 
Car -1 -1 0 162.07006692279904 201.55905607977377 244.89566848332578 239.0467922029484 1.4395118 1.5880337 3.6085753 -18.100159 2.7990437 32.34233 1.6061406 1.1137953653198835 
Car -1 -1 0 512.8783601937434 181.78979152037974 544.0908254472834 202.37075412011004 1.4711668 1.5467868 4.271401 -6.3106203 2.190573 55.819237 1.2498558 0.2799789011478424 

