Car -1 -1 0 785.4336176112407 192.20595681192214 1134.2403263514404 375.0 1.4292746 1.552381 3.518689 2.8366969 1.6568046 6.7208977 1.574959 105.37264270895948 
Car -1 -1 0 712.263915986736 178.19393794689165 840.7272772175576 220.89780799415362 1.40927 1.5837728 4.0606976 5.7668915 1.6029978 25.125526 -0.13145009 32.945392461789496 
Car -1 -1 0 212.78161000406448 173.53913642245107 420.1961693278547 244.5371608765365 1.5402383 1.6662161 4.076112 -6.599753 1.5567563 16.532732 0.014694419 31.697730419341557 
Car -1 -1 0 635.0942161765639 173.22156235351733 672.1056766081618 201.4830316363742 1.5068871 1.6388271 4.2038965 2.429257 1.5286918 40.66573 1.5238411 22.434114020132213 
Car -1 -1 0 138.22907972010748 177.17972120937438 394.5597013671132 259.99810960146755 1.4958863 1.6378118 4.189328 -6.505864 1.585179 14.00959 -0.031557597 44.49109406978098 
Car -1 -1 0 0.0 171.7357393598897 325.16585995507785 309.1729363069743 1.5736146 1.6189713 4.075373 -5.9668026 1.5608108 9.16485 0.04656569 73.40606597639932 
Car -1 -1 0 739.9425948926313 178.630717529462 877.6614654908979 228.60488841454017 1.458312 1.5671418 3.776086 6.0690203 1.6434572 22.19769 -0.077709936 34.36468267612313 
Car -1 -1 0 293.5764227899791 169.45962064983132 452.9738430024624 229.18426329777168 1.6654894 1.7011255 4.127991 -6.798446 1.5708332 21.085772 -0.056059945 53.78311510387835 
Car -1 -1 0 857.974902286002 171.29645266961774 1156.192095775212 283.21707016376655 1.689043 1.630683 3.966441 6.324337 1.6655374 11.833388 0.06599108 64.71271914204287 
Car -1 -1 0 785.7566080086416 180.3449891654119 960.9854256966478 246.0491495780197 1.4684658 1.5572449 3.5900235 6.182716 1.6551735 17.150043 -0.030949607 39.20242553967291 
Car -1 -1 0 816.7607086095628 177.8367102608176 1050.3576109511264 259.66582431780677 1.5123022 1.5773855 3.8960903 6.2585306 1.6159878 14.222927 0.001503599 19.176907715578746 
Car -1 -1 0 32.04267404074427 173.29122753516313 323.27049983775447 273.1815829860387 1.5119584 1.5883871 3.7811437 -6.8602066 1.5195538 11.73143 -0.0047026146 39.29545394084552 
Car -1 -1 0 713.8821507533756 170.41132731883516 828.1262094835432 218.2858212662696 1.7453444 1.6795241 3.8941813 6.0585966 1.6562926 27.31273 -0.088126585 13.350299742084838 
Car -1 -1 0 773.4217330859657 177.17358818812494 931.4164384201167 234.11374223782536 1.4840347 1.5838315 3.8037896 6.609152 1.6083423 19.85389 -0.06311381 6.466137315559824 
Car -1 -1 0 452.3856517476596 172.7245274729868 532.5882687889851 202.4437860334364 1.5046693 1.595768 3.8283238 -6.0611687 1.498114 37.549847 0.11861759 7.297878343510952 
Car -1 -1 0 327.3142751586882 160.07928824351262 472.7083669772754 218.83065257433628 1.8380042 1.6451414 4.2895384 -6.7338514 1.4383543 23.51276 -0.055295005 19.534049744329458 
Car -1 -1 0 431.7003892343332 172.372638622269 518.1714428293584 205.47763263870513 1.5611794 1.6174557 3.8534102 -6.466452 1.538479 34.89755 0.032530565 6.054160993571837 

