Car -1 -1 0 629.1741848363755 180.00655814520465 680.2457195182651 216.7941472628864 1.4776081 1.6186626 4.2736273 1.932373 1.8170683 32.04106 1.4771655 47.17362582960597 
Car -1 -1 0 759.8532060754737 187.77555646060878 969.3536416215359 256.16827778670057 1.4293047 1.6008925 4.225481 5.733333 1.7901397 16.475853 -0.08281395 49.94702571875053 
Car -1 -1 0 806.0828749958174 186.20778676070046 1046.2393173784299 273.153030499049 1.48879 1.5762641 3.8422306 5.843402 1.756907 13.562985 -0.07186109 79.23633021820592 
Car -1 -1 0 939.4011739867143 192.2335080341594 1242.0 333.7047417072414 1.471803 1.5793335 3.7157407 6.1382446 1.7248538 8.579433 -0.028427038 82.99652728698624 
Car -1 -1 0 883.9885205084819 187.71012673498686 1184.9673028903967 295.7182753542358 1.4691081 1.5669241 3.7751815 6.383463 1.716532 11.048776 -0.10011523 39.70722569734914 
Car -1 -1 0 45.082441709587506 178.29633085908011 344.21524221296147 283.2721506481049 1.6383166 1.6884037 4.1199293 -6.9055023 1.7392237 12.371635 -0.080197334 89.50104062233062 
Car -1 -1 0 388.5714850207899 179.9856576460272 498.2704658799393 218.18925841883026 1.4623437 1.5936264 3.990519 -6.5964665 1.756738 28.872286 0.058830738 17.130307421049245 
Car -1 -1 0 750.4986785650818 173.3711669161235 918.1990333354933 244.6883606214857 1.7654412 1.6748976 3.834144 5.785984 1.7796316 18.83686 -0.06565114 24.11586329276569 
Car -1 -1 0 620.1266064443171 177.38828320696538 647.6176082557346 202.0451451768324 1.5213606 1.5378593 3.7346382 1.5523865 1.8293097 47.110054 1.5348669 3.4288777525318928 
Car -1 -1 0 141.06857589912084 160.54038277173302 391.55427305751795 258.4275304522591 1.900013 1.7028778 4.367903 -6.947288 1.6610026 14.947712 -0.04204895 36.92850820831537 
Car -1 -1 0 360.5089747096859 180.38905062186794 477.68789381364826 224.13008108986173 1.520935 1.5824792 3.8311782 -6.840028 1.8023899 26.15699 -0.0016692773 4.066539346140939 
Car -1 -1 0 446.6580422067755 175.7744112860677 524.0669872043128 205.1354594643841 1.5768207 1.6100252 3.9853725 -6.7933264 1.7408507 39.718513 -0.0014775004 0.6164981010341462 
Car -1 -1 0 391.23264830779726 154.6131084345506 430.97642753541015 178.36391141672968 1.728823 1.6975577 3.8041673 -14.935284 0.40106663 54.48447 1.6505787 0.9037696122767 

